3103 2
335 1
3104 2
2080 2
2814 1
2117 1
721 2
2793 1
1328 2
2390 2
2536 2
2641 2
2733 1
2539 2
2760 1
3170 1
173 2
188 2
2169 1
1366 1
2387 1
1403 1
3169 1
1648 2
433 1
608 1
332 1
2465 2
341 1
2079 2
859 1
1623 1
1133 2
1622 1
3130 1
2293 1
2327 2
2764 1
1759 1
3260 1
1630 2
1468 2
1127 1
1621 1
631 2
1137 1
2645 2
468 2
810 1
654 1
467 2
466 2
1435 2
1316 1
1865 1
527 1
2581 2
2898 2
2897 2
2986 2
432 2
511 2
2362 2
2418 1
718 2
1908 2
1892 1
2432 1
2880 2
2505 1
3216 2
934 1
1421 2
2881 2
2155 2
69 1
2985 2
464 2
465 2
1148 1
1042 1
2365 1
2594 2
2818 2
378 2
2987 2
1459 1
3069 1
2984 2
2436 1
1091 1
2804 2
2512 1
205 2
1174 1
2492 2
760 2
3007 2
700 1
1072 2
666 2
2200 2
2510 1
497 2
162 2
3015 1
1250 2
2459 2
200 2
1628 2
472 2
1235 1
771 2
912 2
2860 2
2377 1
1431 2
1067 1
919 2
2547 1
3193 1
2095 2
3210 2
3248 2
2925 2
2393 2
1928 1
1360 2
3209 2
3208 2
1428 1
1697 1
2859 1
2401 1
2034 1
2487 2
2901 2
2305 1
3016 1
875 2
1473 1
408 2
437 1
3143 1
1554 1
2397 2
2755 1
498 2
898 1
2193 2
2194 2
665 2
2204 2
672 2
924 1
2017 1
3242 1
633 2
1311 1
62 2
829 2
2018 1
2858 1
3172 1
161 2
2940 1
585 2
1220 2
2238 2
1041 1
1500 2
1696 2
3179 1
305 2
118 2
1918 1
2410 2
596 2
1993 1
1713 1
1452 1
2184 1
1673 2
1502 2
1501 2
2076 1
1128 2
2408 1
1953 2
2306 1
3163 1
3271 2
2961 1
832 2
1405 2
2208 1
1676 2
3207 1
1077 1
2041 2
857 1
1661 2
722 2
785 1
1013 1
2264 1
1037 2
2637 1
2636 1
3064 1
1289 1
2188 1
2450 2
1632 1
1986 1
1677 2
97 2
1987 1
732 1
1679 2
1504 1
1678 2
593 2
3063 1
694 2
1050 1
1799 2
3085 1
2329 1
1660 2
958 1
2404 1
817 2
3217 2
1854 2
2902 2
1654 1
1768 1
1857 2
2623 1
2473 1
2137 1
959 2
3175 1
122 2
1988 2
1680 2
3140 2
1355 1
155 2
461 2
202 2
2179 1
500 2
583 2
622 1
1764 1
2196 1
1434 1
1961 1
1059 2
1921 1
3142 2
261 2
1656 2
1685 2
2598 2
2937 1
827 2
2780 1
1634 1
1681 2
2039 2
1514 2
2399 1
1705 1
1682 2
2037 1
2782 1
861 1
2522 1
123 2
2038 1
751 2
3167 2
1291 2
942 2
2040 1
224 2
254 2
140 2
1873 2
1440 2
539 2
2438 1
1633 1
2564 2
3083 2
1065 1
258 2
1683 1
170 2
1692 2
1528 1
592 2
2206 1
2886 2
1135 1
2631 1
1186 2
688 2
1351 1
1225 2
1995 1
1541 2
748 1
334 1
1829 2
3182 2
3014 2
2385 1
2620 1
1715 1
369 2
1636 1
2714 1
1635 1
1933 1
1638 1
1637 1
1639 1
1169 1
517 2
2447 2
935 2
2677 1
1433 1
940 1
3237 2
3236 2
2958 1
1926 1
1793 2
370 2
565 2
1582 1
697 1
2185 1
352 2
2523 1
2482 1
1641 1
1640 1
171 2
1643 1
1642 1
1416 2
1712 1
1062 1
2642 1
2586 2
2010 1
1191 1
965 2
1278 1
1940 1
1646 1
1277 1
2609 2
1517 2
521 2
3188 1
1264 1
1875 2
3018 1
933 2
1296 1
1471 2
948 1
2325 2
513 2
2463 1
1163 2
1443 2
2001 2
3084 2
1115 2
1900 2
313 2
312 2
1204 1
2499 1
2887 2
385 2
434 2
2635 1
2055 1
469 2
304 2
216 2
2343 1
2368 1
2735 1
1027 1
928 2
1494 1
1518 1
2504 2
1304 2
196 2
1784 1
582 2
2610 1
1300 2
1299 2
2163 2
2578 1
1301 2
805 1
1943 2
2502 2
893 2
3267 1
3087 1
1479 2
2517 2
733 2
293 2
2056 1
388 2
2042 2
88 2
3036 1
551 1
2708 1
2254 1
3001 1
2406 1
2338 2
92 2
1716 1
635 2
2766 2
1121 2
1629 1
1561 2
1442 2
1295 1
2611 1
2359 2
533 2
2817 2
894 2
1881 1
809 1
2589 1
1281 2
637 2
1170 1
18 2
19 2
1305 2
1935 1
2524 2
1525 1
1936 1
772 1
2619 1
338 1
2711 1
1689 2
1393 1
1306 1
1740 1
825 2
2334 2
145 2
734 2
2664 2
897 1
23 2
2613 1
24 2
1233 1
20 2
21 2
22 2
1092 2
2058 2
1960 2
773 1
856 1
1499 1
1373 1
1612 1
1951 2
946 1
3004 1
2948 1
770 2
2411 2
2822 2
892 2
920 2
1529 1
1282 2
194 2
2784 1
2372 1
1196 2
2787 1
807 2
2788 1
2710 1
3166 2
428 2
2029 1
1353 1
296 2
297 2
1207 2
693 1
2252 2
719 2
3038 2
3037 2
86 2
1201 2
3039 2
2750 1
1751 1
267 2
1859 2
504 2
2024 2
1082 2
2701 1
1753 2
1208 1
3132 2
3093 2
270 2
2789 1
271 2
1922 1
2283 2
2023 1
1476 2
1883 1
3059 1
2069 1
2700 1
3270 2
2942 1
2351 2
1786 2
269 2
1691 1
2172 2
505 2
183 2
302 2
2652 1
1834 2
1919 1
871 2
923 2
2680 1
176 2
2679 1
2471 1
1974 1
2414 2
2484 2
930 1
2734 2
2483 2
2545 1
1662 2
1166 1
2882 2
2261 2
2988 2
1230 1
2262 2
1803 1
2231 1
1398 1
1407 1
119 2
646 1
2824 2
886 2
3129 1
2757 1
1545 2
1544 2
557 2
1227 1
2685 1
945 2
581 2
478 2
480 2
1392 2
479 2
1651 2
483 2
2128 2
1080 1
482 2
481 2
2989 2
2525 2
926 2
1929 1
1308 1
2855 2
1322 1
629 2
630 2
1110 1
1659 2
1849 2
2479 2
1877 2
2085 1
398 2
605 2
1744 2
1321 1
3137 1
2571 2
668 2
131 2
2075 2
1814 1
421 2
2420 1
2813 2
2913 1
3100 1
30 2
1869 1
1444 1
1963 1
407 2
2526 2
41 2
3115 2
1054 2
3092 1
266 2
2923 1
1702 1