2333 2
1243 1
3096 1
746 2
426 1
1362 1
2122 2
2419 2
952 2
1819 2
2709 2
1195 1
2627 1
2229 1
2339 2
2195 2
3094 1
1777 2
2966 1
114 1
135 2
3190 2
55 2
1519 1
1766 2
2852 1
2833 1
2192 1
1756 1
2384 1
526 2
1039 1
628 2
249 2
716 2
699 1
3000 2
2568 2
2077 1
1531 1
1770 1
1020 2
724 1
389 2
2630 1
99 2
2851 1
2978 1
2990 2
1251 2
3218 1
515 2
843 1
390 2
2934 2
3123 1
392 2
1552 1
842 1
1140 2
391 2
400 2
457 2
1896 2
2326 2
1538 2
2626 1
602 1
2277 2
937 1
614 1
2386 1
1183 1
159 2
2102 2
2795 2
1844 2
1313 1
793 1
59 2
1789 1
1312 1
1962 1
2380 2
331 2
1184 1
1742 1
2839 2
2836 1
1698 2
2563 2
2521 2
2082 2
2618 1
2114 1
2936 1
3189 1
2767 1
146 2
1348 1
2722 1
1341 2
58 2
1342 2
263 2
686 2
1583 2
393 2
2768 1
2769 1
372 2
2442 1
1863 1
1271 1
1729 2
2004 2
1132 2
2871 2
1989 1
1343 2
3102 1
744 2
1030 1
105 2
2772 1
2723 2
502 2
3238 1
1913 2
570 2
3116 1
2715 1
2441 1
2476 1
1265 1
591 2
2771 1
2746 1
3127 1
77 2
3205 1
2118 1
76 1
987 1
1763 1
1498 1
711 2
230 2
231 2
3220 1
860 1
1188 2
1040 1
1024 1
2953 2
890 2
2014 2
1377 2
2801 2
1155 1
75 2
362 2
1371 2
1997 2
955 2
279 2
2672 2
685 2
1324 1
627 2
3262 1
1931 2
2703 1
1965 2
229 2
1598 2
192 2
1864 1
2174 1
2569 1
2054 2
2431 1
2643 2
2480 2
3171 1
1991 1
2702 1
611 1
3229 2
3228 2
2381 1
2109 2
3227 2
364 2
3226 2
3225 2
1399 2
1200 2
1202 1
61 2
1097 1
1841 2
1285 2
2167 1
783 1
520 2
1520 2
1244 2
476 2
2443 1
2716 1
1776 2
816 2
2807 1
1775 2
1144 1
1246 2
195 2
2062 2
337 1
1384 1
3230 2
241 2
1156 1
3131 1
877 2
2957 2
1587 2
1909 1
2548 2
828 2
1706 1
228 2
1032 1
2061 2
1827 2
1699 1
2572 1
449 1
1714 1
1463 2
2276 2
1569 1
2707 1
938 2
110 1
1375 1
2929 1
696 1
1477 1
915 2
1602 1
998 1
1653 1
2615 2
3245 1
905 1
3144 2
1771 2
3178 2
56 2
1287 1
201 2
1397 1
74 2
1245 2
430 2
925 2
336 1
2353 2
1056 1
184 2
1150 2
1356 2
73 2
499 2
132 2
1688 1
1372 1
3145 1
1100 1
72 2
1852 1
704 2
2115 2
705 2
2747 1
1049 1
2699 1
2511 1
3263 1
553 1
710 2
1172 1
1173 1
1193 1
1262 2
823 2
234 2
2183 1
1123 1
532 2
1567 2
714 1
2284 2
765 1
814 2
1069 1
944 2
574 2
1103 1
575 2
2861 1
2556 2
1410 2
1247 2
1248 2
1566 2
854 2
1101 1
2064 2
524 2
3234 2
2139 1
2140 1
2952 2
1999 2
2000 2
2905 2
2292 1
802 1
1365 1
197 2
198 2
2907 1
3045 1
1754 1
2906 1
2002 1
2963 1
2962 1
308 2
2250 2
1870 2
957 1
2819 1
397 2
2298 2
2170 1
757 2
1620 1
2470 2
491 2
291 2
490 2
264 2
274 2
2279 1
1113 2
2625 2
366 2
2412 2
2724 2
1811 1
1614 2
778 2
1825 2
1547 2
2053 2
402 2
2012 1
2223 1
1821 1
642 1
1599 1
1797 2
3003 1
3264 1
2177 1
2178 1
2287 2
2744 2
1752 2
1114 2
2314 2
1439 2
1228 1
68 1
2575 2
1588 2
272 1
199 2
703 2
1860 1
1938 2
3062 1
1280 1
1007 2
2434 1
1120 2
240 2
2027 2
2964 1
2092 1
2481 1
1175 1
1535 2
2616 1
954 2
715 2
2577 2
3186 2
2867 1
730 2
512 2
579 2
2868 1
1028 2
1503 2
2739 2
89 2
2409 2
2786 1
1483 1
452 2
3020 2
1906 2
65 1
2253 2
1625 2
2821 2
2247 1
43 1
2094 1
425 1
424 2
294 2
303 2
423 2
1774 2
2081 1
1891 1
1506 2
656 2
2738 1
1571 2
1098 1
2847 2
474 2
282 1
2665 1
2693 2
1773 1
1855 2
368 2
2500 2
217 2
3141 2
2110 1
460 2
2289 2
2032 1
616 1
2737 1
2119 1
1456 2
2288 2
2097 1
595 2
2888 2
2876 2
2367 1
969 1
3162 1
1616 2
115 2
1627 2
2676 1
1540 1
1730 2
1116 1
840 2
763 2
3212 2
3256 2
2462 2
2395 2
2932 1
3200 1
2647 2
3060 1
3199 1
2938 2
2134 1
2341 1
1782 2
64 1
3086 2
761 2
797 1
2444 1
1252 2
1884 1
3211 1
1493 1
1558 2
966 2
318 2
323 2
3176 2
447 2
1319 1
2346 2
1033 1
2903 2
3033 2
1693 1
1466 1
42 2
2995 1
448 2
1694 1
2275 1
2792 1
3196 2
1603 1
1181 2
1111 2
726 1
1290 1
1068 1
1562 2
2754 1
2753 1
2600 1
404 2
446 2
394 2
2646 2
885 2
932 1
3008 1
227 2
116 2
1590 2
838 2
1119 1
3203 1
414 2
451 2
177 2
2028 2
1149 1
2997 1
191 2
745 1
3223 1
2726 2
1901 2
1367 1
895 1
1835 2
178 2
2537 1
179 2
1748 2
3114 1
1747 2
3181 1
2864 2
2066 1
2152 2
818 2
2342 1
2426 1
1939 1
377 2
1026 1
1948 2
1647 2
667 2
1950 2
1537 2
1564 1
1949 2
2083 2
639 2
2651 2
3056 2
618 1
3055 2
2728 1
51 2
1808 1
599 2
1822 2
143 2
3255 2
2151 2
1109 2
523 2
858 1
1800 1
124 2
1947 2
1946 2
3006 1
762 2
142 2
439 1
3110 1
310 2
2632 2
2908 1
1609 1
3101 1
727 1
149 2
2579 2
150 2
151 2
152 2
3098 1
57 2
2016 1
1944 2
3112 1
2051 2
322 2
1945 2
1652 2
2405 1
820 2
753 2
3012 2
1887 1
67 2
3011 2
2979 2
626 2
2063 1
2534 1
2947 2
2290 1
2065 1
1615 2
2658 2
819 1
1084 1
2173 1
777 1
117 2
2591 1
2181 1
1284 1