2426 2 1
2964 3 1
2871 3 2
2753 3 1
574 5 2
2333 6 2
2470 6 2
2441 6 2
2426 6 1
2346 6 2
1150 7 2
2333 8 2
143 9 2
2905 10 2
570 10 2
938 11 2
217 12 2
201 12 2
2693 14 2
2170 15 1
2579 18 2
179 18 2
231 19 2
499 19 2
364 19 2
150 19 2
229 19 2
55 20 2
639 20 1
523 20 2
2953 22 2
2627 22 2
2746 22 2
2746 22 2
2957 22 2
2229 23 1
55 25 2
2333 26 2
2333 26 2
746 26 2
2122 26 2
1101 26 2
1101 26 2
2064 26 2
524 26 2
2140 26 2
2000 26 2
2000 26 2
1777 26 2
114 26 2
135 26 2
55 26 2
1766 26 2
2292 26 2
2384 26 2
526 26 2
628 26 2
716 26 2
699 26 2
1754 26 2
1754 26 2
2002 26 2
2002 26 2
2077 26 2
1531 26 2
1531 26 2
1770 26 2
724 26 2
99 26 2
308 26 2
2250 26 2
2250 26 2
2298 26 2
1140 26 2
1140 26 2
274 26 2
602 26 2
2277 26 2
2279 26 2
2279 26 2
614 26 2
1844 26 2
793 26 2
1789 26 2
1962 26 2
2380 26 2
1113 26 2
331 26 2
2625 26 2
1742 26 2
1811 26 2
2521 26 2
2114 26 2
2012 26 2
1821 26 2
58 26 2
1342 26 2
642 26 2
1583 26 2
1583 26 2
2178 26 2
2287 26 2
2287 26 2
1114 26 2
2314 26 2
2442 26 2
1863 26 2
68 26 2
1588 26 2
1729 26 2
1860 26 2
1989 26 2
1989 26 2
2434 26 2
744 26 2
1120 26 2
105 26 2
2092 26 2
2092 26 2
570 26 2
2715 26 2
2441 26 2
579 26 2
89 26 2
2409 26 2
2409 26 2
452 26 2
65 26 2
1625 26 2
43 26 2
2118 26 2
2118 26 2
1763 26 2
424 26 2
294 26 2
303 26 2
2081 26 2
1774 26 2
1188 26 2
656 26 2
1024 26 2
1377 26 2
1155 26 2
1155 26 2
75 26 2
1997 26 2
282 26 2
2672 26 2
627 26 2
2500 26 2
1965 26 2
2110 26 2
2289 26 2
2174 26 2
2480 26 2
2288 26 2
2097 26 2
2097 26 2
1991 26 2
969 26 2
1627 26 2
2109 26 2
763 26 2
1202 26 2
61 26 2
1097 26 2
1841 26 2
1841 26 2
2167 26 2
2395 26 2
783 26 2
1244 26 2
2134 26 2
1776 26 2
2341 26 2
816 26 2
64 26 2
1782 26 2
1775 26 2
761 26 2
797 26 2
2444 26 2
1884 26 2
337 26 2
1156 26 2
323 26 2
1032 26 2
1319 26 2
447 26 2
2061 26 2
1699 26 2
449 26 2
2346 26 2
1463 26 2
110 26 2
1693 26 2
42 26 2
1466 26 2
1375 26 2
448 26 2
1111 26 2
1653 26 2
2615 26 2
885 26 2
2646 26 2
116 26 2
56 26 2
451 26 2
1149 26 2
430 26 2
925 26 2
895 26 2
2537 26 2
2537 26 2
336 26 2
1748 26 2
2353 26 2
1747 26 2
818 26 2
1026 26 2
73 26 2
1948 26 2
667 26 2
1949 26 2
2083 26 2
2083 26 2
2651 26 2
132 26 2
51 26 2
1808 26 2
2151 26 2
1100 26 2
1852 26 2
2115 26 2
705 26 2
1800 26 2
553 26 2
1947 26 2
1946 26 2
439 26 2
1172 26 2
1173 26 2
1173 26 2
310 26 2
1193 26 2
823 26 2
823 26 2
2183 26 2
2579 26 2
57 26 2
2016 26 2
532 26 2
1567 26 2
1652 26 2
2405 26 2
820 26 2
714 26 2
2284 26 2
2284 26 2
753 26 2
765 26 2
1887 26 2
2063 26 2
2290 26 2
2065 26 2
575 26 2
777 26 2
117 26 2
2591 26 2
628 27 2
2618 27 2
802 28 1
1362 28 1
1367 28 1
816 28 2
1947 30 2
1946 30 2
397 33 2
491 33 2
391 33 2
197 33 1
152 33 2
1028 34 2
1200 34 2
955 34 2
1184 34 1
3123 35 1
2511 35 1
2864 35 2
2665 35 1
2821 35 2
3098 35 1
2819 35 1
2672 35 1
2936 35 1
2997 36 2
75 39 2
56 39 2
515 39 2
1870 45 1
1343 47 2
753 47 2
843 48 2
143 50 2
1909 51 1
1627 52 2
3228 52 2
1821 52 1
3181 52 1
3181 52 1
1599 52 1
3226 52 2
3003 52 1
1583 52 2
3256 52 2
3234 52 2
520 52 2
1271 52 1
1356 52 2
272 52 1
2627 52 2
3200 52 2
3199 52 2
2651 52 2
618 52 1
105 52 2
2966 52 1
2723 52 2
3238 52 1
2852 52 1
2833 52 1
3255 52 2
715 52 2
526 52 1
3116 52 1
2577 52 2
3145 52 1
3186 52 2
3211 52 2
704 52 2
3131 52 2
579 52 2
705 52 2
2747 52 1
2957 52 2
2957 52 2
2771 52 1
3263 52 1
1906 52 2
1699 52 1
553 52 1
3127 52 2
77 52 2
2978 52 1
3006 52 2
76 52 2
439 52 1
425 52 2
2632 52 1
3101 52 1
727 52 1
3220 52 1
3218 52 2
3196 52 2
532 52 2
2953 52 1
322 52 1
1945 52 2
1377 52 1
1562 52 1
1538 52 2
937 52 1
3012 52 2
627 52 2
3245 52 2
67 52 2
2979 52 1
2979 52 2
3008 52 2
3008 52 2
116 52 1
3178 52 1
616 52 1
2569 52 1
1397 52 1
74 52 2
2836 52 2
2563 52 2
575 52 1
3171 52 1
2724 52 2
2724 52 2
336 55 2
1950 56 2
3229 57 1
3228 57 1
3226 57 1
3220 57 1
3220 57 1
3225 57 1
2744 57 1
3234 57 1
3200 57 1
3199 57 1
3094 57 1
3102 57 1
3145 57 1
2867 57 1
3211 57 1
3178 57 1
2907 57 1
2957 57 1
3203 57 1
2839 57 1
2699 57 1
2739 57 1
2836 57 1
3171 57 1
3171 57 1
3223 57 1
3189 57 1
3162 57 1
966 58 2
2871 62 2
2702 62 2
1766 63 2
2563 63 2
2724 63 1
2747 63 1
2395 65 1
2929 66 2
2618 66 2
114 67 1
1602 69 2
1652 69 1
1590 69 1
1503 72 2
1537 72 2
1150 72 2
1603 72 1
1770 76 1
1771 76 2
230 77 2
938 78 2
424 78 2
132 78 2
2431 81 2
2419 81 2
2279 83 1
2333 83 2
1245 84 2
828 84 1
1103 84 1
1084 84 1
858 84 1
1149 86 2
423 86 2
99 86 2
1620 86 1
1463 86 2
1730 87 2
105 88 2
424 89 2
703 89 2
42 89 2
448 89 2
512 89 2
51 89 2
2381 91 2
2386 91 1
2109 91 2
2122 91 1
2178 91 1
2342 91 1
2314 91 2
1587 91 1
2054 91 1
1938 91 1
2134 91 2
1782 91 2
1625 91 1
2284 91 1
2114 91 1
2102 93 2
2114 94 2
3212 95 2
67 96 2
704 97 2
2053 98 2
1913 98 2
1730 98 2
1821 98 1
1693 98 2
1939 98 1
1752 98 1
1800 98 1
1938 98 2
1938 98 2
1647 98 2
1827 98 2
1782 98 2
1538 98 2
762 98 2
2298 99 2
2000 99 2
1287 101 2
1827 102 2
1825 102 2
1183 104 1
1262 104 1
1188 104 1
3056 107 2
1172 108 2
115 108 2
1251 108 2
840 108 2
840 108 2
1362 108 2
823 108 2
823 108 2
860 108 2
1101 108 2
515 108 2
524 108 2
842 108 2
842 108 2
1140 108 2
1140 108 2
1155 108 2
1068 108 2
744 108 2
279 108 2
1144 108 2
937 108 2
715 108 2
715 108 2
1113 108 1
858 108 2
838 108 2
1184 108 2
877 108 2
1103 108 2
1103 108 2
710 108 2
957 108 2
778 108 2
1756 109 2
2339 109 2
2181 109 2
1569 109 2
51 112 1
2333 114 2
2223 114 1
476 114 2
1747 114 2
2384 114 2
227 114 2
2152 114 2
2341 114 2
1891 114 2
2380 114 2
377 115 2
1588 115 2
3008 115 2
2651 115 1
2876 115 2
2723 115 2
2903 115 2
3096 116 2
3112 116 1
2867 116 1
3127 116 2
778 116 2
3110 116 2
2646 117 2
2500 117 2
2839 119 2
3226 119 2
3220 119 1
3225 119 2
3056 119 2
2990 119 2
318 122 1
1855 123 2
2861 124 2
1884 125 1
745 126 2
61 126 2
1439 126 2
57 127 1
2534 128 1
132 129 2
1103 132 1
1811 133 1
2082 133 1
1947 133 2
2064 133 2
1819 133 1
3229 134 2
2676 134 1
3227 134 2
2864 134 2
3225 134 2
2579 134 2
3256 134 1
3264 134 1
3234 134 2
2738 134 2
2932 134 1
3062 134 1
3102 134 1
2772 134 1
2723 134 2
3262 134 1
3255 134 1
2795 134 1
3186 134 2
3230 134 2
2699 134 1
2836 134 1
2726 134 2
2851 134 1
3189 134 1
3162 134 1
65 135 1
2288 136 2
2287 136 2
2767 138 1
3096 138 1
3228 138 2
3228 138 2
3114 138 1
3227 138 2
3227 138 2
3181 138 1
3226 138 2
3226 138 2
3225 138 2
3256 138 1
2768 138 1
2744 138 2
2769 138 1
2395 138 1
2575 138 2
2932 138 1
3200 138 2
3200 138 2
3060 138 2
2952 138 2
2938 138 1
2938 138 1
3199 138 2
3199 138 2
2871 138 2
3102 138 1
3102 138 2
3056 138 2
2807 138 1
3086 138 2
3086 138 2
3055 138 2
2966 138 1
2772 138 1
2723 138 2
3190 138 1
2964 138 2
2905 138 2
2616 138 1
3116 138 2
2577 138 2
3145 138 2
3186 138 2
3186 138 1
3211 138 2
3211 138 2
3131 138 1
3131 138 1
2907 138 2
3045 138 1
3000 138 1
2906 138 2
2906 138 2
2747 138 2
2957 138 2
2957 138 2
2771 138 1
2511 138 1
3263 138 1
3176 138 1
2962 138 2
2821 138 2
3006 138 2
2819 138 2
2903 138 2
3110 138 1
2707 138 2
2707 138 2
3033 138 1
2908 138 2
3101 138 1
3220 138 1
2579 138 2
2953 138 2
2693 138 2
2626 138 1
2600 138 1
3262 138 1
2500 138 2
3011 138 2
2703 138 1
3144 138 2
3178 138 2
2737 138 2
2569 138 1
3203 138 1
2643 138 2
2836 138 1
2724 138 2
2861 138 1
2726 138 2
2702 138 2
2556 138 2
2876 138 1
1243 140 2
1540 140 2
1627 140 2
1116 140 1
746 140 2
854 140 2
840 140 1
763 140 1
763 140 2
1362 140 2
1362 140 2
1101 140 2
1200 140 2
1097 140 2
520 140 2
1244 140 2
1195 140 2
816 140 1
135 140 2
802 140 1
802 140 2
761 140 2
761 140 2
797 140 2
797 140 2
1039 140 2
716 140 2
337 140 2
1156 140 2
877 140 2
1493 140 2
1020 140 2
1020 140 1
724 140 2
1032 140 2
449 140 2
1714 140 2
957 140 2
1463 140 2
1569 140 2
938 140 2
1466 140 2
42 140 1
757 140 2
757 140 2
1620 140 2
843 140 2
843 140 2
1181 140 2
1477 140 2
842 140 2
842 140 2
1602 140 2
1111 140 1
998 140 2
726 140 1
1068 140 1
1562 140 2
602 140 1
446 140 2
885 140 2
885 140 1
1183 140 2
1183 140 1
932 140 2
905 140 2
905 140 2
1313 140 2
793 140 1
1312 140 2
1789 140 2
1113 140 1
1113 140 2
1184 140 1
838 140 2
1119 140 1
745 140 2
925 140 2
1811 140 2
1901 140 2
1367 140 2
778 140 2
1825 140 2
1056 140 2
1821 140 1
1341 140 2
58 140 1
1342 140 2
1150 140 2
1114 140 2
1114 140 2
1228 140 2
1356 140 2
1026 140 1
73 140 2
1132 140 2
1564 140 2
1343 140 2
132 140 2
1120 140 1
1120 140 2
502 140 2
1913 140 2
1372 140 1
954 140 2
715 140 2
1852 140 2
523 140 2
512 140 1
1049 140 1
1028 140 2
1483 140 2
452 140 2
710 140 2
762 140 2
439 140 2
1172 140 2
1173 140 1
1498 140 2
294 140 2
727 140 2
823 140 2
823 140 1
860 140 2
860 140 2
1891 140 2
1188 140 2
1040 140 2
1123 140 2
1024 140 2
890 140 2
820 140 2
955 140 2
955 140 2
753 140 2
753 140 2
626 140 1
616 140 2
944 140 1
819 140 2
1103 140 2
1084 140 2
1084 140 2
1410 140 2
969 140 1
1519 142 1
2092 142 1
1887 142 2
1748 142 2
1931 142 2
1821 142 2
1844 142 2
1590 142 1
1944 142 2
1571 142 1
1571 142 1
1647 142 2
1950 142 2
1991 142 2
1827 142 2
1949 142 2
1155 142 1
1699 142 2
1410 142 1
2409 145 2
42 148 2
1615 149 1
2964 150 2
2905 150 2
2833 150 2
2952 150 2
2929 150 1
1097 153 2
1348 154 2
1598 154 2
1362 155 1
1946 156 1
430 161 2
2386 162 2
191 163 2
685 163 1
2995 164 1
184 165 2
3225 166 2
1547 167 1
2767 167 1
1748 167 1
2109 167 2
2864 167 2
1583 167 2
1588 167 2
703 167 2
667 167 2
639 167 1
744 167 2
1030 167 1
1175 167 1
1756 167 1
2616 167 1
797 167 2
1884 167 1
2062 167 2
1156 167 2
2907 167 2
699 167 1
2906 167 2
1770 167 1
124 167 2
3006 167 1
1609 167 1
1774 167 2
727 167 1
2995 167 1
823 167 2
1891 167 1
2929 167 1
757 167 1
2792 167 1
57 167 1
1123 167 1
1024 167 1
915 167 1
1098 167 1
1290 167 1
1068 167 1
955 167 2
2753 167 1
714 167 1
1773 167 1
446 167 1
1887 167 2
614 167 1
1183 167 1
1931 167 2
932 167 1
626 167 2
1771 167 2
59 167 1
116 167 2
331 167 1
1184 167 1
838 167 2
2119 167 1
2065 167 2
2724 167 1
2861 167 1
2861 167 1
1811 167 1
1991 167 1
925 167 1
777 167 1
117 167 2
2167 169 2
2333 171 2
1172 171 1
1173 171 1
1109 171 2
1362 171 1
1884 171 1
249 171 2
2380 171 2
2064 171 1
1188 171 1
925 171 2
1367 171 1
1343 171 2
2082 171 1
1068 171 1
2102 172 2
2339 172 2
2247 172 1
2284 172 2
2314 172 2
1245 173 2
802 173 1
816 173 2
2964 174 1
2963 174 1
2801 174 2
1243 175 2
1540 175 2
1498 175 2
1116 175 2
1362 175 2
1362 175 2
818 175 2
1101 175 2
1150 175 2
1285 175 2
1439 175 2
1114 175 2
1228 175 2
1228 175 2
1024 175 2
842 175 2
1140 175 2
1026 175 2
1111 175 2
998 175 2
744 175 2
1290 175 2
820 175 2
1120 175 2
1538 175 2
1144 175 1
1519 175 2
1365 175 2
1175 175 2
814 175 2
1109 175 2
1313 175 2
1312 175 2
1100 175 2
1287 175 2
1558 175 2
1103 175 2
745 175 2
925 175 2
1367 175 2
957 175 2
778 175 1
1463 175 2
1247 175 2
969 175 2
1033 175 2
1248 175 2
2277 176 2
2277 176 2
2279 176 1
1730 176 2
2102 176 2
2178 176 1
2287 176 2
1939 176 2
2032 176 2
2016 176 2
2174 176 1
2140 176 2
1948 176 2
2195 176 2
2253 176 2
2434 176 2
2027 176 2
2247 176 2
2250 176 1
1835 176 2
2367 176 1
2114 176 2
2118 176 2
1566 177 2
1348 177 2
1341 177 2
1466 177 2
1342 177 2
1262 177 2
944 177 2
1503 177 1
1026 177 2
1020 177 2
890 177 2
1120 177 2
1248 177 2
611 178 1
115 178 1
746 178 1
840 178 1
426 178 1
1202 178 1
61 178 1
524 178 1
520 178 1
1244 178 1
64 178 1
1144 178 1
1246 178 1
114 178 1
135 178 1
55 178 1
802 178 1
797 178 1
1252 178 1
526 178 1
1039 178 1
628 178 1
716 178 1
337 178 1
699 178 1
877 178 1
877 178 1
966 178 1
318 178 1
323 178 1
447 178 1
99 178 1
449 178 1
308 178 1
957 178 1
1251 178 1
1251 178 1
938 178 1
42 178 1
515 178 1
696 178 1
1181 178 1
915 178 1
726 178 1
1068 178 1
291 178 1
602 178 1
446 178 1
885 178 1
614 178 1
1183 178 1
905 178 1
59 178 1
1113 178 1
331 178 1
1119 178 1
414 178 1
74 178 1
451 178 1
1149 178 1
430 178 1
895 178 1
778 178 1
336 178 1
58 178 1
642 178 1
1150 178 1
1228 178 1
68 178 1
1271 178 1
1026 178 1
73 178 1
272 178 1
703 178 1
667 178 1
1280 178 1
639 178 1
132 178 1
618 178 1
105 178 1
502 178 1
51 178 1
570 178 1
715 178 1
715 178 1
1109 178 1
72 178 1
704 178 1
523 178 1
512 178 1
858 178 1
858 178 1
579 178 1
705 178 1
89 178 1
452 178 1
65 178 1
124 178 1
77 178 1
710 178 1
43 178 1
76 178 1
439 178 1
1173 178 1
310 178 1
425 178 1
711 178 1
1193 178 1
294 178 1
303 178 1
423 178 1
727 178 1
1188 178 1
656 178 1
57 178 1
1123 178 1
1024 178 1
532 178 1
322 178 1
1098 178 1
75 178 1
282 178 1
279 178 1
955 178 1
714 178 1
765 178 1
627 178 1
67 178 1
626 178 1
1069 178 1
616 178 1
574 178 1
819 178 1
1103 178 1
575 178 1
1084 178 1
117 178 1
969 178 1
1248 178 1
730 179 2
778 179 2
67 180 2
2556 182 2
1615 183 2
110 187 1
426 187 2
303 187 2
642 187 2
448 187 2
656 187 2
57 187 1
68 187 2
272 187 2
322 187 1
64 187 1
291 187 2
105 187 1
502 187 2
627 187 1
614 187 2
67 187 2
116 187 2
523 187 2
512 187 2
579 187 1
414 187 2
74 187 2
451 187 1
89 187 1
117 187 1
77 187 2
710 187 2
43 187 2
2223 189 1
1950 189 2
2178 189 1
1028 190 2
1356 190 2
402 191 1
491 191 2
2819 192 2
146 193 2
230 193 2
231 193 2
364 193 1
263 193 2
686 193 1
184 193 2
393 193 1
372 193 2
392 193 1
491 193 2
377 193 2
391 193 1
457 193 2
362 193 1
474 193 2
490 193 2
240 193 1
264 193 2
404 193 1
685 193 1
394 193 2
143 193 2
217 193 2
227 193 1
198 193 1
591 193 1
460 193 1
177 193 2
389 193 1
178 193 2
179 193 2
142 193 2
2905 195 1
460 196 1
957 197 1
1144 198 2
1026 199 2
2615 200 2
2722 200 1
2627 200 1
2864 200 2
2938 200 1
2795 200 1
2795 200 1
2630 200 1
2177 200 1
1821 201 2
2807 202 2
2097 203 1
2027 203 1
2032 203 1
2395 203 1
2092 204 1
1540 204 2
2151 204 2
2152 204 2
2183 204 2
2290 204 2
2380 204 1
2287 204 1
2470 204 1
2140 204 2
1698 204 1
2412 204 1
2288 204 2
2409 204 1
2229 204 1
2339 204 2
1782 204 2
1997 204 2
2000 204 2
1946 204 2
2250 204 1
2276 204 2
1200 205 2
1172 206 1
1348 206 1
1821 206 1
1262 206 1
1819 206 2
1493 206 1
1603 206 1
1754 206 2
1520 206 2
2409 206 2
1647 206 2
1537 206 2
2014 206 2
1827 206 2
1699 206 2
1625 206 2
2114 206 2
502 206 2
2118 206 2
2277 207 2
2279 207 1
65 207 1
1797 207 2
2275 207 1
2250 207 2
2995 209 1
2769 209 1
2575 209 1
2953 209 2
2647 209 2
2753 209 1
2600 209 1
2852 209 1
2646 209 2
2500 209 2
2616 209 1
2979 209 1
2577 209 2
3000 209 1
2907 209 2
2906 209 2
2906 209 2
2957 209 2
2868 209 2
2658 209 2
2963 209 1
2786 209 1
2724 209 2
2962 209 1
2962 209 1
2726 209 2
2746 209 1
2746 209 1
2702 209 1
2572 209 1
2851 209 1
2978 209 1
2936 209 1
1763 210 2
1844 210 2
1699 210 2
1285 210 2
1742 210 2
1290 211 2
1498 212 1
1965 214 2
55 215 2
1763 215 2
73 215 1
2081 215 1
1989 215 2
2083 215 1
1947 215 2
1609 216 1
1540 218 2
1748 218 2
1748 218 2
1730 218 2
2381 218 2
2223 218 2
2223 218 2
2109 218 2
2109 218 2
1747 218 2
1747 218 2
2066 218 2
2122 218 2
2152 218 2
2178 218 1
2178 218 2
2287 218 2
2287 218 2
2167 218 2
1939 218 1
2140 218 1
1729 218 2
2004 218 2
1860 218 1
1938 218 2
2134 218 1
1950 218 2
1950 218 2
1280 218 2
1949 218 2
2083 218 2
1782 218 2
2000 218 2
1688 218 2
1913 218 1
2092 218 2
2092 218 2
2151 218 2
2062 218 2
2062 218 2
2115 218 1
1909 218 2
1770 218 2
2409 218 2
1800 218 1
1706 218 2
2061 218 2
1947 218 2
2247 218 2
2247 218 2
1946 218 2
1870 218 2
2250 218 1
1609 218 2
2081 218 2
2275 218 1
1944 218 1
2051 218 2
2277 218 2
2277 218 2
2279 218 1
2279 218 1
1931 218 2
2102 218 2
1771 218 2
1965 218 2
2110 218 2
1598 218 2
1864 218 2
2032 218 2
2174 218 2
2054 218 2
2065 218 1
2065 218 1
1698 218 2
2288 218 2
2288 218 2
2097 218 2
1614 218 2
2367 218 2
1109 222 2
730 222 2
1200 222 1
955 222 2
987 222 2
783 226 1
818 226 2
2990 231 2
2426 232 1
1694 235 1
1752 235 1
2065 235 1
2119 235 1
3228 238 2
2908 238 2
3227 238 2
3144 238 2
3141 238 2
3003 238 2
3131 238 2
3196 238 2
3098 238 1
2744 238 2
2747 238 1
2957 238 2
2737 238 2
2739 238 1
2836 238 2
3102 238 1
3127 238 2
1144 239 1
1938 241 2
2626 243 2
2333 244 2
2012 244 1
2223 244 1
2353 244 1
2081 244 1
2152 244 2
2419 244 2
2287 244 2
2426 244 1
2395 244 1
2016 244 2
2442 244 1
1863 244 1
1944 244 2
2139 244 2
2140 244 2
2051 244 2
1950 244 2
2083 244 2
2405 244 1
2434 244 2
2000 244 2
2000 244 2
2277 244 2
1887 244 2
2500 244 2
1771 244 1
2534 244 1
1965 244 2
2290 244 1
2290 244 1
2002 244 2
2174 244 1
2054 244 1
2431 244 2
2431 244 1
2548 244 1
2288 244 1
2288 244 2
2097 244 1
1991 244 2
2173 244 2
2253 244 2
1625 244 2
2346 244 2
2367 244 1
2276 244 2
192 245 2
838 245 2
761 246 2
763 246 2
762 246 2
1228 249 1
2094 249 2
1938 252 2
195 253 1
451 253 2
146 253 2
711 253 2
110 253 2
159 253 2
389 253 2
447 253 2
263 253 2
241 253 1
99 253 2
114 253 2
1945 255 2
2167 255 1
2314 255 2
2174 255 1
1835 257 2
2767 259 1
2707 259 2
2632 259 1
2579 259 2
2575 259 2
2627 259 1
2952 259 1
3062 259 1
2801 259 2
2847 259 2
3086 259 1
3086 259 1
2754 259 1
3055 259 2
2753 259 1
2833 259 1
2616 259 2
2979 259 2
2795 259 1
2947 259 1
3000 259 1
2907 259 2
2907 259 2
3045 259 1
2906 259 2
2569 259 1
2699 259 1
2861 259 1
2978 259 2
1566 260 2
814 262 2
818 262 2
2192 263 1
1244 264 2
1860 266 1
2615 270 2
2442 270 1
2616 270 2
2521 270 2
1172 271 1
1119 275 2
1498 276 1
2109 276 2
840 276 2
727 276 2
818 276 2
843 276 1
1552 276 2
915 276 2
842 276 2
1537 276 2
1007 276 1
816 276 2
618 276 1
1538 276 2
885 276 2
802 276 1
814 276 2
2063 276 1
716 276 2
1069 276 2
2032 276 1
2119 276 1
724 276 2
2061 276 1
1614 276 1
2247 276 2
762 276 2
2118 276 2
2384 279 1
2152 279 2
2065 279 1
1770 281 1
1771 281 1
1616 282 1
1748 282 1
1175 282 1
1693 282 1
1821 282 2
1747 282 1
1884 282 1
1399 282 1
1384 282 1
1841 282 1
1864 282 1
1587 282 2
1477 282 2
1944 282 2
1531 282 2
1860 282 1
1827 282 2
1776 282 2
1371 282 1
1172 283 2
1173 283 2
1251 283 2
746 283 2
426 283 2
1101 283 2
1150 283 2
1200 283 2
1200 283 2
1202 283 2
1188 283 2
1040 283 2
843 283 2
1181 283 2
1181 283 2
1228 283 2
1024 283 2
915 283 2
1132 283 2
1098 283 2
1343 283 2
1068 283 2
1144 283 2
753 283 2
937 283 2
761 283 2
905 283 2
1372 283 2
1252 283 2
793 283 2
1113 283 2
1184 283 1
1287 283 2
1265 283 2
944 283 2
1028 283 2
1020 283 2
745 283 2
957 283 2
1247 283 2
1284 283 2
3012 288 2
2676 288 1
2632 288 1
2979 288 1
2947 288 2
2929 288 1
3003 288 1
2747 288 1
2738 288 1
2737 288 1
2997 288 2
2627 288 1
3062 288 1
2847 288 2
2726 288 2
3056 288 2
2618 288 1
3055 288 2
2821 288 2
2753 288 1
2876 288 2
2626 288 1
2903 288 2
2707 289 2
2908 289 2
2995 289 2
2792 289 2
2952 289 2
2134 289 2
3102 289 2
2754 289 2
2626 289 2
2277 289 2
2279 289 2
1887 289 2
3011 289 2
2795 289 2
3008 289 2
2867 289 2
2737 289 2
2077 289 1
2839 289 2
2480 289 2
3176 289 2
2726 289 2
2618 289 2
2888 289 2
2819 289 2
2936 289 2
3110 289 2
895 291 1
1341 293 2
1342 293 2
1343 293 2
3220 294 2
3086 294 2
3086 294 2
1547 296 2
591 297 1
2563 299 2
2905 300 1
2707 300 2
2852 300 1
3020 300 1
2746 300 1
2746 300 2
2821 300 2
2738 300 1
2990 300 2
574 301 2
656 301 1
2963 302 2
2962 302 2
2871 302 2
2744 302 2
1913 303 1
2481 303 2
2500 303 2
337 303 2
1891 303 2
2426 303 2
696 303 1
73 303 2
1860 303 2
2173 303 2
1827 303 2
1947 303 2
1946 303 2
336 303 1
76 303 2
2405 305 1
2053 311 2
1822 311 1
2012 311 1
1730 311 2
2223 311 1
303 311 2
1558 311 1
2054 311 2
1377 311 2
1614 311 1
2000 311 2
1714 311 2
1714 311 2
1538 311 2
3012 312 2
2292 312 1
2500 312 2
1609 312 2
2170 312 1
2744 312 2
2395 312 1
2957 312 2
2953 312 2
2997 312 2
2786 312 1
2229 312 2
2962 312 2
2726 312 2
2195 312 2
1997 312 2
2181 312 2
2346 312 1
2876 312 2
2723 312 2
2284 312 2
1688 312 2
611 313 1
1540 313 2
1627 313 1
310 313 2
746 313 2
840 313 2
303 313 2
763 313 1
2298 313 2
727 313 1
642 313 1
2122 313 2
860 313 1
818 313 2
2167 313 1
1603 313 1
1114 313 2
1477 313 1
2140 313 2
2140 313 2
1195 313 1
2405 313 1
2195 313 2
2434 313 2
1371 313 2
1562 313 2
753 313 2
1324 313 1
1913 313 2
570 313 2
905 313 2
1109 313 2
1109 313 2
1113 313 2
1049 313 1
944 313 1
1149 313 1
2288 313 2
228 313 2
1084 313 1
1084 313 1
1319 313 2
65 313 1
77 313 2
987 313 2
2480 314 2
2326 314 2
802 315 2
424 315 2
724 315 2
823 315 2
818 315 2
1049 315 2
524 315 2
1538 320 2
2839 321 2
2767 321 2
3131 321 1
2082 322 2
2064 322 2
2118 322 2
574 325 2
1173 325 1
952 325 2
331 325 1
3227 326 2
3181 326 2
3225 326 2
2768 326 1
3234 326 2
2769 326 1
2709 326 2
2627 326 2
3200 326 2
3060 326 2
3062 326 1
2938 326 1
2728 326 1
2905 326 2
2833 326 1
3186 326 2
3211 326 2
2907 326 2
2568 326 2
2906 326 2
2699 326 2
2746 326 1
2746 326 1
2630 326 1
3127 326 2
2851 326 1
2821 326 2
2821 326 2
2978 326 1
3205 326 2
2990 326 2
2903 326 2
2707 326 2
2632 326 2
2908 326 2
3218 326 2
2929 326 1
3098 326 1
3112 326 1
2847 326 2
2847 326 2
2801 326 2
2665 326 1
2693 326 2
2753 326 1
2500 326 2
3011 326 2
3011 326 2
2979 326 2
2703 326 2
3144 326 2
3008 326 2
3178 326 2
2737 326 2
2839 326 2
2643 326 2
2997 326 2
2997 326 2
2836 326 2
2836 326 2
3171 326 2
2724 326 2
3223 326 1
2861 326 1
2861 326 1
2556 326 2
2618 326 2
2888 326 2
2876 326 2
2936 326 1
2053 327 1
1909 327 2
2028 327 1
746 327 2
1774 327 2
1599 327 1
1247 329 2
1248 329 2
2027 330 2
2032 330 1
2012 331 1
1602 335 2
1615 337 2
599 339 2
368 339 2
391 339 2
366 339 2
2053 340 2
1616 340 1
1773 340 1
1748 340 2
2384 340 2
1252 340 2
1844 340 2
2380 340 2
1754 340 1
2289 340 2
2054 340 2
1477 340 1
1271 340 1
1149 340 2
1698 340 2
2434 340 2
2027 340 2
1688 340 2
3096 342 1
3229 342 2
3228 342 2
3227 342 2
3181 342 2
3226 342 2
3264 342 1
3196 342 2
2932 342 1
3112 342 1
2847 342 2
3094 342 1
2754 342 1
2753 342 1
2723 342 2
3238 342 1
3245 342 2
3255 342 1
3230 342 2
3211 342 2
3178 342 2
2907 342 2
3203 342 1
2839 342 2
3176 342 2
3223 342 1
3127 342 2
3205 342 1
322 344 1
423 344 2
1477 348 2
1547 350 1
1627 350 1
1730 350 2
2298 350 2
1771 350 2
1844 350 2
1844 350 2
1965 350 2
1156 350 2
1265 350 1
1819 350 2
1603 350 1
1558 350 1
1752 350 1
1587 350 2
2119 350 1
2140 350 2
1698 350 2
1729 350 2
1770 350 2
1377 350 2
2014 350 2
1991 350 2
1155 350 1
1699 350 1
1599 352 1
1463 352 2
1439 353 2
954 354 2
249 355 1
150 355 2
142 355 2
402 356 1
146 356 2
364 356 2
263 356 1
686 356 2
184 356 2
393 356 1
372 356 2
377 356 1
199 356 1
476 356 1
499 356 1
240 356 1
195 356 2
599 356 1
143 356 2
249 356 1
197 356 1
241 356 2
198 356 1
591 356 2
389 356 1
142 356 2
397 356 2
230 356 2
231 356 2
234 356 1
149 356 1
150 356 1
151 356 1
152 356 1
390 356 1
392 356 1
491 356 2
391 356 1
457 356 2
362 356 1
474 356 2
490 356 2
264 356 2
685 356 2
404 356 1
394 356 2
368 356 1
217 356 2
159 356 2
227 356 2
229 356 2
192 356 2
460 356 1
201 356 1
177 356 2
366 356 1
191 356 1
595 356 2
178 356 2
179 356 2
1627 357 2
1841 357 2
1752 357 2
1244 358 2
595 360 2
1931 362 2
2444 362 1
2444 362 2
1375 362 1
2290 362 1
2290 362 1
2441 362 1
2115 362 2
1265 362 1
1040 362 2
2395 362 1
1181 362 1
2314 362 2
1228 362 1
2140 362 1
1020 362 2
1537 362 2
2173 362 1
2339 362 2
2339 362 2
1999 362 1
1999 362 2
1896 362 2
2346 362 2
2537 362 1
2114 362 2
2284 362 2
1243 363 2
1566 363 2
746 363 2
746 363 2
854 363 2
426 363 2
1362 363 2
1362 363 2
1101 363 2
1101 363 2
2419 363 2
2064 363 2
952 363 2
1819 363 2
1819 363 2
2140 363 2
1195 363 2
1999 363 2
1999 363 2
1777 363 2
1519 363 2
1766 363 2
1365 363 2
802 363 2
802 363 2
1756 363 2
1039 363 2
716 363 2
716 363 2
1754 363 2
1754 363 2
2002 363 2
2077 363 2
1020 363 2
1020 363 2
1770 363 2
724 363 2
1870 363 2
957 363 2
957 363 2
1251 363 2
1251 363 2
2298 363 2
2170 363 2
757 363 2
1620 363 2
843 363 2
843 363 2
1552 363 2
1552 363 2
842 363 2
842 363 2
1140 363 2
1140 363 2
291 363 2
1538 363 2
937 363 2
937 363 2
614 363 2
1183 363 2
1183 363 2
1313 363 2
793 363 2
1312 363 2
1962 363 2
1113 363 2
1113 363 2
331 363 2
1184 363 2
1184 363 2
1698 363 2
2412 363 2
1614 363 2
778 363 2
2114 363 2
2053 363 2
1348 363 2
1821 363 2
1341 363 2
1341 363 2
58 363 2
1342 363 2
1599 363 2
1797 363 2
1583 363 2
1583 363 2
2177 363 2
2178 363 2
1439 363 2
1439 363 2
1114 363 2
1114 363 2
1228 363 2
1228 363 2
1863 363 2
1588 363 2
1588 363 2
1729 363 2
1729 363 2
2004 363 2
703 363 2
1132 363 2
1860 363 2
1989 363 2
1989 363 2
1007 363 2
1280 363 2
1343 363 2
2434 363 2
744 363 2
744 363 2
1030 363 2
1030 363 2
2027 363 2
2027 363 2
1120 363 2
1120 363 2
1913 363 2
1913 363 2
2092 363 2
1535 363 2
1535 363 2
1175 363 2
1175 363 2
954 363 2
715 363 2
1265 363 2
1028 363 2
1028 363 2
1503 363 2
1483 363 2
452 363 2
1906 363 2
1625 363 2
2247 363 2
2247 363 2
2118 363 2
987 363 2
2094 363 2
1763 363 2
1763 363 2
1498 363 2
1498 363 2
424 363 2
423 363 2
1774 363 2
860 363 2
860 363 2
1506 363 2
1188 363 2
1188 363 2
1040 363 2
1024 363 2
1024 363 2
1571 363 2
1098 363 2
890 363 2
1377 363 2
1155 363 2
1155 363 2
1371 363 2
1371 363 2
1997 363 2
282 363 2
279 363 2
955 363 2
1324 363 2
1965 363 2
1965 363 2
2110 363 2
1598 363 2
1864 363 2
2032 363 2
2032 363 2
2289 363 2
2054 363 2
2054 363 2
2119 363 2
1456 363 2
2288 363 2
2097 363 2
2367 363 2
969 363 2
969 363 2
1616 363 2
1540 363 2
1627 363 2
1116 363 2
1730 363 2
1730 363 2
2109 363 2
840 363 2
840 363 2
763 363 2
763 363 2
1399 363 2
1200 363 2
1200 363 2
1202 363 2
61 363 2
1841 363 2
1097 363 2
1285 363 2
783 363 2
1520 363 2
1244 363 2
1244 363 2
2134 363 2
2134 363 2
1776 363 2
1776 363 2
816 363 2
64 363 2
1782 363 2
1144 363 2
1144 363 2
1246 363 2
761 363 2
761 363 2
1252 363 2
797 363 2
797 363 2
2444 363 2
1884 363 2
1884 363 2
2062 363 2
2062 363 2
1384 363 2
1156 363 2
877 363 2
877 363 2
1493 363 2
966 363 2
828 363 2
1706 363 2
1032 363 2
1319 363 2
447 363 2
2061 363 2
2061 363 2
1699 363 2
1699 363 2
449 363 2
1714 363 2
1463 363 2
1463 363 2
1693 363 2
1466 363 2
1375 363 2
1694 363 2
1603 363 2
1181 363 2
1181 363 2
915 363 2
915 363 2
1602 363 2
1111 363 2
998 363 2
726 363 2
1068 363 2
1068 363 2
1290 363 2
1562 363 2
446 363 2
885 363 2
885 363 2
932 363 2
1771 363 2
1590 363 2
1287 363 2
838 363 2
838 363 2
1119 363 2
1245 363 2
1149 363 2
1149 363 2
925 363 2
925 363 2
1367 363 2
895 363 2
1056 363 2
2066 363 2
818 363 2
818 363 2
1150 363 2
1939 363 2
1356 363 2
1026 363 2
1026 363 2
1948 363 2
1647 363 2
1647 363 2
1564 363 2
1537 363 2
1950 363 2
1949 363 2
1949 363 2
2083 363 2
1808 363 2
1688 363 2
1822 363 2
1372 363 2
1109 363 2
1109 363 2
1100 363 2
2115 363 2
858 363 2
1049 363 2
1800 363 2
124 363 2
1947 363 2
1947 363 2
710 363 2
1946 363 2
762 363 2
762 363 2
1172 363 2
1173 363 2
1173 363 2
1609 363 2
1609 363 2
1193 363 2
727 363 2
727 363 2
1262 363 2
823 363 2
2183 363 2
1123 363 2
2016 363 2
1944 363 2
2051 363 2
1945 363 2
1945 363 2
1567 363 2
1652 363 2
820 363 2
820 363 2
714 363 2
2284 363 2
753 363 2
765 363 2
1887 363 2
814 363 2
2063 363 2
2290 363 2
1069 363 2
944 363 2
944 363 2
2065 363 2
2065 363 2
574 363 2
819 363 2
1103 363 2
1084 363 2
1084 363 2
777 363 2
1410 363 2
1247 363 2
1247 363 2
1248 363 2
1248 363 2
1284 363 2
858 364 1
1590 367 1
746 370 2
2537 375 2
2277 377 2
711 378 2
1324 380 2
1140 380 2
1155 380 1
3171 381 1
3234 381 2
2646 384 2
2480 386 2
2521 386 2
1547 387 1
2094 387 2
1763 387 2
1341 387 2
1694 387 2
952 387 2
1285 387 1
1819 387 2
1439 387 1
1944 387 2
1271 387 1
1948 387 2
1938 387 2
1938 387 2
1860 387 2
1950 387 2
1567 387 2
1776 387 1
744 387 2
1782 387 2
820 387 2
2027 387 2
1688 387 1
1773 387 1
1855 387 2
1535 387 2
1931 387 2
1252 387 2
1884 387 2
2062 387 2
1384 387 1
1754 387 1
1754 387 2
2032 387 1
1558 387 2
1587 387 2
1615 387 2
1909 387 1
1531 387 2
1456 387 2
1770 387 2
2097 387 1
1901 387 1
1946 387 2
1835 387 2
1463 387 2
1991 388 2
414 389 2
1855 390 2
1947 390 2
1819 390 2
1742 390 1
715 392 2
2738 392 1
425 394 2
2110 396 1
2247 396 2
885 397 1
2577 398 2
1172 399 1
1748 399 2
1056 399 2
1774 399 2
1150 399 1
1841 399 1
1752 399 1
1944 399 2
1520 399 2
1552 399 2
1647 399 2
1950 399 2
1652 399 2
1562 399 1
2027 399 2
1887 399 2
1931 399 2
1252 399 2
1884 399 1
1493 399 1
2002 399 2
2065 399 2
1503 399 1
1901 399 2
1714 399 2
397 400 2
198 400 2
1566 401 1
1547 401 2
1540 401 2
1251 401 2
2223 401 1
2223 401 1
1341 401 2
1342 401 2
1694 401 1
860 401 1
1583 401 2
2178 401 1
1506 401 1
1123 401 2
1552 401 2
1552 401 2
1588 401 2
2004 401 2
1948 401 2
1111 401 1
1343 401 2
1997 401 2
1120 401 2
279 401 2
2092 401 1
1365 401 1
1535 401 2
1175 401 1
2441 401 1
2115 401 2
2032 401 1
2002 401 2
2119 401 2
2119 401 2
1587 401 2
1397 401 1
1245 401 1
1531 401 2
1456 401 2
1149 401 2
1103 401 2
1319 401 2
1906 401 2
2247 401 2
2114 401 2
2122 404 2
2053 405 2
1844 405 2
1200 405 1
757 405 2
2028 405 2
1531 405 2
2004 405 2
1945 405 2
1084 405 1
1999 405 2
1999 405 2
998 405 1
639 405 1
1808 405 1
626 406 2
1100 406 2
1101 406 1
1181 407 2
2092 409 1
1531 410 2
726 413 2
51 413 2
2083 416 1
1519 417 1
937 417 2
1183 417 2
1535 417 2
1348 417 1
1056 417 2
1109 417 2
1789 417 1
1797 417 2
1852 417 2
1184 417 2
1493 417 1
1069 417 1
2032 417 1
828 417 2
1149 417 2
1588 417 2
1456 417 1
1602 417 1
1614 417 1
1782 417 2
744 417 1
1410 417 2
2053 422 2
2028 422 2
1026 422 2
2109 422 2
1341 422 2
1342 422 2
1343 422 2
2062 422 2
1797 422 2
2064 422 2
838 422 2
1819 422 2
2051 424 2
2534 424 1
2094 425 1
2054 425 2
611 427 1
425 427 2
642 427 2
43 427 1
274 427 2
932 428 1
1688 429 2
1140 431 2
1193 431 2
1039 431 2
1155 431 2
308 431 2
2083 432 2
2275 432 2
2462 435 2
842 437 2
840 437 2
843 437 2
1763 440 2
2279 443 1
802 443 1
1535 443 2
1498 443 2
1498 443 2
1372 443 1
2063 443 2
1375 443 1
1493 443 1
2431 443 2
819 443 2
2051 443 2
2097 443 2
816 443 2
820 443 2
2807 443 1
2247 443 2
957 443 2
2250 443 2
2118 443 2
705 445 2
115 448 2
240 449 2
1477 453 1
1552 453 2
1627 453 2
308 453 2
1603 453 2
1439 453 2
1284 453 1
1931 456 2
1789 456 1
2728 457 1
1520 458 2
1614 458 2
366 460 2
228 460 2
1647 463 2
1989 463 2
1493 463 2
1463 463 2
1615 463 2
231 465 1
364 465 2
263 465 2
686 465 2
234 465 1
149 465 2
184 465 2
197 465 2
393 465 2
192 465 2
390 465 2
392 465 2
362 465 2
474 465 2
490 465 2
264 465 2
178 465 1
179 465 2
404 465 2
1948 466 2
1247 467 2
1248 467 2
1477 474 2
890 475 2
2139 476 1
1991 476 1
2339 476 2
2083 476 1
2170 476 1
2326 476 2
2426 476 1
1870 476 1
1754 476 1
1931 479 2
159 480 2
195 481 2
397 481 2
227 481 2
197 481 1
229 481 2
241 481 2
151 481 2
198 481 1
591 481 2
460 481 1
366 481 1
199 481 2
457 481 2
1827 481 2
553 481 1
2027 481 2
264 481 1
2707 482 2
2833 482 1
2938 482 1
2962 482 2
2947 482 1
2966 482 1
2707 484 2
3205 484 2
2646 485 2
2647 485 1
3264 485 1
2868 485 1
110 486 1
711 486 2
628 486 2
58 486 2
716 486 2
448 486 2
116 486 2
337 486 1
704 486 2
523 486 2
579 486 2
616 486 1
414 486 2
532 486 2
74 486 2
68 486 2
575 486 2
430 486 2
117 486 2
124 486 2
43 486 1
502 486 2
135 486 2
76 486 2
234 487 2
362 487 2
201 487 2
2292 488 1
2412 488 2
1989 488 1
1906 488 2
2284 488 2
1825 488 1
858 489 1
1822 490 2
2092 490 2
761 491 2
954 491 2
715 491 2
628 491 2
716 491 2
716 491 2
823 491 2
72 491 1
730 491 2
1040 491 2
819 491 2
1020 491 2
1098 491 1
1068 491 1
778 491 2
762 491 2
969 491 2
336 491 1
1033 491 1
1989 492 1
2152 492 2
877 492 2
915 493 2
1730 494 1
3229 499 2
3228 499 2
2836 499 2
89 499 2
3033 499 2
3055 499 2
1477 500 2
1252 500 2
765 501 1
1844 502 2
1566 505 1
1384 505 2
1598 505 2
178 506 2
149 507 1
474 507 2
490 507 2
404 507 2
1251 508 2
1252 508 2
1144 508 2
426 510 1
308 510 1
76 510 1
2094 511 1
1948 511 2
1949 511 2
1962 511 1
402 513 2
146 513 2
2122 513 2
263 513 2
686 513 2
184 513 1
393 513 2
372 513 2
377 513 2
1588 513 2
199 513 2
2229 513 1
499 513 1
639 513 1
240 513 2
599 513 1
249 513 2
241 513 2
198 513 2
591 513 2
228 513 2
2250 513 2
142 513 2
230 513 2
231 513 2
234 513 2
149 513 2
150 513 2
151 513 2
696 513 2
392 513 2
532 513 2
491 513 2
391 513 2
457 513 2
264 513 1
685 513 1
394 513 2
368 513 2
217 513 2
159 513 2
2063 513 2
227 513 2
192 513 2
460 513 1
201 513 2
177 513 2
191 513 2
575 513 1
595 513 2
761 514 2
753 514 2
778 518 2
2979 524 2
2978 524 1
1493 527 1
1540 528 2
394 529 2
228 529 2
152 529 2
1372 531 1
1567 532 2
1891 532 2
969 533 2
1537 534 2
2746 534 1
2746 534 1
1538 534 2
2772 534 1
1653 534 2
1397 534 1
2990 534 2
2195 535 1
1797 535 2
2253 536 2
1116 538 1
1913 539 2
1756 539 2
1252 539 2
1991 539 2
1694 539 2
1891 539 1
1852 539 1
1714 539 2
1603 539 1
1615 539 2
110 540 1
526 540 1
727 540 2
59 540 2
116 540 2
72 540 2
57 540 1
524 540 2
318 540 1
73 540 2
89 540 2
447 540 2
99 540 2
449 540 2
291 540 2
76 540 2
439 540 2
1028 541 2
937 541 1
1729 541 2
797 541 1
1706 541 1
2443 541 1
998 541 1
2341 541 1
1965 541 2
291 541 2
937 543 2
966 543 2
1028 543 2
1175 543 2
526 543 2
925 543 2
616 543 2
1324 544 2
3255 544 1
3141 544 1
3131 544 1
1864 544 1
1069 544 1
2119 544 1
2431 544 2
828 544 2
3112 544 1
3060 544 2
1647 544 2
3223 544 1
3199 544 2
1537 544 2
2726 544 1
1949 544 1
1371 544 2
3055 544 2
3190 544 1
1312 546 1
2579 547 2
1262 548 2
1371 548 2
1144 548 2
1284 548 2
762 549 2
2443 550 1
618 551 2
987 551 2
2333 552 2
397 552 2
230 552 2
364 552 2
686 552 2
151 552 1
390 552 2
372 552 2
377 552 2
199 552 1
474 552 2
490 552 1
240 552 2
685 552 1
195 552 2
599 552 1
143 552 2
368 552 2
2384 552 2
1771 552 1
249 552 1
229 552 2
241 552 2
201 552 1
1531 552 2
191 552 2
389 552 2
595 552 2
142 552 2
2500 553 2
3096 554 1
3229 554 1
3229 554 1
2676 554 1
3228 554 1
3228 554 1
3227 554 1
3227 554 1
3226 554 1
3225 554 1
3225 554 1
3256 554 1
3256 554 1
3234 554 1
2395 554 1
2709 554 1
2932 554 1
2627 554 2
3200 554 1
3200 554 1
2952 554 1
2952 554 1
2938 554 1
3199 554 1
3094 554 1
3086 554 1
3086 554 1
2966 554 1
3190 554 1
2905 554 1
2833 554 1
3230 554 1
3131 554 1
3131 554 1
2907 554 1
3045 554 1
2568 554 1
2906 554 1
2957 554 1
2963 554 1
3176 554 1
2962 554 1
2630 554 1
2851 554 1
2819 554 1
2707 554 1
2707 554 1
3033 554 1
2995 554 1
3218 554 1
3196 554 1
2934 554 1
3123 554 1
2754 554 1
2753 554 1
3245 554 1
2795 554 1
3008 554 1
3008 554 1
3178 554 1
3203 554 1
2839 554 1
2839 554 1
2836 554 1
2563 554 1
3223 554 1
2618 554 1
2767 554 1
3114 554 1
3181 554 1
3181 554 1
2864 554 1
2864 554 1
3003 554 1
3264 554 1
2768 554 1
2744 554 1
2744 554 1
2769 554 1
3102 554 1
3056 554 1
3056 554 1
3055 554 1
3055 554 1
2728 554 1
2723 554 1
3238 554 1
2964 554 1
2964 554 1
2616 554 1
3255 554 1
3255 554 1
3116 554 1
3145 554 1
3186 554 1
3186 554 1
2747 554 1
2868 554 1
2699 554 1
2771 554 1
2511 554 1
3263 554 1
2786 554 1
3020 554 1
3127 554 1
3127 554 1
2821 554 1
3006 554 1
3205 554 1
2908 554 1
2908 554 1
3101 554 1
3220 554 1
3220 554 1
2579 554 1
3098 554 1
3112 554 1
3112 554 1
2801 554 1
2847 554 1
2847 554 1
2665 554 1
2693 554 1
3012 554 1
3012 554 1
3262 554 1
3011 554 1
2979 554 1
3141 554 1
2947 554 1
2947 554 1
2737 554 1
2737 554 1
2643 554 1
3171 554 1
3171 554 1
2861 554 1
2861 554 1
2556 554 1
3162 554 1
627 555 2
1183 555 1
476 555 2
1483 555 1
42 555 2
705 555 2
599 556 2
177 556 2
476 556 1
2151 557 2
820 557 1
1506 557 1
1439 557 2
1863 560 1
1896 560 1
1503 561 2
515 563 2
2051 564 2
2223 564 1
2119 564 2
1172 565 1
1173 565 1
1552 565 2
1913 565 2
1945 565 2
814 565 2
1399 565 1
818 565 2
1188 565 2
1811 566 1
1863 571 2
1616 571 2
1913 571 2
1773 571 2
1887 571 2
1747 571 1
925 571 2
1946 571 2
1841 571 1
1819 571 2
1493 571 2
1808 572 1
2630 573 1
2572 573 2
2722 575 2
3114 576 2
2722 576 2
1056 576 2
3181 576 2
2864 576 2
3226 576 1
3225 576 2
3003 576 2
3256 576 2
3256 576 1
3234 576 2
3234 576 2
2769 576 2
3060 576 2
3200 576 2
2952 576 1
3199 576 2
3056 576 2
3055 576 1
2772 576 1
3190 576 2
3238 576 1
2833 576 2
1175 576 2
3255 576 1
3145 576 2
2867 576 2
3186 576 2
3211 576 2
3131 576 2
858 576 2
2907 576 2
2747 576 1
2511 576 1
3176 576 2
3020 576 2
3127 576 2
3110 576 2
727 576 2
2995 576 2
3218 576 2
1024 576 2
3112 576 2
2847 576 2
2665 576 2
2754 576 2
2600 576 2
3245 576 2
2703 576 1
3144 576 2
3008 576 2
3141 576 2
2947 576 2
2947 576 2
838 576 2
2737 576 2
2658 576 2
2839 576 2
2839 576 2
2997 576 2
3171 576 2
895 576 2
2876 576 2
2936 576 2
1312 577 1
1039 578 1
2744 579 2
2395 579 2
3112 579 2
2938 579 2
3102 579 2
3056 579 2
2807 579 2
2665 579 2
2754 579 2
2672 579 2
2964 579 2
3012 579 2
2905 579 2
2979 579 2
2795 579 2
3141 579 2
2643 579 2
2739 579 2
2563 579 2
2963 579 2
2511 579 2
2618 579 2
2821 579 2
2876 579 2
2990 579 2
1991 581 2
2192 582 2
2014 582 2
2434 582 2
2177 582 2
570 583 2
389 583 2
197 583 2
393 583 2
390 583 2
452 586 1
1763 587 2
2151 587 2
2081 587 2
1599 587 2
2110 587 1
2167 587 2
944 587 2
1552 587 2
1860 587 2
2014 587 2
2083 587 2
1827 587 2
2405 587 1
2253 587 2
1896 587 2
1870 587 2
1887 588 2
1763 588 1
1365 588 1
1771 588 2
1771 588 1
1962 588 2
2064 588 2
2064 588 2
1742 588 1
1456 588 2
1948 588 2
1770 588 1
1571 588 2
1571 588 2
1860 588 2
1084 588 1
2014 588 2
1949 588 2
1652 588 2
2082 588 1
1614 588 2
1371 588 2
1538 588 2
2833 590 1
3033 590 2
2795 590 1
2966 590 1
2747 590 1
2737 590 1
611 592 2
115 592 2
310 592 2
711 592 1
2066 592 2
860 592 2
860 592 2
757 592 2
915 592 2
322 592 2
2051 592 2
1647 592 2
744 592 1
282 592 1
955 592 2
51 592 2
602 592 1
937 592 2
905 592 2
512 592 1
838 592 2
1049 592 2
944 592 2
2119 592 2
1028 592 2
828 592 2
745 592 1
2097 592 2
777 592 2
969 592 2
765 593 2
1535 595 2
1030 595 1
1120 595 2
3011 597 2
2908 597 2
2703 597 2
2864 597 2
3000 597 2
2768 597 2
2868 597 2
2569 597 2
2997 597 2
2952 597 2
2938 597 2
2702 597 2
2572 597 2
3055 597 2
2990 597 2
745 599 2
3229 602 2
3230 602 2
2754 602 1
2658 602 2
1547 608 2
1887 608 2
1763 608 2
1821 608 2
1891 608 2
1583 608 2
1287 608 1
1742 608 1
2002 608 2
1397 608 1
1615 608 1
1588 608 2
1729 608 2
1706 608 2
1827 608 2
1699 608 2
1290 608 2
2027 608 2
1714 608 2
425 609 2
75 609 1
2412 610 2
2061 610 2
2476 610 2
152 611 2
3096 612 2
3228 612 2
3114 612 2
3227 612 2
3227 612 2
3181 612 2
3181 612 2
3218 612 2
3256 612 2
3256 612 2
3264 612 2
3196 612 2
3123 612 2
3112 612 2
3112 612 2
3060 612 2
3200 612 2
2952 612 2
2847 612 2
3102 612 2
3086 612 2
3086 612 2
2728 612 2
2723 612 2
2672 612 2
3190 612 2
3238 612 1
2905 612 2
3262 612 1
3245 612 2
3255 612 2
3255 612 2
3008 612 2
3186 612 2
3186 612 2
3178 612 2
3178 612 2
3045 612 2
2568 612 2
3203 612 2
2997 612 2
3263 612 2
3171 612 1
3127 612 2
2821 612 2
3205 612 2
3189 612 2
3162 612 2
402 613 2
146 613 2
1540 615 2
1535 615 2
1537 615 2
1537 615 2
1519 618 1
1855 619 2
1844 619 2
2290 619 1
2000 619 2
2289 619 1
1155 621 1
2122 621 2
2062 621 2
2002 621 1
2118 621 2
2864 622 2
1140 625 2
793 625 2
1773 626 1
1949 626 1
1463 626 2
2500 627 2
2577 627 2
2556 627 2
2426 627 1
2906 627 2
55 629 1
446 629 2
74 629 2
451 629 1
89 629 2
59 629 1
77 629 2
704 629 2
56 629 2
56 629 2
696 629 1
135 629 1
1243 630 2
1116 630 2
746 630 2
854 630 2
763 630 2
1101 630 2
1150 630 2
1114 630 2
1114 630 2
1228 630 2
783 630 2
1026 630 2
1195 630 2
703 630 2
1132 630 2
667 630 2
1007 630 2
1343 630 2
744 630 2
816 630 2
1030 630 2
1120 630 2
1175 630 2
954 630 2
715 630 2
1252 630 2
797 630 2
797 630 2
1109 630 2
1384 630 2
1100 630 2
730 630 2
877 630 2
1493 630 2
1020 630 2
1032 630 2
762 630 2
1251 630 2
1193 630 2
1466 630 2
757 630 2
757 630 2
656 630 2
1181 630 2
1181 630 2
1477 630 2
915 630 2
726 630 2
1371 630 2
1068 630 2
885 630 2
1183 630 2
932 630 2
905 630 2
1313 630 2
1113 630 2
1184 630 2
1184 630 2
1287 630 2
1287 630 2
838 630 2
944 630 2
1245 630 2
745 630 2
745 630 2
925 630 2
777 630 2
778 630 2
1410 630 2
1247 630 2
1247 630 2
969 630 2
1248 630 2
1248 630 2
1547 631 1
1588 631 2
1891 631 2
1583 631 2
394 632 2
177 632 2
366 632 2
151 632 2
595 632 2
152 632 2
178 632 2
372 632 2
2643 633 2
2676 633 2
2861 633 1
2277 634 2
2409 634 2
2444 634 2
2102 634 2
2229 634 2
2195 634 2
2591 634 2
2419 634 2
2441 634 2
2114 634 1
2444 635 2
2152 635 2
2290 635 1
2441 635 1
753 636 2
1547 637 2
1547 637 2
1616 637 2
1498 637 2
1609 637 2
1891 637 2
1620 637 2
1603 637 2
1244 637 2
1729 637 2
1945 637 2
1647 637 2
1537 637 2
1246 637 2
1688 637 1
1365 637 2
1756 637 2
1844 637 2
1590 637 2
944 637 2
1615 637 2
1531 637 2
1770 637 1
1901 637 2
1827 637 2
1614 637 2
1714 637 2
1835 637 2
3229 638 2
3220 638 1
3178 638 2
2908 639 2
3116 639 1
2962 639 1
2632 641 2
2864 641 2
3101 641 2
3226 641 2
2995 641 2
3220 641 2
3225 641 2
2792 641 2
2709 641 2
2934 641 2
2627 641 2
2627 641 2
2647 641 2
2952 641 2
3062 641 2
2871 641 2
3094 641 2
3056 641 2
3056 641 2
2807 641 1
2754 641 2
3055 641 2
2693 641 2
2753 641 2
2728 641 2
2723 641 2
2964 641 2
2905 641 2
2852 641 2
2833 641 2
3116 641 2
3045 641 2
3000 641 1
2568 641 2
2906 641 2
2868 641 2
2658 641 2
2997 641 2
2771 641 2
2963 641 2
2963 641 2
2786 641 2
2962 641 2
2726 641 2
2726 641 2
2702 641 2
2618 641 2
2888 641 2
2876 641 2
2792 642 2
783 643 1
1945 643 2
1949 643 2
2062 643 1
1962 643 2
1653 643 2
1615 643 1
1149 645 2
1244 645 2
1483 645 2
400 646 2
2932 647 1
2938 647 1
2995 647 1
2572 647 1
890 648 2
1989 649 2
1714 649 2
1032 651 2
860 651 2
955 651 2
1945 652 1
1822 653 1
1540 653 1
1627 653 1
1535 653 2
1498 653 1
1747 653 2
1891 653 1
1583 653 2
1819 653 1
877 653 2
1603 653 2
1477 653 2
1729 653 1
1706 653 1
1699 653 1
2082 653 1
1782 653 2
1808 653 1
1688 653 1
2739 654 2
2744 654 2
2600 654 1
2556 658 2
626 659 1
2276 660 1
1243 665 1
820 665 2
1520 666 2
1341 666 2
1397 666 1
2964 667 1
2192 667 1
2908 667 2
2995 667 2
2287 667 2
2167 667 2
2426 667 1
2744 667 2
2575 667 2
2288 667 2
2963 667 1
2963 667 2
2962 667 1
2061 667 2
2061 667 2
2754 667 1
2876 667 1
2600 667 1
2053 668 2
2054 668 1
2997 669 2
2801 669 2
2651 669 2
1097 669 1
2626 669 1
3229 672 2
3229 672 2
1627 672 2
3114 672 1
448 672 2
2738 672 2
2709 672 2
1944 672 2
1571 672 1
1571 672 1
3200 672 2
3199 672 2
2847 672 1
2753 672 1
2723 672 1
1688 672 1
2964 672 1
2833 672 1
3011 672 1
2795 672 1
2947 672 1
3230 672 2
877 672 2
2724 672 2
2726 672 2
553 672 1
2618 672 1
1714 672 1
2821 672 2
2903 672 2
2852 674 2
2647 674 2
2724 674 2
3006 674 1
2747 674 2
2569 674 2
2737 674 2
2934 675 1
2716 675 2
2716 675 2
2625 675 2
115 677 2
195 679 2
159 679 2
362 679 2
2053 681 2
2028 681 1
1531 681 2
1483 681 2
1884 681 2
1007 681 2
1287 681 2
1558 681 2
2002 681 1
1356 683 2
1342 683 2
1150 683 2
1114 683 2
1284 683 1
2380 684 2
2367 685 1
3012 686 2
3033 686 1
2995 686 1
2122 686 2
2275 686 1
1506 686 2
2709 686 2
3263 686 1
1938 686 1
2651 686 2
2250 686 2
2346 686 2
1653 686 2
3189 686 1
1931 689 2
1609 689 1
2062 689 2
952 689 2
2064 689 1
520 692 2
2938 692 2
2651 692 2
2672 692 2
2568 693 2
854 700 2
3255 700 2
3144 700 2
1901 700 1
3256 700 2
2618 700 2
3162 700 2
1506 701 2
402 705 2
840 708 1
110 708 2
905 708 2
42 708 2
72 708 2
56 708 2
1024 708 2
68 708 2
272 708 2
430 708 2
75 708 2
618 708 1
955 708 2
602 708 2
2122 710 2
1965 710 2
1285 711 2
854 712 2
392 713 2
368 713 2
191 713 2
476 713 2
499 713 1
229 713 2
2934 714 1
2676 714 2
2979 714 1
2627 714 1
3199 714 2
2795 714 1
3008 714 2
3131 714 2
2851 714 1
2768 714 1
3234 714 2
937 718 1
2724 718 2
2061 718 2
1939 718 1
1864 718 1
2876 718 2
2747 718 1
2658 718 2
745 719 1
753 719 2
2223 721 1
957 721 1