2256 2 2
2507 3 2
2869 3 1
2508 3 2
2649 3 2
2834 3 2
2019 6 2
2543 6 2
2331 8 1
2335 8 2
167 12 2
157 12 2
396 12 2
1984 15 2
2496 15 2
1257 16 1
1982 17 2
488 19 2
187 19 2
383 19 2
248 19 2
496 19 2
396 19 2
384 19 2
16 19 2
373 19 2
535 20 2
528 20 2
431 20 2
2981 22 2
2992 22 2
2310 24 2
562 26 2
2654 26 2
2120 26 2
1959 26 2
1967 26 2
2527 26 2
1580 26 2
889 26 2
2574 26 2
1145 26 2
536 26 2
1217 26 2
2294 26 2
2286 26 2
661 26 2
1061 26 2
1061 26 2
580 26 2
2096 26 2
1956 26 2
1956 26 2
2415 26 2
1655 26 2
971 26 2
2671 26 2
2671 26 2
2488 26 2
314 26 2
2270 26 2
2388 26 2
982 26 2
2606 26 2
275 26 2
287 26 2
909 26 2
2035 26 2
405 26 2
776 26 2
776 26 2
1736 26 2
2509 26 2
2509 26 2
1732 26 2
317 26 2
1824 26 2
567 26 2
406 26 2
662 26 2
2439 26 2
277 26 2
1179 26 2
1879 26 2
2019 26 2
1847 26 2
417 26 2
2203 26 2
2248 26 2
706 26 2
80 26 2
2084 26 2
311 26 2
603 26 2
2161 26 2
2331 26 2
1695 26 2
1985 26 2
1801 26 2
2729 26 2
759 26 2
1867 26 2
1086 26 2
612 26 2
1151 26 2
2225 26 2
2605 26 2
1952 26 2
2315 26 2
2311 26 2
2336 26 2
330 26 2
438 26 2
1749 26 2
316 26 2
634 26 2
638 26 2
344 26 2
79 26 2
2281 26 2
2357 26 2
2357 26 2
1152 26 2
2358 26 2
907 26 2
1618 26 2
1095 26 2
2098 26 2
1813 26 2
1813 26 2
918 26 2
2464 26 2
640 26 2
2376 26 2
2280 26 2
1973 26 2
1977 26 2
1828 26 2
1023 26 2
340 26 2
664 26 2
2186 26 2
1510 26 2
1667 26 2
307 26 2
2455 26 2
2091 26 2
910 26 2
44 26 2
2369 26 2
1044 26 2
2335 26 2
2335 26 2
1894 26 2
518 26 2
2121 26 2
707 26 2
2050 26 2
795 26 2
1925 26 2
2496 26 2
1591 26 2
2704 26 2
342 26 2
723 26 2
2692 26 2
1415 26 2
1861 26 2
1861 26 2
37 26 2
534 26 2
2553 26 2
133 26 2
541 26 2
1432 26 2
1897 26 2
538 26 2
345 26 2
2104 26 2
1214 26 2
2265 26 2
1209 26 2
1263 26 2
2304 26 2
2198 26 2
2440 26 2
2448 26 2
1108 26 2
2628 26 2
34 26 2
1078 26 2
1666 26 2
1272 26 2
1276 26 2
731 26 2
2529 26 2
1073 26 2
1810 26 2
2299 26 2
1990 26 2
720 26 2
891 26 2
2301 26 2
544 26 2
49 26 2
779 26 2
615 26 2
1470 26 2
324 26 2
1332 26 2
2320 26 2
1076 26 2
1064 26 2
1707 26 2
1707 26 2
1586 26 2
1070 26 2
410 26 2
2498 26 2
1330 26 2
1983 26 2
81 26 2
1331 26 2
1735 26 2
1984 26 2
2501 26 2
1604 26 2
2020 26 2
2020 26 2
784 26 2
98 26 2
1581 26 2
750 26 2
441 26 2
2370 26 2
1969 26 2
1138 26 2
2227 26 2
902 26 2
2927 27 2
2199 28 2
2198 28 2
1361 28 1
1568 28 2
534 28 2
1427 28 1
1378 29 1
1424 29 1
2131 30 2
1980 30 2
2321 31 2
2281 31 2
2320 31 2
2319 31 1
2841 32 2
396 33 2
588 33 2
244 33 2
1125 34 1
798 34 2
1258 34 1
1176 34 1
835 34 2
2779 35 1
3174 35 2
3058 35 1
3222 35 1
2667 35 1
2834 35 1
3231 35 2
3041 35 1
2927 35 1
2823 35 2
3113 35 1
3156 35 2
2933 35 1
355 36 2
1206 38 2
284 39 2
664 39 2
564 39 2
1035 41 2
2165 42 2
1047 44 1
613 45 1
717 46 2
752 46 1
999 46 2
781 47 1
1010 47 2
2035 49 2
1495 52 1
79 52 1
3053 52 2
1323 52 2
2842 52 1
277 52 1
120 52 2
2683 52 2
3041 52 2
3009 52 2
3009 52 2
3013 52 1
3082 52 1
3121 52 2
340 52 1
3222 52 2
706 52 2
3042 52 1
2633 52 2
3156 52 2
720 52 2
44 52 1
3095 52 1
2857 52 2
2857 52 2
3275 52 1
3111 52 1
49 52 2
2798 52 1
3079 52 1
615 52 1
48 52 1
3174 52 1
2729 52 1
1332 52 1
528 52 2
3173 52 1
3120 52 2
3120 52 2
3077 52 2
3057 52 1
2959 52 1
2713 52 2
2132 52 2
1591 52 1
2681 52 1
548 52 1
1330 52 1
3185 52 1
1331 52 1
2790 52 1
3239 52 1
1674 52 2
3201 52 2
342 52 2
749 52 2
2661 52 1
3164 52 2
2585 52 1
1594 52 1
330 52 2
2695 52 1
1581 52 1
405 52 1
2731 52 2
3048 52 1
2740 52 1
1894 53 2
1548 54 2
1903 56 2
3275 57 1
3275 57 1
3185 57 1
3121 57 1
2999 57 1
3111 57 1
3079 57 1
3239 57 1
3081 57 1
2599 57 1
3222 57 1
3073 57 1
3117 57 1
3120 57 1
3120 57 1
3077 57 1
2553 57 1
2797 57 1
2811 57 1
3266 57 1
3266 57 1
2540 57 1
2796 57 1
2602 57 1
3095 57 1
3139 57 1
844 58 2
2415 61 1
914 63 2
1327 63 2
2585 63 2
2543 63 1
1011 64 2
2869 65 1
2779 66 1
2841 66 2
2842 66 2
1470 69 1
1617 69 1
1102 69 2
167 71 2
395 71 2
1970 72 1
1553 72 2
1979 72 2
2464 74 2
1560 75 2
2445 76 2
580 78 2
749 78 2
943 80 2
2388 81 2
2599 81 2
2439 81 2
2439 81 2
2440 81 2
1977 83 2
612 84 2
1334 84 1
725 84 1
1016 84 2
1335 84 1
1336 84 1
1203 84 2
750 84 2
1189 84 2
1061 84 1
1327 84 1
1096 84 1
1086 84 1
1205 86 2
1206 86 2
66 86 2
340 86 2
822 86 2
1810 87 2
1934 87 1
2098 87 1
1959 87 2
1956 87 2
638 89 2
548 89 2
571 89 2
720 89 2
2388 91 2
2398 91 1
1674 91 1
2357 91 1
2307 91 2
2311 91 1
2093 91 1
1879 91 1
2098 91 1
2050 91 1
1990 91 1
2091 91 1
1978 91 2
2096 91 1
2376 91 1
1769 91 2
2659 94 2
2668 94 2
34 96 1
731 97 2
1824 98 2
1888 98 1
1589 98 2
1510 98 2
1594 98 2
1861 98 2
1347 98 1
1667 98 2
1581 98 2
1846 98 1
1783 98 2
1969 98 2
1143 98 2
1959 98 2
1719 98 2
1833 98 2
1749 98 2
1732 98 2
1981 99 2
2299 99 1
2301 99 1
2358 99 1
1075 101 1
1073 101 1
1976 102 2
1274 104 1
1273 104 1
1089 104 2
1422 104 1
410 106 2
2800 107 2
2981 107 2
2566 107 1
1214 108 2
1047 108 2
1000 108 2
1209 108 2
1152 108 2
531 108 2
1512 108 2
1078 108 2
1078 108 2
1401 108 2
1176 108 2
795 108 2
1096 108 2
1257 108 2
790 108 2
790 108 2
1151 108 2
1151 108 2
1145 108 2
844 108 2
1182 108 2
1016 108 2
1539 108 2
929 108 2
1093 108 2
664 108 2
752 108 2
863 108 2
910 108 2
1977 109 2
2370 109 1
1969 109 2
1978 109 2
2161 109 2
2503 109 2
1979 109 2
2255 109 1
1035 111 2
1374 113 2
2282 114 2
2357 114 2
257 114 1
2358 114 2
2157 114 1
1749 114 2
2191 114 1
2797 115 1
2779 115 1
2992 115 1
2770 115 1
3009 115 2
3009 115 2
2691 116 2
3128 116 1
2941 116 2
3164 116 2
1382 116 1
2840 117 2
2981 117 2
2508 117 2
3058 117 1
2921 117 2
2779 119 1
3185 119 1
3111 119 1
3002 119 2
3173 119 1
1916 120 1
66 122 2
573 126 2
1075 126 2
752 126 2
759 126 2
1096 132 2
1867 133 1
1979 133 2
2749 134 2
3275 134 1
3078 134 1
3160 134 2
3111 134 1
2660 134 2
2869 134 1
2844 134 1
3002 134 1
3080 134 1
2762 134 1
2696 134 1
2698 134 1
2993 134 2
2904 134 1
3054 134 2
3244 134 1
2633 134 1
3247 134 1
3165 134 2
2796 134 1
3156 134 2
3048 134 1
3082 134 1
2461 136 2
2486 136 1
2270 136 1
2448 136 1
3160 138 2
3128 138 1
3053 138 2
2841 138 1
2842 138 2
2842 138 2
2698 138 2
2667 138 1
2654 138 1
2993 138 2
2653 138 1
3032 138 2
2684 138 2
2683 138 2
2943 138 1
3165 138 2
3165 138 1
3041 138 1
2659 138 2
2827 138 1
3082 138 2
2920 138 2
3151 138 2
2660 138 2
2878 138 2
2756 138 1
2686 138 2
3222 138 2
2566 138 2
2834 138 1
3117 138 2
3042 138 1
3266 138 1
3266 138 1
2633 138 1
3247 138 1
2941 138 2
2941 138 1
2914 138 2
3156 138 2
3126 138 2
3035 138 1
2857 138 2
2857 138 2
3275 138 1
3111 138 1
2977 138 1
2798 138 1
3081 138 1
2815 138 1
2727 138 2
2729 138 2
2939 138 1
2730 138 2
2950 138 2
3173 138 2
2803 138 2
2904 138 1
2969 138 1
3077 138 1
2797 138 1
2797 138 1
3057 138 2
3057 138 1
2713 138 2
3113 138 1
2543 138 1
3158 138 2
2749 138 2
2844 138 2
3002 138 2
3243 138 1
2816 138 1
2816 138 1
2661 138 1
2692 138 2
2696 138 1
2695 138 2
2928 138 1
2928 138 2
2508 138 2
2796 138 1
2796 138 1
3048 138 2
2770 138 1
2933 138 2
2712 138 2
2740 138 2
2826 138 2
661 139 1
1478 140 1
1218 140 1
1185 140 2
1258 140 1
1258 140 1
1089 140 2
1089 140 2
1152 140 2
1302 140 2
907 140 2
1095 140 1
1063 140 2
918 140 1
918 140 2
1075 140 1
1361 140 2
889 140 2
1257 140 2
1436 140 2
1145 140 2
1217 140 2
1023 140 1
1093 140 2
1511 140 2
988 140 1
983 140 2
983 140 1
1381 140 1
1259 140 2
1259 140 2
758 140 2
910 140 2
804 140 1
804 140 2
535 140 1
971 140 2
835 140 2
835 140 2
518 140 2
1206 140 2
1327 140 2
795 140 2
795 140 1
1197 140 2
982 140 2
275 140 1
1016 140 2
1016 140 2
506 140 1
1415 140 2
1415 140 2
1374 140 2
1011 140 2
913 140 2
1432 140 2
776 140 2
538 140 2
1105 140 1
1732 140 2
1509 140 2
975 140 1
1214 140 2
54 140 2
1178 140 1
1178 140 2
1495 140 2
1496 140 1
1209 140 2
1209 140 2
1273 140 1
1125 140 2
1263 140 2
1263 140 1
650 140 2
789 140 2
655 140 2
1848 140 2
1078 140 1
1078 140 1
1404 140 2
1286 140 2
1401 140 2
798 140 2
1345 140 2
1424 140 2
82 140 2
1711 140 2
936 140 2
1364 140 2
725 140 2
1272 140 2
844 140 2
844 140 1
1276 140 2
927 140 2
1335 140 2
1548 140 2
1336 140 2
755 140 1
1203 140 2
1073 140 1
781 140 2
1810 140 2
1904 140 2
764 140 2
573 140 1
1046 140 2
891 140 2
873 140 2
328 140 2
1334 140 2
1359 140 2
841 140 2
1332 140 2
1102 140 2
1102 140 2
759 140 2
1378 140 2
1070 140 2
1021 140 1
1382 140 2
790 140 2
514 140 2
1330 140 2
1331 140 2
1274 140 2
1231 140 2
1182 140 1
929 140 2
290 140 2
1329 140 2
784 140 2
1043 140 2
750 140 1
1189 140 2
774 140 2
1138 140 2
438 140 2
284 140 1
869 140 2
869 140 2
902 140 2
803 140 1
803 140 2
1512 142 1
1846 142 1
1783 142 2
1539 142 2
1553 142 2
1978 142 1
1470 142 2
1570 142 2
1382 142 1
1717 142 2
48 146 2
66 148 2
1376 149 2
2713 150 2
2649 150 2
1085 153 2
2294 153 2
1495 154 2
1223 154 2
1404 154 2
1327 154 2
1934 156 2
1436 156 2
168 157 2
1381 158 2
1130 158 2
2315 162 2
2310 162 2
2093 162 1
2309 162 1
2416 162 2
1436 162 2
2684 164 1
206 165 1
373 165 2
1214 167 2
1000 167 2
1000 167 2
1386 167 1
914 167 1
789 167 1
907 167 1
2667 167 1
2120 167 1
1848 167 1
2684 167 1
2019 167 2
2927 167 1
798 167 2
798 167 1
1579 167 2
1075 167 1
564 167 2
1833 167 1
640 167 1
3013 167 1
1903 167 1
2920 167 2
844 167 2
927 167 1
988 167 1
755 167 2
752 167 1
1073 167 1
702 167 1
80 167 1
1904 167 2
863 167 2
2091 167 1
94 167 2
2086 167 1
44 167 1
779 167 1
1801 167 1
615 167 1
2612 167 1
48 167 1
717 167 1
943 167 2
835 167 2
1044 167 1
906 167 1
972 167 1
1867 167 2
1586 167 2
1586 167 1
2992 167 1
2597 167 2
2681 167 1
275 167 1
1016 167 2
1604 167 1
1674 167 1
723 167 1
2692 167 1
909 167 1
2035 167 2
1011 167 2
2928 167 1
438 167 1
538 167 2
1631 167 1
2712 167 1
1105 167 1
1105 167 1
982 171 1
1274 171 1
1124 171 2
1093 171 2
943 171 2
1568 171 1
1102 171 2
702 171 1
1205 171 2
1206 171 2
1381 171 1
1361 171 1
1176 171 1
1327 171 2
1427 171 1
2311 172 1
2416 172 2
1214 173 2
1400 173 1
844 173 2
1329 173 1
1258 173 1
2803 174 1
1035 175 2
1214 175 2
1000 175 2
1478 175 2
1185 175 2
1263 175 2
1470 175 2
1179 175 2
1332 175 2
1010 175 2
1108 175 2
1350 175 2
1064 175 2
759 175 2
1512 175 2
1206 175 2
1418 175 2
1401 175 2
798 175 2
1345 175 2
1075 175 2
1361 175 2
1327 175 2
1424 175 2
1096 175 2
1530 175 1
1257 175 2
790 175 2
1151 175 1
1145 175 2
1274 175 2
1182 175 2
1182 175 2
1272 175 2
844 175 2
1023 175 2
1376 175 2
1543 175 2
752 175 2
1349 175 2
1349 175 2
1374 175 2
1381 175 2
1432 175 2
754 175 2
902 175 2
2388 176 2
1977 176 2
1982 176 2
2131 176 2
2131 176 2
1952 176 1
1952 176 1
2315 176 2
2203 176 2
2304 176 2
2336 176 2
2093 176 1
1785 176 2
2294 176 2
2120 176 2
2364 176 2
2199 176 2
2121 176 2
2033 176 2
2452 176 2
1736 176 1
2337 176 1
1769 176 2
1330 177 2
1495 177 1
1331 177 2
1272 177 2
1182 177 2
1231 177 2
1539 177 2
1276 177 2
1213 177 2
1332 177 2
1073 177 2
1223 177 2
1070 177 1
634 178 1
638 178 1
344 178 1
79 178 1
93 178 1
1218 178 1
1089 178 1
120 178 1
907 178 1
918 178 1
1075 178 1
640 178 1
1145 178 1
566 178 1
536 178 1
1023 178 1
1023 178 1
1122 178 1
988 178 1
664 178 1
702 178 1
307 178 1
983 178 1
983 178 1
661 178 1
1061 178 1
580 178 1
863 178 1
863 178 1
535 178 1
1047 178 1
1047 178 1
971 178 1
708 178 1
647 178 1
528 178 1
518 178 1
314 178 1
707 178 1
419 178 1
795 178 1
112 178 1
1197 178 1
982 178 1
275 178 1
287 178 1
342 178 1
506 178 1
723 178 1
723 178 1
909 178 1
999 178 1
37 178 1
534 178 1
405 178 1
913 178 1
133 178 1
776 178 1
538 178 1
1105 178 1
1105 178 1
613 178 1
345 178 1
317 178 1
975 178 1
54 178 1
1178 178 1
1178 178 1
1000 178 1
567 178 1
1209 178 1
406 178 1
1125 178 1
662 178 1
650 178 1
1179 178 1
789 178 1
789 178 1
109 178 1
655 178 1
847 178 1
531 178 1
34 178 1
564 178 1
417 178 1
82 178 1
413 178 1
755 178 1
731 178 1
752 178 1
706 178 1
1073 178 1
80 178 1
327 178 1
1085 178 1
573 178 1
632 178 1
311 178 1
1046 178 1
603 178 1
720 178 1
94 178 1
891 178 1
891 178 1
328 178 1
841 178 1
544 178 1
615 178 1
48 178 1
1076 178 1
410 178 1
1096 178 1
431 178 1
790 178 1
790 178 1
1086 178 1
514 178 1
1151 178 1
612 178 1
548 178 1
81 178 1
1124 178 1
929 178 1
290 178 1
784 178 1
330 178 1
98 178 1
441 178 1
571 178 1
438 178 1
284 178 1
316 178 1
803 178 1
1548 183 1
1791 183 1
1307 183 2
2335 186 2
344 187 2
544 187 2
662 187 2
650 187 2
277 187 2
708 187 1
647 187 1
120 187 2
330 187 1
109 187 2
327 187 2
314 187 2
410 187 2
112 187 1
44 187 1
82 187 1
431 187 2
345 187 2
613 187 1
514 187 2
2165 189 1
1021 190 2
3054 192 2
154 193 2
462 193 2
243 193 1
399 193 2
586 193 2
588 193 2
208 193 1
382 193 2
187 193 2
690 193 2
374 193 1
193 193 2
373 193 2
206 193 1
395 193 1
384 193 2
141 193 2
257 193 2
365 193 2
219 193 2
488 193 1
262 193 2
375 193 2
16 193 2
356 193 2
3032 195 2
2993 195 2
3054 195 2
399 196 2
141 196 2
1209 197 2
1217 197 1
1415 198 1
1436 198 2
2604 200 2
2588 200 1
2945 200 1
2606 200 2
2603 200 2
2603 200 2
2649 200 2
2544 200 2
2762 200 1
2503 200 1
2667 200 2
2667 200 1
2834 200 2
3042 200 1
3057 200 2
2981 200 2
2601 200 2
2601 200 2
2982 200 2
2933 200 1
2543 200 2
2602 200 2
1496 201 1
2756 202 1
1461 203 2
1998 203 2
2281 204 2
2224 204 1
2141 204 2
1674 204 2
2198 204 2
2549 204 2
1955 204 2
2486 204 2
2019 204 2
2165 204 2
2164 204 2
1990 204 2
2509 204 2
2376 204 2
2280 204 2
2227 204 1
2445 204 1
1769 204 2
1968 204 2
2281 206 2
2461 206 2
1218 206 2
2357 206 1
2439 206 2
2358 206 1
2440 206 1
907 206 1
1894 206 2
1108 206 1
1205 206 2
1206 206 2
1783 206 2
1404 206 1
2370 206 2
2330 206 2
2415 206 1
2281 207 2
1329 207 1
1345 207 1
1785 207 1
1802 207 1
2280 207 2
2227 207 2
2749 209 2
2920 209 1
2606 209 2
2815 209 1
2599 209 1
3002 209 1
2649 209 1
2756 209 1
2816 209 1
2816 209 1
2667 209 1
2695 209 1
2803 209 1
3077 209 1
2959 209 1
2745 209 1
2508 209 2
2982 209 1
3048 209 1
2543 209 1
2602 209 2
2712 209 2
3013 209 2
3082 209 1
2826 209 2
1695 210 1
1977 210 2
1666 210 2
1978 210 2
1543 210 2
1925 210 2
1510 210 2
1667 210 2
1511 212 1
1955 213 2
2486 213 1
1967 213 2
1968 213 2
1381 215 2
541 215 2
1888 215 2
1666 215 2
1386 215 2
1967 215 2
287 215 2
324 215 2
1361 215 2
1894 215 2
1667 215 2
1968 215 2
154 217 2
2281 218 2
2281 218 2
1996 218 2
2357 218 2
2358 218 2
2440 218 2
1879 218 2
1879 218 1
1350 218 2
1758 218 2
1915 218 2
2019 218 2
1959 218 2
1967 218 2
1967 218 2
1424 218 2
2157 218 1
2376 218 2
2280 218 2
1720 218 1
1973 218 2
1903 218 1
2203 218 2
1998 218 1
1809 218 2
1510 218 2
1785 218 2
2294 218 2
2286 218 2
1904 218 2
1955 218 2
2084 218 2
2161 218 1
2091 218 2
1990 218 2
2096 218 2
2086 218 1
2022 218 2
1956 218 2
1956 218 2
2337 218 2
2369 218 2
2316 218 2
1982 218 2
2310 218 2
2307 218 1
1568 218 1
2320 218 2
1894 218 2
2199 218 2
1970 218 2
1586 218 1
1971 218 2
2270 218 1
2132 218 2
1984 218 2
2224 218 2
2398 218 2
2315 218 2
2315 218 2
1674 218 2
1674 218 2
2020 218 2
2311 218 1
1349 218 2
2035 218 2
1802 218 1
1979 218 2
2255 218 2
1902 218 2
1846 218 2
2453 218 2
1969 218 1
1897 218 1
2033 218 2
2165 218 2
1719 218 2
1749 218 2
1732 218 2
1509 218 2
2227 218 1
1968 218 2
1968 218 2
1424 219 1
1209 220 2
902 220 2
1063 222 1
988 222 2
1089 222 2
2921 222 1
1980 223 2
2928 224 2
2803 224 2
1897 225 1
1095 226 1
1016 226 1
328 226 1
1580 228 1
1968 230 2
2599 232 1
1970 235 2
1957 235 2
2131 236 2
2749 238 2
3266 238 1
2612 238 2
2597 238 2
3081 238 2
2781 238 2
3158 238 2
3138 238 2
3139 238 2
3117 238 2
3042 238 1
1510 239 2
1426 239 2
496 240 1
1915 241 2
1980 241 2
1996 244 2
2439 244 2
2357 244 1
2304 244 2
2198 244 2
2198 244 2
2093 244 1
2358 244 1
2448 244 1
2486 244 2
1958 244 2
2394 244 2
2464 244 2
2376 244 1
2280 244 2
2475 244 2
2256 244 2
2203 244 2
2286 244 2
2452 244 1
1990 244 2
2096 244 1
2022 244 2
2369 244 1
2331 244 2
2604 244 1
2451 244 2
2335 244 2
2335 244 2
2320 244 2
1867 244 2
2199 244 2
1966 244 1
2330 244 2
2050 244 2
2270 244 1
2270 244 1
2191 244 2
2388 244 2
2588 244 1
2224 244 1
2315 244 2
2311 244 2
2336 244 2
2035 244 2
1979 244 2
2255 244 2
1897 244 1
2164 244 2
1719 244 2
2309 244 1
2227 244 1
1968 244 2
375 245 2
1735 248 2
1089 248 2
1966 249 2
1263 249 2
891 249 2
2843 251 2
1915 252 2
2033 252 2
1719 252 2
638 253 2
81 253 2
66 253 2
187 253 2
311 253 2
277 253 2
723 253 2
413 253 2
528 253 2
431 253 2
1958 255 2
2311 255 2
2977 259 2
2841 259 1
3053 259 2
2612 259 2
2815 259 1
3058 259 1
2649 259 2
2727 259 1
2730 259 2
2762 259 1
2803 259 1
2811 259 1
2540 259 2
2597 259 2
2982 259 1
2827 259 2
2899 259 1
2920 259 2
3121 259 2
2606 259 2
2756 259 1
3042 259 1
3054 259 2
3054 259 2
2553 259 2
2981 259 2
3048 259 1
2781 259 2
2712 259 2
2740 259 1
2826 259 2
1580 260 1
2553 261 2
1984 261 2
2435 261 1
2321 263 1
2540 263 1
2320 263 2
2416 263 2
2319 263 2
2877 265 1
731 269 2
1105 269 2
2604 270 1
2588 270 1
2540 270 2
2587 270 1
1374 273 1
544 275 2
723 275 2
975 276 1
49 276 2
841 276 2
717 276 1
2310 276 1
789 276 2
1102 276 2
1108 276 1
906 276 1
2120 276 1
2120 276 1
791 276 1
1959 276 2
961 276 1
918 276 2
1070 276 2
889 276 1
2132 276 1
1530 276 1
790 276 2
514 276 1
1364 276 1
2225 276 1
536 276 2
755 276 2
752 276 1
2294 276 2
1347 276 1
1052 276 2
2161 276 1
1420 276 1
284 276 2
910 276 2
873 276 2
2086 276 1
1422 276 2
803 276 2
803 276 2
2981 277 2
2981 277 2
1675 278 2
2157 279 2
1000 280 2
1189 280 2
1984 282 2
775 282 2
1478 282 2
749 282 2
1329 282 1
1861 282 1
1618 282 2
1347 282 1
1879 282 2
750 282 2
1810 282 2
1559 282 1
1401 282 1
1345 282 2
1847 282 1
1426 282 2
1359 283 2
54 283 2
1178 283 2
1178 283 2
1263 283 2
931 283 2
1258 283 2
835 283 2
1152 283 2
1010 283 2
1102 283 2
1076 283 2
847 283 2
759 283 2
1063 283 2
972 283 2
1378 283 2
1223 283 2
1078 283 2
1176 283 2
1130 283 2
1145 283 2
844 283 2
1023 283 2
1124 283 2
929 283 2
927 283 2
749 283 2
988 283 2
723 283 2
830 283 2
1203 283 2
1061 283 2
1052 283 2
1259 283 2
1259 283 2
776 283 2
776 283 2
328 283 2
2748 284 1
632 285 2
2394 286 2
2749 288 2
2790 288 1
2977 288 2
3058 288 1
2687 288 2
2730 288 1
2654 288 2
2688 288 2
2653 288 2
2745 288 1
2943 288 1
3041 288 1
2982 288 1
3010 288 2
3048 288 1
2781 288 2
2827 288 1
1824 289 2
2841 289 2
2841 289 2
2869 289 2
3081 289 2
2842 289 2
3058 289 2
2439 289 2
2727 289 2
2939 289 2
2803 289 2
2993 289 2
2904 289 2
2969 289 2
2713 289 2
3041 289 2
2927 289 2
1925 289 2
2840 289 2
3151 289 2
2945 289 2
2790 289 2
3002 289 2
1952 289 2
2756 289 2
2696 289 2
2843 289 2
2834 289 2
2566 289 2
3117 289 2
3231 289 2
1461 289 2
2941 289 2
1509 289 1
891 291 2
2529 292 2
1334 293 1
2977 294 2
3239 294 2
3222 294 2
3082 294 2
586 297 1
3222 299 2
2585 299 2
2945 300 1
2745 300 1
2878 300 1
2649 300 2
2921 300 1
317 301 2
528 301 2
3002 302 1
2730 302 2
566 303 1
2265 303 2
93 303 2
536 303 2
2282 303 2
2439 303 2
1809 303 2
708 303 1
706 303 1
2294 303 1
80 303 1
571 303 2
2121 303 1
541 303 2
2530 303 2
2394 303 1
94 303 1
564 303 2
2227 303 2
613 303 1
2614 306 2
344 309 1
374 310 2
1981 311 2
775 311 1
1323 311 2
1568 311 1
822 311 1
1667 311 2
534 311 2
307 311 1
1078 311 2
1666 311 2
1839 311 2
1560 311 1
112 311 2
1711 311 2
1530 311 1
2445 311 1
1717 311 2
1824 312 2
2606 312 2
2977 312 2
2439 312 2
2198 312 2
2661 312 1
1785 312 2
2255 312 2
1958 312 2
2161 312 2
2096 312 1
1925 312 1
3013 312 1
2445 312 1
1769 312 2
3082 312 2
317 313 1
1214 313 2
406 313 2
1386 313 1
931 313 2
2198 313 1
907 313 1
1418 313 1
1401 313 1
1813 313 2
1579 313 1
1424 313 2
1307 313 1
2376 313 1
1257 313 2
830 313 1
2286 313 2
2299 313 2
66 313 2
1143 313 1
2086 313 1
2301 313 1
2141 313 2
324 313 1
1332 313 1
1333 313 1
2320 313 1
1613 313 2
2319 313 1
2199 313 1
2321 313 1
1970 313 1
314 313 1
1586 313 2
795 313 1
431 313 1
1086 313 2
2749 313 2
3201 313 2
2020 313 2
999 313 1
2416 313 2
1916 313 2
774 313 1
1553 313 1
2309 313 2
869 313 1
869 313 1
2227 313 2
345 313 1
983 315 1
791 315 2
779 315 2
931 315 2
909 315 2
804 315 2
907 315 2
907 315 2
759 315 2
803 315 2
486 318 2
2704 321 2
3126 321 1
731 321 2
2843 321 2
2688 321 2
120 323 2
257 324 2
971 325 2
441 325 2
931 325 2
1089 325 2
936 325 1
3160 326 2
3128 326 2
2841 326 2
2748 326 1
2667 326 1
2667 326 2
2654 326 2
2993 326 2
2653 326 1
2684 326 2
2683 326 2
2683 326 2
3165 326 2
3009 326 2
3009 326 2
3013 326 2
3082 326 2
2920 326 2
3151 326 2
2800 326 2
2899 326 2
3121 326 2
2945 326 1
2945 326 1
2660 326 2
2756 326 1
2686 326 2
2834 326 2
3231 326 2
3156 326 2
3035 326 1
3275 326 1
2798 326 1
2612 326 2
2612 326 2
3174 326 2
2815 326 1
2815 326 1
2727 326 2
3173 326 2
2969 326 2
2797 326 2
3057 326 1
2959 326 1
2597 326 2
2873 326 1
3113 326 1
2565 326 2
3192 326 1
3201 326 2
3243 326 2
2816 326 2
2816 326 2
2692 326 2
2696 326 2
2843 326 2
2843 326 2
2507 326 2
2928 326 2
2508 326 2
2508 326 2
2796 326 2
3048 326 1
2740 326 2
1035 327 2
1205 327 2
1231 327 1
1801 327 1
795 327 1
947 327 1
936 327 2
1570 328 1
1783 330 2
1985 330 2
1956 333 2
1601 337 1
2477 338 2
488 339 2
158 339 2
367 339 2
384 339 2
168 339 2
492 339 2
1902 340 2
2224 340 1
1985 340 2
1674 340 2
1813 340 1
943 340 2
2357 340 2
2161 340 2
1839 340 2
2509 340 2
2227 340 2
3275 342 1
2840 342 1
2999 342 1
3192 342 1
2869 342 1
2599 342 1
3201 342 2
3080 342 1
3164 342 2
3120 342 1
3244 342 1
3266 342 1
2781 342 1
3158 342 2
2602 342 2
3095 342 2
3139 342 2
2681 342 1
374 343 2
586 343 2
327 344 1
784 344 1
906 344 1
1594 347 2
1613 347 2
1478 348 2
1695 350 1
1047 350 2
2301 350 1
2141 350 2
1618 350 2
1512 350 2
1758 350 2
1666 350 2
1813 350 1
1579 350 1
1176 350 1
1307 350 1
1847 350 1
1382 350 2
2388 350 2
1330 350 1
2225 350 1
1182 350 2
2224 350 1
1791 350 1
1548 350 1
1594 350 1
1594 350 1
1675 350 2
1581 350 1
2299 350 1
1491 350 1
758 350 2
1839 350 2
1719 350 1
1427 352 1
1052 354 1
207 355 2
154 356 2
167 356 2
462 356 2
243 356 1
399 356 2
10 356 2
586 356 2
588 356 1
208 356 1
587 356 1
382 356 2
187 356 2
383 356 1
690 356 2
496 356 1
245 356 1
492 356 1
168 356 2
246 356 1
374 356 2
193 356 2
206 356 2
373 356 2
244 356 2
160 356 2
158 356 2
248 356 1
395 356 1
396 356 1
384 356 2
218 356 2
141 356 2
257 356 2
189 356 2
381 356 1
365 356 2
219 356 2
488 356 1
367 356 2
262 356 2
375 356 2
172 356 1
242 356 1
16 356 2
486 356 2
356 356 2
355 356 2
207 356 2
1286 358 1
1631 358 2
775 362 2
2398 362 2
2141 362 1
2439 362 2
2311 362 2
2358 362 1
2440 362 2
2529 362 2
1916 362 1
2370 362 1
2455 362 2
2270 362 1
1736 362 1
2280 362 2
2369 362 1
1400 363 2
1218 363 2
1323 363 2
914 363 2
931 363 2
931 363 2
1302 363 2
2120 363 2
1959 363 2
1967 363 2
1075 363 2
1075 363 2
1580 363 2
889 363 2
1833 363 2
1257 363 2
1436 363 2
1436 363 2
1145 363 2
1145 363 2
1217 363 2
1122 363 2
1093 363 2
1791 363 2
830 363 2
1061 363 2
1061 363 2
1955 363 2
1955 363 2
1381 363 2
1381 363 2
1052 363 2
1259 363 2
1259 363 2
863 363 2
758 363 2
2096 363 2
2022 363 2
1956 363 2
2415 363 2
1422 363 2
1047 363 2
1047 363 2
971 363 2
1423 363 2
2141 363 2
943 363 2
943 363 2
835 363 2
2307 363 2
2307 363 2
1512 363 2
1512 363 2
1205 363 2
1205 363 2
972 363 2
1206 363 2
1206 363 2
1783 363 2
1966 363 2
2270 363 2
1417 363 2
982 363 2
982 363 2
775 363 2
1016 363 2
1016 363 2
909 363 2
999 363 2
1374 363 2
776 363 2
1736 363 2
2164 363 2
1732 363 2
975 363 2
975 363 2
1824 363 2
1000 363 2
1496 363 2
1213 363 2
1010 363 2
1879 363 2
655 363 2
2019 363 2
1401 363 2
1401 363 2
798 363 2
798 363 2
1345 363 2
1847 363 2
417 363 2
936 363 2
1364 363 2
725 363 2
2131 363 2
2131 363 2
1539 363 2
2203 363 2
2203 363 2
755 363 2
755 363 2
2248 363 2
822 363 2
781 363 2
1085 363 2
1461 363 2
1143 363 2
632 363 2
603 363 2
873 363 2
1359 363 2
1695 363 2
1801 363 2
2503 363 2
759 363 2
961 363 2
961 363 2
1021 363 2
1086 363 2
1086 363 2
612 363 2
1151 363 2
1151 363 2
2224 363 2
1182 363 2
1231 363 2
1952 363 2
1674 363 2
1674 363 2
1543 363 2
2311 363 2
1675 363 2
1189 363 2
1902 363 2
754 363 2
1631 363 2
1839 363 2
1719 363 2
1719 363 2
2309 363 2
1749 363 2
1749 363 2
316 363 2
634 363 2
79 363 2
2281 363 2
1478 363 2
1185 363 2
1258 363 2
1258 363 2
1089 363 2
1152 363 2
1152 363 2
907 363 2
907 363 2
1618 363 2
1618 363 2
1095 363 2
1758 363 2
1063 363 2
1813 363 2
918 363 2
918 363 2
1361 363 2
1361 363 2
1976 363 2
640 363 2
2376 363 2
2280 363 2
2256 363 2
1977 363 2
1977 363 2
1828 363 2
1710 363 2
1023 363 2
1023 363 2
988 363 2
1809 363 2
1914 363 2
983 363 2
983 363 2
910 363 2
1560 363 2
804 363 2
1035 363 2
1035 363 2
1888 363 2
2310 363 2
1894 363 2
2199 363 2
419 363 2
2050 363 2
1978 363 2
1978 363 2
1327 363 2
1327 363 2
795 363 2
1925 363 2
1925 363 2
1769 363 2
1717 363 2
1591 363 2
1427 363 2
1981 363 2
1197 363 2
2398 363 2
723 363 2
1415 363 2
1415 363 2
1980 363 2
913 363 2
133 363 2
1432 363 2
2165 363 2
1105 363 2
1105 363 2
1214 363 2
1214 363 2
1495 363 2
54 363 2
1178 363 2
1178 363 2
2265 363 2
1273 363 2
1209 363 2
1996 363 2
1263 363 2
1263 363 2
2198 363 2
2300 363 2
789 363 2
1617 363 2
2440 363 2
2448 363 2
1108 363 2
1108 363 2
1350 363 2
531 363 2
1848 363 2
847 363 2
1078 363 2
1078 363 2
1418 363 2
1404 363 2
1666 363 2
1176 363 2
1130 363 2
1272 363 2
1272 363 2
1276 363 2
927 363 2
1548 363 2
1785 363 2
1203 363 2
1073 363 2
1073 363 2
1810 363 2
2299 363 2
764 363 2
1990 363 2
720 363 2
891 363 2
94 363 2
328 363 2
1334 363 2
1982 363 2
2301 363 2
544 363 2
49 363 2
841 363 2
779 363 2
48 363 2
717 363 2
1470 363 2
1470 363 2
1332 363 2
1333 363 2
1102 363 2
1102 363 2
1064 363 2
906 363 2
1707 363 2
1970 363 2
791 363 2
1586 363 2
1971 363 2
1070 363 2
1070 363 2
1382 363 2
1382 363 2
790 363 2
1330 363 2
1983 363 2
1274 363 2
1274 363 2
1984 363 2
1604 363 2
1124 363 2
929 363 2
929 363 2
2020 363 2
1329 363 2
1329 363 2
749 363 2
1570 363 2
1349 363 2
1349 363 2
1589 363 2
784 363 2
98 363 2
1581 363 2
1581 363 2
750 363 2
750 363 2
2255 363 2
441 363 2
1969 363 2
1138 363 2
1491 363 2
1553 363 2
869 363 2
869 363 2
2227 363 2
1968 363 2
902 363 2
803 363 2
419 364 2
2131 369 2
133 370 2
789 370 2
1102 372 2
1454 372 1
1415 372 1
1257 372 2
1436 372 2
1179 373 2
2501 375 2
2585 375 1
2415 375 2
290 378 2
612 382 2
1273 387 2
1888 387 2
1707 387 2
1205 387 2
1915 387 1
1206 387 2
1970 387 2
1957 387 2
1966 387 2
2019 387 2
961 387 1
1345 387 2
1176 387 2
1833 387 2
1720 387 2
1769 387 2
1903 387 1
1828 387 2
1274 387 2
1735 387 1
1182 387 2
1710 387 1
1539 387 2
1329 387 1
1329 387 2
1589 387 2
1510 387 2
1594 387 2
1902 387 1
1916 387 2
1846 387 2
1559 387 2
1461 387 2
1461 387 2
754 387 2
1736 387 2
1990 387 2
342 389 1
1984 390 1
1952 390 1
1967 390 1
2950 391 1
567 392 1
1075 392 1
822 392 1
2834 392 1
2834 392 1
2877 392 1
534 392 2
167 393 2
2131 396 2
918 397 2
82 397 1
2605 398 2
2416 398 2
1934 399 2
1423 399 2
1888 399 1
1801 399 2
1802 399 1
1594 399 2
1785 399 2
1618 399 2
1894 399 2
1879 399 2
1810 399 2
1381 399 2
1970 399 2
1361 399 1
1976 399 2
1847 399 2
2022 399 2
1711 399 2
1720 399 2
1035 401 2
1334 401 1
2461 401 2
1496 401 1
1478 401 2
1996 401 2
943 401 2
1152 401 2
1617 401 1
1333 401 1
1102 401 2
1894 401 2
1108 401 1
2120 401 1
1512 401 2
1205 401 2
1586 401 2
1361 401 2
1417 401 1
1382 401 2
1436 401 2
2398 401 2
2263 401 1
2131 401 2
1998 401 2
2087 401 1
1415 401 1
1347 401 1
1980 401 2
1980 401 2
2533 401 2
1559 401 1
1381 401 1
1461 401 2
2084 401 2
1426 401 2
1980 403 2
1824 405 2
1178 405 2
1178 405 2
1386 405 1
1510 405 1
1044 405 1
2035 405 1
999 405 1
109 405 1
1955 405 2
1813 405 1
1978 405 2
1560 405 1
1086 405 2
1122 406 1
795 406 2
1064 406 1
2225 409 1
2224 409 1
1307 414 2
2453 416 2
2394 416 2
2256 416 2
1334 417 1
1400 417 1
1423 417 2
1496 417 1
1273 417 1
931 417 2
1618 417 2
1350 417 1
1512 417 2
1205 417 1
1417 417 1
1769 417 2
1720 417 1
1735 417 1
1274 417 1
929 417 2
1335 417 1
1336 417 1
1349 417 1
1349 417 1
1589 417 2
1510 417 1
1415 417 1
822 417 1
1581 417 1
1810 417 2
1916 417 1
1559 417 2
1461 417 1
1259 417 1
1432 417 1
754 417 2
1719 417 1
2873 419 1
3042 419 1
545 420 2
1720 421 1
1981 422 2
1334 422 1
1586 422 2
1978 422 2
1631 422 2
2022 422 2
759 422 2
2104 422 1
2125 422 2
2604 424 1
2588 424 1
2461 424 2
2603 424 2
2601 424 2
2527 424 2
2602 424 2
1990 425 2
707 427 2
562 427 1
1867 429 2
94 431 2
863 431 2
1043 431 2
2281 432 2
2280 432 2
752 434 1
791 435 2
2186 435 2
2612 436 2
835 437 2
943 438 2
1345 438 2
1427 438 1
93 441 2
1359 443 1
1334 443 1
2451 443 2
2203 443 2
1511 443 1
2198 443 2
1335 443 1
1336 443 1
1332 443 1
830 443 2
2803 443 1
2120 443 2
2533 443 2
2199 443 2
2121 443 2
3041 443 2
873 443 2
1130 443 2
316 443 1
662 445 2
2533 447 2
1152 448 1
514 448 1
244 449 2
355 450 2
1559 453 2
1478 453 1
1327 453 2
1675 453 2
82 453 2
1586 458 2
1543 458 1
1570 458 1
365 460 2
947 462 2
655 462 1
936 462 1
1824 463 2
1423 463 2
1888 463 1
2020 463 2
2020 463 2
1470 463 2
1424 463 2
1998 463 2
1601 463 1
1925 463 2
1749 463 2
1509 463 2
2803 464 1
154 465 2
462 465 2
399 465 2
141 465 2
208 465 2
587 465 2
189 465 2
367 465 2
262 465 2
690 465 2
245 465 1
374 465 2
242 465 1
16 465 2
193 465 2
373 465 2
160 465 2
207 465 2
790 467 1
2132 470 2
2704 471 2
3165 471 1
2878 471 2
2781 471 2
2565 471 2
2688 471 2
775 474 2
1478 474 2
2388 476 2
2316 476 1
1984 476 2
2263 476 2
1985 476 2
2203 476 1
2357 476 1
2357 476 1
2304 476 2
2336 476 2
2358 476 1
2448 476 1
2199 476 1
2098 476 1
1967 476 2
2096 476 1
2096 476 1
1925 476 1
1732 476 1
1973 476 1
2141 479 2
462 481 2
158 481 2
157 481 2
243 481 2
218 481 2
2035 481 1
208 481 1
587 481 2
381 481 2
492 481 2
168 481 2
246 481 2
242 481 2
486 481 2
356 481 2
3032 482 2
2691 482 2
2928 482 1
2745 482 1
2841 482 1
3002 482 2
2933 482 1
2687 482 2
3013 482 1
2688 482 2
2800 485 2
2790 485 1
535 486 2
548 486 2
81 486 1
93 486 2
536 486 2
340 486 1
562 486 1
723 486 2
650 486 1
277 486 2
324 486 2
413 486 2
708 486 2
647 486 2
330 486 2
98 486 2
531 486 2
307 486 2
661 486 2
707 486 2
419 486 2
438 486 2
410 486 2
417 486 2
219 487 2
242 487 2
244 487 2
189 487 2
1424 488 1
835 488 2
1613 488 2
1973 488 1
2191 488 1
2125 488 2
983 489 1
947 489 1
936 489 1
1011 491 2
1000 491 2
844 491 2
1125 491 2
1016 491 2
931 491 2
835 491 2
752 491 1
664 491 2
947 491 2
936 491 1
1977 492 1
2084 492 2
1990 492 2
1978 492 1
562 495 2
1982 496 2
1925 496 1
3151 499 2
3160 499 2
172 499 2
3073 499 2
791 500 1
1386 500 1
2050 500 2
2131 502 2
2527 503 2
661 504 1
3057 505 2
1666 505 2
1333 505 1
367 506 2
375 506 1
690 507 1
16 507 2
208 507 1
566 510 2
586 510 2
98 510 2
2928 512 1
154 513 2
167 513 2
462 513 2
243 513 2
399 513 2
10 513 2
588 513 2
587 513 2
383 513 2
1970 513 2
496 513 2
245 513 2
246 513 2
193 513 2
206 513 2
244 513 2
160 513 2
1981 513 2
248 513 2
396 513 2
384 513 2
218 513 2
141 513 2
2311 513 2
189 513 2
381 513 2
365 513 1
571 513 2
262 513 2
375 513 1
172 513 2
1990 513 2
242 513 2
225 513 2
486 513 2
2309 513 2
356 513 2
355 513 2
406 514 2
355 515 2
381 515 2
1043 518 2
1897 519 2
1570 519 2
1259 520 1
1258 520 1
1454 520 1
1085 521 2
1980 522 2
2660 525 1
1423 527 1
10 529 2
365 529 2
1675 530 2
1359 531 1
931 531 2
1904 532 2
1491 532 1
573 533 2
2797 534 1
2770 534 1
1530 534 1
2566 534 2
1655 534 1
1011 537 1
1512 539 2
1810 539 2
1904 539 1
1970 539 2
1601 539 2
1427 539 2
34 540 1
307 540 2
54 540 2
314 540 1
275 540 1
275 540 1
290 540 2
545 540 2
284 540 2
109 540 2
37 540 1
345 540 2
2388 541 2
1047 541 2
1272 541 1
2087 541 1
2093 541 1
2294 541 2
1095 541 1
3077 541 1
764 541 2
1061 541 1
961 541 1
798 541 1
1345 541 1
2464 541 2
1021 541 2
804 541 1
1105 541 1
2227 541 2
1086 541 2
573 543 2
1543 543 2
1021 543 2
1707 543 2
750 543 2
1914 544 1
1846 544 1
79 544 1
2451 544 2
290 544 1
3010 544 2
3126 544 1
1617 544 1
2843 544 1
1879 544 1
1980 544 2
545 545 2
936 546 1
1151 548 1
1272 548 2
1426 548 2
1454 548 2
750 548 2
2331 552 2
158 552 2
248 552 1
395 552 2
10 552 2
2335 552 2
587 552 2
488 552 2
382 552 2
383 552 2
262 552 2
496 552 2
492 552 2
168 552 2
193 552 2
1560 552 1
1382 552 1
613 552 1
160 552 1
3128 554 1
3128 554 1
2869 554 1
2869 554 1
2654 554 1
2877 554 1
2653 554 1
2684 554 1
2683 554 1
3165 554 1
3165 554 1
3139 554 1
3082 554 1
3082 554 1
2899 554 1
2800 554 1
2800 554 1
3121 554 1
3121 554 1
2945 554 1
2945 554 1
3222 554 1
3222 554 1
3117 554 1
3244 554 1
2941 554 1
2823 554 1
3156 554 1
3156 554 1
3035 554 1
3095 554 1
2857 554 1
2857 554 1
3078 554 1
2999 554 1
2977 554 1
2798 554 1
3079 554 1
2815 554 1
3081 554 1
3080 554 1
3173 554 1
2950 554 1
3077 554 1
3077 554 1
3057 554 1
3057 554 1
2811 554 1
3113 554 1
3158 554 1
2602 554 1
2704 554 1
2779 554 1
2790 554 1
2844 554 1
2692 554 1
2843 554 1
2553 554 1
2691 554 1
2507 554 1
2508 554 1
2770 554 1
2825 554 1
2826 554 1
3160 554 1
2841 554 1
2842 554 1
2842 554 1
2748 554 1
3058 554 1
3058 554 1
3032 554 1
2943 554 1
2927 554 1
2927 554 1
3009 554 1
3009 554 1
3013 554 1
2660 554 1
2878 554 1
2686 554 1
3231 554 1
3042 554 1
3266 554 1
3266 554 1
2633 554 1
3247 554 1
3126 554 1
3138 554 1
3275 554 1
3174 554 1
2599 554 1
2729 554 1
2939 554 1
2730 554 1
3120 554 1
3120 554 1
2797 554 1
2797 554 1
2959 554 1
2540 554 1
2713 554 1
2873 554 1
2565 554 1
2681 554 1
2749 554 1
3185 554 1
2840 554 1
3239 554 1
3192 554 1
3201 554 1
3201 554 1
3243 554 1
2816 554 1
2816 554 1
3164 554 1
2696 554 1
2585 554 1
2949 554 1
3073 554 1
3054 554 1
2981 554 1
2928 554 1
2731 554 1
2796 554 1
2796 554 1
219 555 2
707 555 2
1176 555 1
1349 555 1
1350 555 1
1364 559 2
1401 559 2
2376 560 1
2364 560 2
588 562 2
1813 564 2
2096 564 1
2120 564 1
1914 565 2
1597 565 1
914 565 1
1579 565 2
1349 565 1
1454 565 2
1257 565 2
2224 569 2
2486 570 1
1888 571 2
1589 571 1
1902 572 1
1824 572 2
1861 572 2
975 576 2
975 576 1
1000 576 1
3128 576 1
3128 576 2
2842 576 2
3058 576 2
1089 576 2
2698 576 2
1618 576 1
2654 576 1
2653 576 1
847 576 2
2684 576 2
2683 576 2
3165 576 2
3165 576 2
2927 576 2
2927 576 1
3013 576 2
2899 576 2
3121 576 2
3121 576 2
2660 576 2
988 576 2
2686 576 2
3222 576 2
2687 576 2
2688 576 2
2688 576 2
983 576 2
3247 576 2
2941 576 2
3126 576 2
891 576 2
804 576 2
3138 576 2
3275 576 2
2999 576 1
3111 576 1
2977 576 2
2798 576 2
3079 576 2
2612 576 2
2612 576 1
3174 576 2
2815 576 2
2599 576 2
2939 576 1
1044 576 1
3120 576 2
3077 576 2
2797 576 2
2811 576 2
2959 576 1
2540 576 1
2713 576 2
2597 576 2
961 576 1
3158 576 2
2602 576 2
1086 576 2
2749 576 2
2704 576 2
982 576 2
3201 576 2
3201 576 2
3243 576 2
2816 576 2
2816 576 2
3164 576 2
2843 576 1
3073 576 2
2921 576 2
3054 576 2
2553 576 2
2691 576 2
2796 576 2
2796 576 1
2825 576 2
3111 579 2
3079 579 2
3080 579 2
2950 579 2
2969 579 2
3077 579 2
3057 579 2
2683 579 2
2713 579 2
3165 579 2
2943 579 2
2659 579 2
3013 579 2
2660 579 2
3002 579 2
2661 579 2
2687 579 2
2585 579 2
2949 579 2
2688 579 2
3054 579 2
2691 579 1
2928 579 2
2731 579 2
2823 579 2
2712 579 2
287 582 1
2464 582 2
2335 582 2
1732 582 1
218 583 2
356 583 2
1400 587 2
1209 587 2
1217 587 2
2315 587 2
1213 587 1
2198 587 2
2310 587 2
2300 587 2
2307 587 2
2307 587 2
2488 587 2
1861 587 2
1894 587 2
2453 587 2
2199 587 2
1959 587 2
1401 587 1
2509 587 2
1417 587 2
2280 587 2
1956 587 2
1952 588 1
1791 588 2
1861 588 2
1861 588 2
1347 588 1
1894 588 2
1707 588 1
1758 588 1
1904 588 2
1955 588 2
1461 588 2
1971 588 2
1666 588 2
1959 588 1
1580 588 1
1631 588 1
1719 588 1
1732 588 2
531 589 2
2749 590 1
2981 590 2
2740 590 2
2827 590 2
37 591 2
316 591 1
975 592 2
81 592 2
567 592 2
841 592 2
662 592 2
929 592 2
290 592 2
755 592 2
947 592 2
2294 592 1
906 592 2
1758 592 2
972 592 2
2098 592 2
580 592 2
2019 592 2
632 592 2
1813 592 2
776 592 2
863 592 2
603 592 1
804 592 2
869 592 2
869 592 2
936 592 2
344 594 2
1070 596 2
1073 596 2
2999 597 2
3053 597 2
2612 597 2
2748 597 2
2649 597 2
2904 597 2
2684 597 2
2683 597 2
3010 597 2
2659 597 2
2565 597 2
2800 597 2
2606 597 2
2844 597 2
2686 597 2
2661 597 2
2687 597 2
2834 597 2
2688 597 2
3042 597 2
2731 597 2
2745 597 2
3048 597 2
3035 597 2
2826 597 2
2477 598 2
1454 601 1
3244 602 1
2840 602 1
3266 602 1
1998 604 2
640 606 2
1695 608 1
1400 608 1
1735 608 2
1597 608 2
1710 608 2
1617 608 1
1809 608 1
1879 608 2
1581 608 1
750 608 1
1957 608 2
961 608 1
1420 608 1
1601 608 1
1711 608 2
1732 608 2
1591 608 2
2104 610 1
3078 612 2
3111 612 2
3128 612 1
3128 612 2
2869 612 1
2939 612 2
2667 612 2
2877 612 2
2950 612 2
3120 612 2
3077 612 2
2684 612 2
2811 612 2
2959 612 2
2540 612 2
2873 612 2
2927 612 2
3041 612 2
2565 612 2
3139 612 2
3151 612 2
3121 612 2
3192 612 2
2844 612 2
3201 612 2
3201 612 2
3243 612 2
3073 612 2
2949 612 2
2553 612 2
3266 612 1
2941 612 2
2941 612 2
2823 612 2
2796 612 2
3156 612 2
2857 612 2
2857 612 2
2825 612 2
189 613 2
1035 615 2
207 616 2
1904 619 2
1977 619 2
2270 619 1
2294 619 2
1436 619 2
1376 620 2
1996 621 2
1952 621 2
2035 621 2
2507 622 2
2977 622 2
2815 622 2
2508 622 2
2461 624 2
2529 624 2
2256 624 2
1151 625 2
1145 625 1
1078 625 1
1138 625 1
776 625 2
988 625 1
1152 625 2
2660 627 2
2508 627 2
2649 627 2
789 627 2
2388 628 2
2315 628 2
2320 628 2
2416 628 2
634 629 2
81 629 1
93 629 2
419 629 1
340 629 1
562 629 2
708 629 2
1000 630 2
1209 630 2
1218 630 2
1185 630 2
1263 630 2
931 630 2
1213 630 2
1258 630 2
650 630 2
1089 630 2
1152 630 2
1286 630 2
1401 630 2
798 630 2
1075 630 2
918 630 2
1176 630 2
1257 630 2
936 630 2
725 630 2
1272 630 2
1272 630 2
844 630 2
1023 630 2
1122 630 2
1276 630 2
1093 630 2
988 630 2
1335 630 2
755 630 2
1336 630 2
1073 630 2
702 630 2
781 630 2
1085 630 2
1061 630 2
1143 630 2
603 630 2
891 630 2
758 630 2
804 630 2
804 630 2
1035 630 2
1334 630 2
1047 630 2
943 630 2
1470 630 2
835 630 2
1333 630 2
1064 630 2
759 630 2
961 630 1
961 630 2
1070 630 2
1086 630 2
1151 630 2
1197 630 2
982 630 2
1016 630 2
1329 630 2
1043 630 2
750 630 2
913 630 2
774 630 2
1138 630 2
754 630 2
776 630 2
1420 630 2
1105 630 2
803 630 2
1904 631 2
1586 631 2
1618 631 2
382 632 2
158 632 2
243 632 2
10 632 2
172 632 1
257 632 2
486 632 2
207 632 2
2731 633 2
2612 633 2
2815 633 1
2878 633 1
2263 634 2
2121 634 2
1958 634 2
2019 634 2
2455 634 2
2330 634 2
2394 634 2
2585 634 1
2653 634 2
2532 634 2
2532 634 2
725 635 2
2398 635 1
2455 635 2
2565 635 2
2496 635 2
2157 635 2
2445 635 1
2256 635 2
1955 637 2
1286 637 2
1666 637 2
1511 637 2
943 637 2
1791 637 2
1424 637 2
1594 637 2
1956 637 2
1732 637 2
1848 637 2
1707 637 2
3239 638 1
3222 638 1
2941 639 2
2660 640 2
3053 641 2
2869 641 2
3058 641 2
2729 641 2
2877 641 1
2803 641 2
3120 641 2
2684 641 2
2959 641 2
2683 641 2
2992 641 2
2943 641 2
3041 641 2
3041 641 2
3013 641 2
2827 641 2
2681 641 1
2704 641 2
3002 641 2
2756 641 2
2756 641 2
2695 641 2
2949 641 2
2688 641 2
3042 641 2
3042 641 2
2633 641 2
2941 641 2
2914 641 2
3048 641 2
3138 641 2
2825 641 2
2826 641 2
2826 641 2
2982 642 2
1223 643 2
1274 643 1
1710 643 2
1957 643 2
1601 643 2
2035 643 2
1707 643 2
1655 643 2
1810 645 2
1231 645 1
1491 645 1
1323 645 2
1976 645 2
1568 645 2
1861 645 2
1749 645 2
1581 645 1
1707 645 2
492 646 2
2945 647 1
2606 647 2
2928 647 1
2815 647 1
2667 647 2
2826 647 1
795 648 2
1711 649 2
1959 650 2
1976 650 2
1956 650 2
1063 651 2
1061 651 2
1076 651 2
1785 652 1
1802 652 2
1824 653 2
1478 653 2
1957 653 2
1839 653 2
1719 653 2
1749 653 2
1591 653 2
1581 653 2
1707 653 1
1980 653 2
2727 654 2
2659 654 1
2825 654 2
873 655 2
1427 655 1
1461 656 2
2019 656 2
1327 656 2
1717 656 2
2842 658 2
1302 662 1
1263 665 2
1422 665 2
2398 667 1
2649 667 2
3058 667 1
2692 667 2
2335 667 2
2448 667 2
2834 667 2
2416 667 2
2416 667 2
2453 667 2
2959 667 1
2992 667 1
3041 667 2
2914 667 1
2270 667 1
3048 667 1
2132 667 2
2498 667 2
2945 669 1
1426 669 2
2695 669 1
1378 671 1
566 672 2
3078 672 1
2945 672 1
157 672 2
3128 672 2
2977 672 2
2869 672 1
3002 672 2
2762 672 1
752 672 1
381 672 2
3244 672 1
327 672 2
34 672 2
1418 672 1
2713 672 2
2933 672 1
2543 672 1
1436 672 2
2605 673 2
2857 674 2
2857 674 2
2826 674 2
2841 675 1
2842 675 1
2164 676 2
1214 678 2
157 679 2
1364 681 1
1330 681 1
1047 681 2
1329 681 2
2020 681 2
1213 681 1
1332 681 2
1302 681 1
1785 681 2
1618 681 2
1205 681 2
1223 681 2
1418 681 1
1553 681 2
1345 681 2
1813 681 2
1382 681 2
1769 681 2
1427 681 1
1330 683 1
1330 683 1
1331 683 1
1332 683 1
3057 686 2
2281 686 2
2141 686 2
2508 686 2
2488 686 1
2035 686 2
2280 686 2
3138 686 2
1655 686 2
3054 686 2
311 687 2
2225 689 1
1182 689 2
2224 689 1
929 689 2
2091 689 2
2096 689 1
1785 689 2
1257 689 1
1769 689 2
2729 691 1
2566 691 2
571 692 1
2748 692 1
723 692 1
3035 693 1
798 696 2
1010 696 2
804 696 1
1597 697 2
764 698 2
1983 700 1
3185 700 2
1959 700 2
2823 700 2
2020 700 2
3156 700 2
1478 703 2
1286 703 1
634 708 2
975 708 2
1023 708 2
1125 708 2
1185 708 1
287 708 2
342 708 2
413 708 2
1302 708 1
647 708 2
109 708 2
774 708 2
66 708 2
1206 708 1
632 708 2
311 708 2
545 708 2
863 708 2
112 708 2
1417 708 1
1785 710 2
1802 710 1
219 713 1
690 713 1
172 713 2
218 713 2
245 713 2
206 713 1
2969 714 1
2684 714 2
2800 714 2
2800 714 2
2959 714 1
3080 714 2
3156 714 2
2762 714 1
2698 714 1
3009 714 2
3009 714 2
3231 714 1
2921 714 2
1717 715 2
2294 716 2
929 718 2
830 718 1
2949 718 1
1879 718 2
702 719 1
541 720 2
1035 721 1
1983 721 2
988 721 2
869 721 2
869 721 2
548 722 2
3192 722 2
2843 722 1