2793 1 1
2652 3 2
2961 3 2
2788 3 2
2887 3 1
2642 3 1
1433 5 2
2484 6 2
2524 6 2
2526 6 2
2525 6 2
2471 6 2
2404 6 1
2351 6 2
2483 6 2
2539 6 2
2450 6 2
2420 6 1
1166 7 2
2334 8 2
2750 10 2
940 11 2
498 12 2
2677 14 1
2813 14 2
1227 16 1
1196 16 1
734 16 1
472 19 2
468 19 2
224 19 2
254 19 2
188 19 2
583 20 2
41 20 2
118 20 2
497 21 2
202 21 2
2635 22 2
2987 22 2
2196 22 2
2988 22 2
2459 24 2
2080 26 2
2163 26 2
832 26 2
2208 26 2
1676 26 2
805 26 2
2539 26 2
893 26 2
2041 26 2
2169 26 2
2169 26 2
2484 26 2
785 26 2
1479 26 2
2517 26 2
2264 26 2
2637 26 2
733 26 2
293 26 2
433 26 2
2042 26 2
2042 26 2
2188 26 2
2188 26 2
551 26 2
332 26 2
2254 26 2
2465 26 2
341 26 2
2079 26 2
2406 26 2
1623 26 2
92 26 2
1622 26 2
635 26 2
2327 26 2
1987 26 2
1759 26 2
1468 26 2
631 26 2
1799 26 2
2329 26 2
1629 26 2
958 26 2
654 26 2
817 26 2
1768 26 2
1768 26 2
527 26 2
2359 26 2
432 26 2
1803 26 2
533 26 2
1398 26 2
894 26 2
2362 26 2
2418 26 2
1881 26 2
637 26 2
119 26 2
1908 26 2
1908 26 2
646 26 2
886 26 2
2179 26 2
500 26 2
583 26 2
622 26 2
1525 26 2
1936 26 2
2196 26 2
557 26 2
338 26 2
1961 26 2
1306 26 2
1421 26 2
825 26 2
2334 26 2
2334 26 2
734 26 2
2685 26 2
2613 26 2
1148 26 2
1148 26 2
827 26 2
1682 26 2
1960 26 2
2037 26 2
2037 26 2
773 26 2
861 26 2
2522 26 2
751 26 2
1499 26 2
1951 26 2
942 26 2
2040 26 2
2438 26 2
2492 26 2
2411 26 2
892 26 2
920 26 2
700 26 2
2200 26 2
1929 26 2
2372 26 2
1308 26 2
1250 26 2
1225 26 2
629 26 2
630 26 2
748 26 2
807 26 2
1877 26 2
334 26 2
1829 26 2
771 26 2
2620 26 2
2377 26 2
428 26 2
2029 26 2
605 26 2
297 26 2
1744 26 2
1067 26 2
719 26 2
2547 26 2
2095 26 2
2677 26 2
1928 26 2
1201 26 2
940 26 2
267 26 2
565 26 2
1582 26 2
697 26 2
1859 26 2
2185 26 2
1697 26 2
2482 26 2
2401 26 2
1641 26 2
1641 26 2
1640 26 2
2487 26 2
1642 26 2
2305 26 2
1062 26 2
1940 26 2
1208 26 2
131 26 2
2075 26 2
270 26 2
271 26 2
2204 26 2
1875 26 2
1875 26 2
1922 26 2
2283 26 2
633 26 2
933 26 2
62 26 2
829 26 2
829 26 2
1471 26 2
2018 26 2
948 26 2
2325 26 2
513 26 2
421 26 2
2463 26 2
2700 26 2
2001 26 2
1115 26 2
30 26 2
1869 26 2
1786 26 2
1444 26 2
312 26 2
2238 26 2
1204 26 2
1696 26 2
2499 26 2
305 26 2
118 26 2
1918 26 2
2410 26 2
2410 26 2
1993 26 2
1993 26 2
434 26 2
1691 26 2
505 26 2
1713 26 2
41 26 2
304 26 2
1501 26 2
2343 26 2
2368 26 2
1054 26 2
1834 26 2
923 26 2
266 26 2
2680 27 2
2679 27 2
668 27 2
2623 27 1
1299 28 2
732 28 2
926 28 2
3014 30 2
1646 30 2
2397 31 2
2193 31 2
2194 31 2
480 33 2
352 33 2
398 33 2
205 33 2
261 33 2
481 33 2
465 33 2
1148 34 2
1115 34 2
1201 34 2
945 34 2
3104 35 1
2948 35 1
2989 35 1
2523 35 2
3092 35 1
2897 35 2
2822 35 2
2664 35 1
2664 35 2
3001 35 2
3208 35 2
2986 36 2
2598 36 2
1680 37 2
338 39 1
583 44 2
928 44 2
772 47 1
352 50 2
3271 52 1
2814 52 1
2793 52 1
2760 52 1
3170 52 1
3087 52 1
3169 52 1
334 52 1
733 52 2
3014 52 2
2710 52 1
2860 52 1
341 52 1
296 52 2
3130 52 2
97 52 2
719 52 1
1679 52 2
517 52 2
3260 52 1
3193 52 2
3038 52 2
3210 52 2
3210 52 2
3237 52 2
2958 52 2
2958 52 2
3208 52 2
267 52 2
2882 52 2
1582 52 1
2988 52 2
2581 52 2
2901 52 2
3016 52 2
2817 52 2
3143 52 1
1277 52 1
3132 52 2
2824 52 2
2824 52 2
2432 52 2
2880 52 2
3216 52 2
633 52 2
557 52 2
1689 52 1
948 52 1
421 52 2
3172 52 1
3172 52 1
1656 52 2
2985 52 2
3270 52 1
1443 52 2
3084 52 2
3100 52 1
2780 52 1
1444 52 1
22 52 2
3179 52 1
305 52 2
2818 52 2
304 52 2
2804 52 2
3115 52 2
1072 52 2
3083 52 2
3103 57 1
3103 57 1
3104 57 1
3084 57 1
3260 57 1
3207 57 1
3210 57 1
3248 57 1
3179 57 1
2609 57 1
3170 57 1
3237 57 1
2824 57 1
2824 57 1
2789 57 1
3209 57 1
3208 57 1
3188 57 1
3242 57 1
2804 57 1
3172 57 1
2985 57 1
3270 57 1
3083 57 1
565 58 2
733 58 2
946 58 1
2652 59 2
2942 60 1
3059 60 2
2925 60 1
2637 63 2
1689 63 1
2636 63 2
2881 63 2
2882 63 2
1443 63 1
2399 65 1
2887 65 1
2619 66 2
1680 67 1
1679 67 2
1681 67 1
1127 67 1
1169 69 1
832 69 2
1468 69 2
1174 69 1
945 69 2
467 71 2
202 71 2
1673 72 2
2075 72 1
1353 72 2
875 72 2
1953 75 2
2362 76 2
2351 76 2
332 78 2
832 79 2
930 80 1
2404 81 2
2406 81 2
898 82 1
335 84 2
1065 84 2
827 84 2
1392 84 2
825 84 2
1080 84 1
1077 84 1
871 84 2
407 84 2
751 85 2
1753 86 2
24 86 2
1207 86 2
1504 86 2
1662 86 1
694 86 2
1974 87 1
1678 87 2
672 89 2
582 89 2
97 89 2
21 89 2
305 89 2
267 89 2
912 90 1
1501 90 1
1986 91 2
1623 91 1
1869 91 1
2362 91 2
2208 91 1
1696 91 1
1960 91 1
1892 91 2
2179 91 2
2196 91 2
2085 91 1
2305 91 1
2155 91 1
1919 91 1
2254 91 1
1629 93 1
1636 93 2
3271 94 1
3207 95 1
1744 98 2
1753 98 1
1692 98 1
1300 98 2
1662 98 1
1682 98 2
1908 98 1
1951 98 1
1691 98 1
1525 98 2
1883 98 2
1854 98 2
2029 98 2
892 98 2
1282 98 1
2264 99 1
1974 99 1
2334 99 2
1857 102 2
718 106 2
965 108 2
1299 108 2
1186 108 2
521 108 2
886 108 2
857 108 2
857 108 2
748 108 2
930 108 2
930 108 2
772 108 2
1479 108 2
293 108 2
296 108 2
859 108 2
945 108 2
1148 108 2
1067 108 2
21 108 2
1092 108 2
940 108 2
861 108 2
1321 108 2
751 108 2
942 108 2
1054 108 2
928 108 2
871 108 2
1940 109 1
1935 109 1
1660 109 1
2524 109 2
1716 109 2
2526 109 1
2525 109 1
2252 109 2
2037 109 2
605 112 1
2362 114 2
2351 114 2
1881 114 2
2208 114 2
2058 114 2
2058 114 2
2204 114 2
1713 114 2
2261 114 2
1936 114 1
2184 114 1
1859 114 2
1640 114 2
2463 114 2
2188 114 2
2942 115 1
2987 115 2
2989 115 1
2988 115 2
2988 115 1
3014 115 2
3015 115 1
3038 115 2
2925 115 1
3037 115 2
3037 115 2
3084 116 2
3182 116 2
3038 116 2
2958 116 2
2923 116 2
2645 117 2
2619 117 2
2902 117 2
2499 117 2
3137 117 2
2961 119 2
3166 119 1
1943 120 2
2040 123 1
1643 125 1
1067 126 2
1121 126 2
751 126 2
2261 128 2
1918 133 1
1960 133 1
1803 133 1
3104 134 1
2942 134 1
2589 134 1
3210 134 2
3132 134 2
2609 134 1
2887 134 1
3004 134 1
3188 134 1
2505 134 1
3267 134 1
3169 134 1
2711 134 2
3014 134 2
3182 134 2
2985 134 2
3137 134 2
2642 134 1
722 135 2
338 135 1
935 135 2
3103 138 1
3103 138 1
2680 138 2
2679 138 2
2679 138 2
2784 138 1
2961 138 2
3015 138 1
2536 138 2
2886 138 1
2855 138 2
2855 138 2
3170 138 1
3169 138 1
3169 138 1
3182 138 2
2636 138 2
3166 138 1
2860 138 1
2714 138 2
2708 138 1
3130 138 2
2764 138 1
2764 138 2
3193 138 2
2766 138 1
3210 138 2
3248 138 1
3248 138 1
3236 138 2
2882 138 2
2859 138 1
3217 138 2
2523 138 2
2898 138 2
2898 138 2
2897 138 2
2897 138 1
2901 138 2
3016 138 2
3137 138 2
3137 138 2
2642 138 1
3175 138 2
3143 138 1
3143 138 2
3140 138 2
2755 138 1
3132 138 2
3093 138 2
3093 138 2
2789 138 1
2824 138 2
3129 138 2
3188 138 1
2880 138 2
3018 138 1
3242 138 2
2881 138 2
3172 138 1
2985 138 2
2598 138 2
2913 138 1
2942 138 1
2937 138 2
3100 138 2
2940 138 1
2780 138 1
2399 138 2
2499 138 2
2782 138 1
3167 138 1
2818 138 2
3069 138 2
2948 138 1
2989 138 2
2652 138 2
3115 138 2
3092 138 1
3092 138 2
2822 138 2
3007 138 2
3163 138 1
3163 138 1
3083 138 2
721 140 1
1328 140 1
1328 140 2
832 140 2
832 140 2
805 140 2
930 140 1
930 140 2
785 140 2
1013 140 2
1479 140 2
1037 140 1
1632 140 2
859 140 2
732 140 2
1050 140 2
958 140 2
817 140 1
1442 140 1
1442 140 2
1854 140 2
1316 140 2
1230 140 2
1398 140 1
894 140 2
1355 140 2
809 140 2
1281 140 1
1170 140 1
886 140 1
622 140 2
934 140 2
1434 140 2
1740 140 2
1421 140 1
825 140 2
734 140 2
1685 140 2
897 140 2
945 140 1
1148 140 2
827 140 2
827 140 2
1634 140 1
1233 140 2
1392 140 2
1092 140 2
1080 140 2
751 140 2
1499 140 2
1373 140 2
1612 140 2
1291 140 1
946 140 2
770 140 2
760 140 1
920 140 2
1529 140 2
926 140 1
1633 140 2
1528 140 2
1308 140 1
1308 140 2
1135 140 2
1186 140 2
1322 140 1
630 140 2
1110 140 2
748 140 2
748 140 2
807 140 1
1235 140 2
334 140 2
771 140 1
912 140 2
912 140 2
428 140 2
1353 140 2
1744 140 2
1207 140 1
1431 140 1
1067 140 2
1067 140 2
719 140 2
919 140 2
86 140 2
1201 140 2
1360 140 2
1360 140 2
1321 140 2
1416 140 2
875 140 2
1082 140 2
1208 140 2
898 140 2
270 140 2
1264 140 2
1476 140 2
1311 140 2
829 140 2
829 140 1
513 140 1
1163 140 2
1443 140 2
1115 140 2
1220 140 1
1041 140 2
1713 140 2
1501 140 2
1128 140 2
928 140 2
1304 140 1
1201 141 1
1065 142 1
1683 142 2
1300 142 2
1299 142 2
1881 142 2
1301 142 2
1676 142 2
1135 142 2
1517 142 2
1814 142 2
1545 142 2
1922 142 2
1434 142 1
1961 142 1
1678 142 2
1468 142 2
1514 142 1
1705 142 2
1873 142 1
1859 142 2
1697 142 1
1857 142 2
1643 142 2
1416 142 1
1529 142 1
926 142 1
697 148 1
2984 150 2
2517 150 2
2898 150 2
2492 150 2
2901 150 2
2231 150 1
1865 151 1
722 154 2
1431 154 2
1514 154 2
1321 154 2
1360 154 2
1392 155 2
1459 156 1
385 157 2
1062 158 2
533 160 2
697 161 1
30 161 2
1922 162 1
1697 162 1
2401 162 1
2034 162 2
2410 162 1
2411 162 2
2411 162 2
2172 162 2
183 163 2
2987 164 2
176 165 2
385 165 2
1065 167 1
2961 167 1
2886 167 1
1186 167 1
1995 167 1
748 167 1
722 167 2
1013 167 2
733 167 1
912 167 1
3014 167 2
608 167 1
1933 167 1
1637 167 1
3001 167 2
1677 167 2
732 167 1
919 167 1
935 167 2
1630 167 1
1127 167 1
2925 167 2
2925 167 2
2677 167 1
1201 167 1
1050 167 2
267 167 2
1793 167 2
2988 167 1
2859 167 1
817 167 2
1643 167 1
521 167 2
2757 167 1
2023 167 1
772 167 1
622 167 1
557 167 2
1883 167 2
513 167 1
1656 167 1
897 167 1
945 167 2
2913 167 2
2942 167 1
2613 167 1
827 167 2
30 167 1
21 167 1
1900 167 1
22 167 1
1092 167 2
305 167 1
1960 167 1
861 167 2
269 167 1
434 167 1
2987 167 2
2987 167 2
2948 167 1
770 167 1
302 167 2
1873 167 1
2652 167 1
1174 167 1
1054 167 1
920 167 1
928 167 2
1072 167 1
1518 167 1
2252 169 2
2179 169 1
1207 171 2
1929 171 1
1764 171 1
894 171 1
2404 171 2
2447 171 2
1227 171 2
2545 171 2
2450 171 2
2420 171 1
923 171 1
2238 172 2
2343 172 2
2411 172 2
2305 172 1
1407 173 1
965 175 2
1300 175 2
721 175 2
1528 175 2
1407 175 2
1328 175 2
1328 175 2
1277 175 2
1281 175 2
1186 175 2
1322 175 2
1351 175 2
1517 175 2
1077 175 2
1110 175 2
1366 175 2
857 175 2
1264 175 2
1403 175 2
1311 175 2
912 175 2
1471 175 2
1421 175 2
1421 175 2
945 175 2
1443 175 2
1042 175 2
1067 175 2
1220 175 2
1392 175 2
1392 175 2
935 175 2
1444 175 2
1041 175 2
1127 175 2
1137 175 2
940 175 2
1321 175 2
1321 175 2
1373 175 2
1440 175 2
1316 175 2
1174 175 2
1128 175 2
1054 175 2
1054 175 2
1494 175 2
1473 175 2
1784 176 1
2200 176 2
2163 176 2
2372 176 2
1943 176 2
2204 176 2
1936 176 1
1877 176 2
2085 176 1
2018 176 2
1921 176 2
2042 176 2
1986 176 2
1744 176 1
2001 176 2
2338 176 1
2238 176 2
2393 176 2
1963 176 2
1951 176 2
2076 176 2
2034 176 2
2408 176 1
1953 176 2
1416 176 2
1431 177 2
1300 177 2
1299 177 2
1299 177 2
1301 177 2
809 177 2
1059 177 2
1501 177 2
1514 177 2
1281 177 2
1321 177 2
335 178 1
721 178 1
832 178 1
1077 178 1
857 178 1
930 178 1
1037 178 1
733 178 1
733 178 1
293 178 1
433 178 1
608 178 1
1289 178 1
88 178 1
551 178 1
332 178 1
341 178 1
859 178 1
92 178 1
635 178 1
732 178 1
1121 178 1
631 178 1
694 178 1
1050 178 1
958 178 1
810 178 1
654 178 1
527 178 1
432 178 1
959 178 1
122 178 1
533 178 1
894 178 1
894 178 1
511 178 1
718 178 1
637 178 1
119 178 1
646 178 1
18 178 1
886 178 1
19 178 1
500 178 1
583 178 1
622 178 1
934 178 1
557 178 1
338 178 1
1059 178 1
734 178 1
69 178 1
897 178 1
23 178 1
1042 178 1
24 178 1
581 178 1
827 178 1
20 178 1
21 178 1
22 178 1
123 178 1
942 178 1
539 178 1
892 178 1
926 178 1
700 178 1
1072 178 1
1065 178 1
629 178 1
630 178 1
334 178 1
771 178 1
912 178 1
428 178 1
296 178 1
605 178 1
297 178 1
693 178 1
517 178 1
719 178 1
86 178 1
940 178 1
1201 178 1
267 178 1
565 178 1
697 178 1
504 178 1
965 178 1
965 178 1
408 178 1
437 178 1
668 178 1
131 178 1
665 178 1
521 178 1
270 178 1
271 178 1
672 178 1
633 178 1
933 178 1
62 178 1
513 178 1
421 178 1
1163 178 1
585 178 1
30 178 1
313 178 1
312 178 1
1204 178 1
305 178 1
118 178 1
269 178 1
407 178 1
434 178 1
505 178 1
302 178 1
41 178 1
304 178 1
928 178 1
928 178 1
871 178 1
871 178 1
266 178 1
2536 182 2
1433 184 2
2041 185 2
23 187 2
533 187 2
408 187 1
582 187 2
20 187 2
131 187 1
637 187 1
119 187 2
270 187 2
513 187 2
734 187 2
341 187 2
266 187 2
1919 189 1
2172 189 1
480 191 1
483 191 1
258 193 2
170 193 2
194 193 2
497 193 2
162 193 2
592 193 1
498 193 2
155 193 1
688 193 1
200 193 1
173 193 1
188 193 2
388 193 2
261 193 1
145 193 2
161 193 2
464 193 1
479 193 2
593 193 2
481 193 2
385 193 2
378 193 2
370 193 2
224 193 2
254 193 2
140 193 2
216 193 2
466 193 1
205 193 2
171 193 2
1502 194 2
2937 195 2
2641 195 1
3039 195 2
2897 195 1
171 196 1
1208 197 2
1233 197 1
958 197 1
1416 198 2
1304 198 1
2510 200 1
2784 200 1
2784 200 1
2418 200 1
3037 200 2
3037 200 2
3063 200 1
3039 200 2
2882 200 2
2818 200 1
2479 200 2
2645 200 2
2635 200 2
2734 200 2
2881 200 2
2898 200 2
2024 200 2
2897 200 2
2465 200 2
2079 200 2
2401 203 1
2042 203 2
1677 204 2
1680 204 2
2365 204 1
1679 204 2
2362 204 2
1681 204 2
2447 204 2
1881 204 2
2238 204 2
1676 204 2
2414 204 2
1995 204 2
2329 204 2
1875 204 1
2040 204 2
1859 204 2
1697 204 1
2385 204 2
2368 204 1
2024 204 2
2137 204 1
1304 205 2
1207 206 1
2117 206 2
1692 206 1
2252 206 2
1328 206 2
2058 206 1
2058 206 1
1908 206 2
861 206 2
2041 206 2
1305 206 2
1713 206 1
2040 206 2
1296 206 1
1393 206 2
1854 206 1
1715 206 1
1128 206 1
2359 206 2
892 206 2
1834 206 2
2306 206 2
2293 207 1
1638 207 2
2329 207 2
2989 208 1
3093 208 1
2937 209 1
2784 209 1
2961 209 2
2764 209 1
2764 209 1
2641 209 2
2886 209 1
3038 209 2
2733 209 2
2733 209 2
2499 209 2
2782 209 1
2818 209 1
2645 209 2
2645 209 2
2505 209 2
2987 209 1
2635 209 2
3069 209 1
2619 209 2
2711 209 1
2788 209 1
2620 209 1
2735 209 1
1544 210 2
1634 210 2
1961 210 1
1740 210 2
1786 210 2
1630 210 2
1768 210 2
1518 210 2
1281 212 2
1612 212 2
1712 214 2
693 215 1
511 215 1
1987 215 1
1500 215 2
1751 215 2
1993 215 2
481 217 2
385 217 2
2200 218 2
2117 218 2
2163 218 1
2206 218 2
2208 218 2
1676 218 2
1995 218 1
2041 218 2
2387 218 2
1877 218 2
2085 218 2
2056 218 2
2042 218 2
2188 218 2
2029 218 2
1638 218 2
1986 218 2
2338 218 1
1677 218 2
2293 218 2
2252 218 2
2252 218 2
1987 218 2
1679 218 2
2447 218 2
1759 218 2
1433 218 2
2329 218 2
1629 218 2
1428 218 2
1660 218 2
1859 218 2
1859 218 2
2034 218 2
1768 218 2
1768 218 2
1865 218 2
1857 218 2
2024 218 2
2024 218 2
1643 218 2
1803 218 2
1753 218 2
1881 218 2
1881 218 2
2193 218 2
2194 218 1
2194 218 2
1908 218 1
1892 218 2
2204 218 2
1922 218 2
2023 218 2
1875 218 2
1875 218 2
1764 218 1
2196 218 2
1883 218 2
1961 218 2
1740 218 2
1634 218 2
1786 218 2
1900 218 1
2238 218 2
1500 218 1
2039 218 2
2128 218 2
1705 218 2
1963 218 2
2037 218 2
2038 218 1
1993 218 2
1951 218 1
2172 218 2
2055 218 2
1502 218 2
2076 218 2
2343 218 1
1834 218 2
1834 218 2
2306 218 2
2306 218 2
1264 219 1
1186 220 1
2710 221 2
1042 222 2
1115 222 2
1220 222 2
2855 222 2
2735 222 1
945 222 2
1041 226 2
1077 226 1
1110 228 2
919 233 2
897 233 1
1987 235 1
2076 235 1
1682 235 2
1993 235 2
1528 236 1
3103 238 1
2613 238 2
3084 238 2
3260 238 1
3193 238 2
3207 238 2
3248 238 2
3248 238 2
3093 238 1
3267 238 1
2989 238 2
2860 238 1
3166 238 2
3166 238 2
3001 238 2
2923 238 1
1500 239 1
1225 239 2
1473 239 1
1988 241 1
1900 241 2
2080 244 2
2200 244 2
2471 244 1
2372 244 2
2208 244 2
2502 244 2
2414 244 2
2169 244 1
2169 244 1
2484 244 2
2483 244 2
2056 244 1
1933 244 1
1639 244 2
1986 244 2
2338 244 2
2327 244 1
2252 244 2
2447 244 1
2393 244 2
2261 244 2
2404 244 2
1697 244 1
2401 244 1
2401 244 1
1768 244 2
1640 244 1
2262 244 2
2231 244 1
2010 244 2
2418 244 2
2075 244 1
2193 244 2
2194 244 2
1892 244 2
2432 244 1
2524 244 2
2524 244 2
2196 244 2
1883 244 2
2069 244 1
2334 244 2
2155 244 2
2420 244 1
2039 244 2
2058 244 2
2058 244 2
2037 244 1
2522 244 2
2038 244 2
2526 244 2
2525 244 2
2408 244 1
398 245 2
188 245 2
202 245 2
700 246 1
1042 249 2
2069 249 2
2594 251 2
3085 251 1
1974 252 1
1678 252 2
2208 252 1
672 253 2
24 253 2
97 253 2
585 253 2
21 253 2
22 253 2
145 253 1
88 253 2
461 253 2
19 253 2
271 253 2
2200 255 2
2404 255 2
2447 255 2
2188 255 2
2305 255 1
1786 258 2
1768 258 2
3104 259 2
2701 259 2
2817 259 2
2613 259 1
2764 259 1
2589 259 1
2631 259 1
3039 259 2
2750 259 1
2958 259 2
2637 259 2
2636 259 2
2902 259 1
3064 259 1
2581 259 2
3001 259 2
2913 259 2
2547 261 2
2385 261 1
871 262 2
1908 268 1
2610 270 2
2517 270 2
2525 270 2
2611 270 2
2492 270 1
216 272 1
1630 274 1
1696 274 1
1416 274 2
1128 275 2
861 275 2
1082 275 2
959 276 2
894 276 2
805 276 1
1322 276 1
1628 276 1
893 276 2
886 276 2
1366 276 1
1013 276 2
933 276 1
912 276 2
829 276 2
825 276 2
433 276 2
1656 276 1
1638 276 1
1632 276 1
1986 276 2
1623 276 2
827 276 2
635 276 2
1233 276 1
313 276 2
1360 276 2
1799 276 2
1373 276 1
1660 276 1
1629 276 2
942 276 1
942 276 2
2040 276 2
810 276 1
504 276 1
1435 276 2
1174 276 2
1027 276 1
1633 276 1
1473 276 1
3016 277 2
2818 277 2
1692 278 2
1355 278 1
1691 278 2
1027 280 2
1753 282 1
1278 282 1
1677 282 2
1929 282 1
1634 282 1
1683 282 2
1405 282 2
1759 282 1
1682 282 2
1849 282 2
1713 282 2
1476 282 1
1525 282 1
1479 282 1
1561 282 2
1877 282 2
1697 282 1
1854 282 2
1857 282 2
1174 282 1
1656 282 1
1638 282 1
1633 282 1
1300 283 2
1299 283 2
1301 283 2
1301 283 2
1281 283 2
1281 283 2
1170 283 2
886 283 2
924 283 2
772 283 2
772 283 2
785 283 2
1235 283 2
829 283 2
1042 283 2
1041 283 2
1166 283 2
1121 283 2
1201 283 2
269 283 2
1291 283 2
946 283 2
958 283 2
1091 283 2
1230 283 1
1027 283 2
920 283 2
875 283 2
1062 283 2
871 283 2
3038 284 2
2484 286 2
2393 286 2
2787 288 1
2619 288 2
2940 288 2
2902 288 1
2733 288 2
2733 288 2
3001 288 2
3083 288 2
3103 289 2
3084 289 2
3130 289 2
2940 289 2
2784 289 2
3038 289 2
2733 289 2
3063 289 2
2766 289 2
3037 289 2
3037 289 2
1943 289 2
2958 289 2
1951 289 2
3208 289 2
2987 289 2
2479 289 2
2636 289 2
2714 289 2
2714 289 2
2262 289 2
3016 289 2
3137 289 2
3001 289 2
2813 289 2
721 290 2
585 291 1
892 291 1
2645 294 2
3143 294 2
2619 294 2
721 298 2
2594 300 2
2733 300 2
2898 300 2
2822 300 2
2598 300 2
2818 300 1
557 301 2
62 301 2
2961 302 1
666 303 2
2571 303 2
2571 303 2
122 303 1
582 303 2
668 303 2
2502 303 2
19 303 2
2479 303 2
2283 303 2
433 303 1
1636 303 2
2465 303 2
23 303 2
2327 303 2
1869 303 2
732 303 2
20 303 2
86 303 2
118 303 2
631 303 2
123 303 2
1629 303 2
41 303 1
1873 303 1
1834 303 2
700 303 1
18 307 2
919 308 1
897 308 1
565 309 1
688 310 2
666 311 2
1974 311 1
1392 311 2
1301 311 2
1628 311 2
1713 311 1
2261 311 2
1715 311 1
1641 311 1
1638 311 1
1712 311 2
1834 311 2
1633 311 1
335 312 2
1784 312 1
2679 312 2
2351 312 2
3015 312 1
2886 312 2
2399 312 1
1943 312 2
2459 312 2
2414 312 2
1922 312 1
2283 312 1
2055 312 2
3014 312 2
2860 312 1
2581 312 2
2463 312 1
2901 312 1
2079 312 2
1639 312 2
296 312 2
2504 312 2
2080 313 2
1278 313 1
582 313 2
511 313 2
668 313 1
1405 313 1
131 313 2
1943 313 2
1517 313 1
1908 313 2
18 313 2
19 313 2
2204 313 1
1922 313 1
672 313 2
500 313 2
924 313 1
633 313 2
1829 313 1
2056 313 1
3064 313 1
608 313 1
2334 313 2
2188 313 2
2188 313 2
69 313 1
2450 313 2
1632 313 1
2001 313 2
1623 313 2
2338 313 2
1133 313 2
1622 313 1
693 313 2
312 313 1
2128 313 2
1080 313 1
118 313 2
694 313 2
1499 313 1
1926 313 2
2261 313 2
224 313 2
1440 313 2
817 313 2
527 313 2
1643 313 2
2359 313 2
959 315 2
122 315 2
86 315 2
1077 315 2
886 315 1
581 321 2
3236 321 2
1814 322 2
942 325 2
1065 325 1
504 325 2
773 325 1
871 325 1
271 325 2
3104 326 2
3104 326 2
2814 326 1
2793 326 1
2536 326 2
2641 326 2
3207 326 2
2631 326 2
2760 326 1
3170 326 2
3170 326 2
2787 326 1
3267 326 1
2734 326 2
3087 326 2
3169 326 2
2637 326 2
2636 326 2
2636 326 2
3166 326 2
3166 326 1
2377 326 2
3064 326 1
2714 326 2
2708 326 2
3001 326 2
3130 326 2
2764 326 1
2766 326 2
2925 326 2
3248 326 2
2677 326 1
3236 326 2
3208 326 2
3208 326 2
2988 326 1
3217 326 2
2898 326 2
2901 326 2
2986 326 1
2623 326 2
3137 326 2
2010 326 2
2817 326 2
3143 326 2
3143 326 2
3140 326 2
2589 326 2
3093 326 1
2789 326 1
3129 326 2
2432 326 2
2880 326 2
2711 326 2
3059 326 2
3142 326 2
2664 326 2
2598 326 2
2813 326 2
2913 326 2
2613 326 2
3084 326 2
2594 326 2
2940 326 2
2780 326 1
3179 326 1
2499 326 2
3167 326 2
2818 326 2
3004 326 2
2635 326 2
2984 326 1
2652 326 2
3115 326 2
3092 326 2
2735 326 1
2822 326 2
3163 326 1
2923 326 1
1471 327 2
1054 327 2
926 328 1
1993 330 2
1928 331 2
1641 333 2
1640 333 2
2473 338 2
480 339 2
592 339 2
1744 340 1
1716 340 1
1677 340 2
1692 340 1
2372 340 2
1676 340 2
2194 340 2
2037 340 2
1849 340 2
1793 340 2
2204 340 2
2517 340 2
934 340 2
2085 340 1
1829 340 1
1689 340 1
2188 340 2
2492 340 2
2473 340 2
928 340 2
2231 340 2
3104 342 2
3271 342 1
3130 342 1
3260 342 1
2755 342 1
3207 342 1
2925 342 2
3210 342 1
3210 342 1
2609 342 2
2887 342 2
2760 342 1
3209 342 1
3129 342 2
3188 342 1
2505 342 1
3216 342 2
3087 342 1
3169 342 2
2664 342 2
3270 342 1
3270 342 1
592 343 2
467 345 2
1623 347 1
1622 347 2
1072 347 1
1476 348 2
1227 349 1
1278 350 1
1554 350 1
1692 350 1
1676 350 2
1322 350 1
1628 350 1
1305 350 1
1883 350 2
1740 350 1
1740 350 1
1471 350 2
2325 350 1
2069 350 1
2334 350 1
1632 350 1
1443 350 2
1677 350 2
1169 350 1
1444 350 1
1705 350 1
1963 350 1
1691 350 1
1452 350 1
958 350 2
1440 350 2
2185 350 1
1501 350 2
1416 350 1
2473 350 2
1529 350 2
1468 353 2
472 355 1
352 355 2
369 355 2
2194 355 2
176 356 2
258 356 1
170 356 2
194 356 2
497 356 2
162 356 2
592 356 2
498 356 2
155 356 2
688 356 1
200 356 1
461 356 1
173 356 1
188 356 2
202 356 1
472 356 2
398 356 2
388 356 2
369 356 1
145 356 2
261 356 1
161 356 1
464 356 1
465 356 1
478 356 2
479 356 2
593 356 2
483 356 1
482 356 1
596 356 1
481 356 2
385 356 2
378 356 2
370 356 2
468 356 1
183 356 2
224 356 2
254 356 1
469 356 2
140 356 2
216 356 2
352 356 2
467 356 1
466 356 1
205 356 2
171 356 1
196 356 2
1865 357 1
1612 357 2
1656 358 2
1296 361 2
965 362 2
2163 362 2
1281 362 2
1943 362 2
1517 362 1
1077 362 1
2041 362 2
2179 362 2
2524 362 2
1635 362 1
2079 362 2
2293 362 1
2365 362 1
2327 362 1
1681 362 1
2351 362 2
1696 362 1
1960 362 1
2040 362 2
2526 362 2
2525 362 2
2512 362 2
2401 362 1
2343 362 1
2359 362 2
2305 362 1
2080 363 2
1784 363 2
2117 363 2
1300 363 2
1300 363 2
721 363 2
1299 363 2
1299 363 2
2163 363 2
1328 363 2
1328 363 2
1301 363 2
2390 363 2
1943 363 2
805 363 2
893 363 2
2169 363 2
2169 363 2
1366 363 2
1403 363 2
1479 363 2
1479 363 2
2056 363 2
1648 363 2
433 363 2
2042 363 2
2042 363 2
88 363 2
2254 363 2
2079 363 2
2406 363 2
1623 363 2
1623 363 2
1133 363 2
1716 363 2
1622 363 2
1622 363 2
1759 363 2
1759 363 2
1468 363 2
1468 363 2
1127 363 2
1137 363 2
1629 363 2
1561 363 2
810 363 2
1442 363 2
1442 363 2
1435 363 2
1316 363 2
1865 363 2
1295 363 2
527 363 2
533 363 2
894 363 2
894 363 2
1881 363 2
1881 363 2
809 363 2
1281 363 2
637 363 2
1170 363 2
18 363 2
1892 363 2
19 363 2
1305 363 2
1935 363 2
1936 363 2
772 363 2
772 363 2
934 363 2
1393 363 2
1689 363 2
1689 363 2
1740 363 2
1740 363 2
1421 363 2
1421 363 2
825 363 2
825 363 2
2334 363 2
734 363 2
734 363 2
2155 363 2
897 363 2
24 363 1
1042 363 2
1042 363 2
1148 363 2
1233 363 2
1092 363 2
2058 363 2
2058 363 2
1960 363 2
773 363 2
856 363 2
1499 363 2
1373 363 2
1373 363 2
1612 363 2
1951 363 2
946 363 2
770 363 2
1091 363 2
920 363 2
920 363 2
892 363 2
892 363 2
760 363 2
1529 363 2
1282 363 2
1250 363 2
1196 363 2
1235 363 2
771 363 2
912 363 2
428 363 2
2029 363 2
1353 363 2
297 363 2
1207 363 2
1207 363 2
1431 363 2
1431 363 2
1067 363 2
1067 363 2
919 363 2
919 363 2
1928 363 2
1201 363 2
1360 363 2
1360 363 2
1751 363 2
1428 363 2
1859 363 2
1697 363 2
1697 363 2
2024 363 2
1082 363 2
875 363 2
1473 363 2
1753 363 2
408 363 2
1208 363 2
1208 363 2
1554 363 2
898 363 2
2194 363 2
665 363 2
2204 363 2
1922 363 2
924 363 2
1311 363 2
1883 363 2
1883 363 2
62 363 2
829 363 2
829 363 2
1220 363 2
1041 363 2
1041 363 2
2238 363 2
269 363 2
1691 363 2
2172 363 2
505 363 2
1452 363 2
1502 363 2
1502 363 2
1673 363 2
1501 363 2
2408 363 2
1953 363 2
1834 363 2
1919 363 2
871 363 2
871 363 2
923 363 2
2306 363 2
2306 363 2
2471 363 2
1974 363 2
832 363 2
832 363 2
1405 363 2
2208 363 2
1676 363 2
1676 363 2
1077 363 2
1077 363 2
2414 363 2
2041 363 2
857 363 2
1661 363 2
2484 363 2
930 363 2
722 363 2
785 363 2
1013 363 2
1013 363 2
2483 363 2
1289 363 2
1632 363 2
1677 363 2
1677 363 2
732 363 2
1504 363 2
1678 363 2
1662 363 2
1050 363 2
1799 363 2
1660 363 2
958 363 2
958 363 2
2404 363 2
817 363 2
817 363 2
1654 363 2
1857 363 2
1230 363 2
2262 363 2
1803 363 2
2137 363 2
959 363 2
122 363 2
1398 363 2
1680 363 2
1407 363 2
1355 363 2
886 363 2
1545 363 2
622 363 2
1764 363 2
1544 363 2
2196 363 2
1434 363 2
1434 363 2
1961 363 2
1059 363 2
1227 363 2
1656 363 2
1656 363 2
945 363 2
827 363 2
827 363 2
1634 363 2
1634 363 2
1392 363 2
1392 363 2
1681 363 2
1651 363 2
2039 363 2
2128 363 2
1514 363 2
1514 363 2
1080 363 2
1705 363 2
1682 363 2
1682 363 2
2037 363 2
861 363 2
861 363 2
2522 363 2
2038 363 2
123 363 2
751 363 2
1291 363 2
2040 363 2
942 363 2
1440 363 2
1873 363 2
926 363 2
926 363 2
1633 363 2
1633 363 2
1065 363 2
1683 363 2
1692 363 2
1692 363 2
1308 363 2
1135 363 2
1186 363 2
1186 363 2
1322 363 2
1351 363 2
1225 363 2
629 363 2
1995 363 2
1110 363 2
1659 363 2
748 363 2
1877 363 2
1877 363 2
1715 363 2
1715 363 2
1636 363 2
1933 363 2
1638 363 2
1637 363 2
1744 363 2
935 363 2
1433 363 2
940 363 2
1321 363 2
1321 363 2
1926 363 2
1793 363 2
1582 363 2
2482 363 2
1641 363 2
1416 363 2
1191 363 2
965 363 2
965 363 2
1278 363 2
1940 363 2
1646 363 2
1277 363 2
2075 363 2
1517 363 2
1264 363 2
1264 363 2
1875 363 2
1875 363 2
1296 363 2
1471 363 2
948 363 2
1163 363 2
1443 363 2
2001 363 2
1115 363 2
1115 363 2
1900 363 2
1444 363 2
1204 363 2
1054 363 2
1027 363 2
928 363 2
928 363 2
1494 363 2
266 363 2
1702 363 2
521 364 2
857 364 2
859 364 1
817 365 2
1225 366 2
1933 369 1
196 371 2
1459 372 1
1514 372 2
1416 372 1
1479 376 2
2377 377 2
1621 377 1
697 378 2
732 379 2
3172 381 1
3237 381 2
183 383 2
2645 384 2
2619 384 2
1059 385 1
2261 386 2
2564 386 2
1753 387 2
1940 387 1
1680 387 2
1974 387 2
1943 387 2
1814 387 1
1541 387 2
1922 387 2
1935 387 1
2017 387 2
1936 387 1
1403 387 1
1434 387 2
1883 387 2
1393 387 2
1689 387 2
1689 387 2
1921 387 2
1921 387 2
1289 387 1
1635 387 2
2029 387 1
1163 387 2
2001 387 2
1207 387 2
1133 387 2
1634 387 2
1169 387 2
1681 387 2
1630 387 1
1759 387 1
2039 387 2
1696 387 1
1928 387 2
1682 387 2
1682 387 2
1751 387 2
2038 387 2
1926 387 2
1793 387 2
1793 387 2
1459 387 1
1428 387 2
1582 387 1
1873 387 2
1673 387 2
1435 387 2
2024 387 2
1953 387 2
1834 387 2
1633 387 2
1951 390 2
2680 391 1
2679 391 1
2581 391 2
2902 392 1
2631 392 1
2855 392 2
2898 392 2
2897 392 2
3004 392 1
693 394 1
924 395 2
2404 396 1
2238 396 2
2231 396 1
919 397 2
920 397 2
2208 398 1
2482 398 2
2482 398 2
2411 398 2
2001 399 1
1680 399 2
1065 399 1
1987 399 2
1679 399 2
1679 399 2
1681 399 2
1651 399 2
1646 399 2
1696 399 1
1993 399 2
1793 399 2
1713 399 2
1306 399 2
1471 399 2
1435 399 2
1648 399 1
1857 399 2
1635 399 1
1529 399 2
1834 399 2
1685 399 1
1518 399 2
1518 399 2
1702 399 1
1988 401 2
1398 401 2
1929 401 2
2117 401 2
1407 401 1
2206 401 2
1881 401 2
1196 401 2
1517 401 2
1110 401 1
1545 401 2
1479 401 2
933 401 2
1877 401 1
2377 401 1
2450 401 2
2254 401 2
859 401 1
1622 401 2
1869 401 1
2238 401 2
1500 401 1
1201 401 2
2037 401 2
1321 401 1
1499 401 1
2038 401 2
1373 401 1
2172 401 2
942 401 2
1859 401 2
1091 401 1
1502 401 1
1435 401 2
1295 401 1
1174 401 1
1054 401 2
2024 401 2
1416 401 2
760 401 2
1712 401 2
1494 401 1
2010 401 2
2055 402 2
2385 402 1
1988 403 2
2128 404 2
1148 405 2
1208 405 2
772 405 1
1634 405 1
1080 405 1
1137 405 1
1638 405 1
1637 405 1
965 406 1
807 406 2
875 406 2
945 406 2
434 408 2
1712 409 2
1502 410 2
1501 410 2
897 410 1
1431 412 1
646 413 2
1639 415 2
1753 417 2
1683 417 1
1355 417 2
1308 417 2
1281 417 1
1943 417 2
1186 417 2
1517 417 1
1517 417 2
857 417 2
1875 417 1
924 417 2
1013 417 1
1479 417 1
1421 417 1
948 417 1
825 417 2
1677 417 2
1431 417 1
1169 417 2
1444 417 1
1127 417 2
2058 417 2
1696 417 1
1621 417 1
1360 417 1
1612 417 2
1291 417 2
1091 417 1
1768 417 2
1230 417 2
1518 417 1
856 418 2
2735 419 1
1974 422 1
1715 422 1
1656 422 1
1291 422 2
2001 423 2
2571 424 2
2526 424 2
2404 424 2
2410 424 2
2411 424 2
2420 424 1
1883 425 2
1621 425 2
1908 425 1
2782 426 1
41 427 2
517 427 2
608 427 1
1676 429 2
1042 431 2
930 431 2
1067 431 2
897 431 2
176 433 2
467 433 1
173 433 2
859 434 1
2913 436 1
1316 438 1
2984 439 2
1751 440 2
1305 443 2
2432 443 2
2055 443 2
1561 443 1
1502 443 2
3063 443 1
1295 443 1
1517 443 1
2750 443 1
1919 443 1
2169 443 1
1473 444 1
2436 446 1
551 448 1
2463 452 2
1148 453 2
1692 453 2
1468 453 2
718 453 2
1351 453 1
646 453 2
1373 453 1
1366 453 1
1691 453 1
505 453 2
1476 453 2
1502 453 2
1702 453 2
2886 457 1
1328 458 2
1353 458 1
1518 458 2
86 461 2
965 462 2
1875 463 2
2001 463 2
1873 463 2
1646 463 2
1435 463 2
1648 463 1
1865 463 2
2042 463 2
1635 463 2
2041 463 2
258 465 2
170 465 2
497 465 2
194 465 2
162 465 2
592 465 2
479 465 2
155 465 2
688 465 2
482 465 1
173 465 2
370 465 2
378 465 2
469 465 2
140 465 2
466 465 2
388 465 1
464 465 2
1651 466 2
2039 466 2
2029 466 1
1659 466 1
1623 468 2
2372 469 2
1428 470 1
3167 471 2
1476 474 2
1393 474 1
935 475 2
2023 476 2
2204 476 1
1629 476 2
2184 476 2
2252 476 2
2362 476 2
2056 476 2
2034 476 1
2377 476 1
2393 476 2
2254 476 1
176 481 2
596 481 2
481 481 2
1814 481 2
123 481 2
472 481 1
468 481 2
183 481 2
140 481 2
216 481 2
369 481 1
1857 481 2
161 481 2
196 481 2
2817 482 2
2652 482 2
2961 482 2
3014 482 2
2858 482 1
2733 482 2
2714 482 1
2898 482 2
2897 482 2
2645 485 2
2619 485 1
2620 485 1
335 486 2
666 486 2
297 486 2
581 486 2
437 486 2
582 486 2
92 486 2
693 486 1
721 486 2
313 486 2
312 486 1
637 486 2
119 486 2
694 486 2
521 486 2
539 486 2
733 486 2
293 486 2
593 487 2
370 487 2
2283 488 1
2080 488 2
1623 488 1
1622 488 1
1679 488 2
2208 488 1
2325 488 2
1638 488 1
1494 488 1
1353 488 1
2079 488 2
1639 488 1
565 489 2
732 489 1
313 489 1
1646 490 2
1042 491 2
1042 491 2
912 491 1
919 491 1
1041 491 1
1041 491 1
1137 491 1
856 491 2
751 491 2
897 491 1
1433 492 1
2194 492 2
666 495 2
511 495 2
3130 499 2
3169 499 2
539 499 2
2755 499 1
498 499 2
205 499 2
3142 499 2
3170 499 2
2824 499 2
3129 499 2
3209 499 2
2545 503 1
2055 505 2
1554 505 1
1680 505 2
1434 505 1
1679 505 1
1681 505 1
469 506 2
258 507 1
469 507 2
170 507 2
497 507 1
155 507 2
464 507 1
2824 509 2
24 510 1
2766 512 1
176 513 2
170 513 2
194 513 2
1974 513 1
162 513 2
498 513 2
155 513 2
688 513 2
200 513 2
173 513 2
188 513 2
2179 513 2
388 513 1
369 513 1
2042 513 2
145 513 2
261 513 1
734 513 2
161 513 2
464 513 2
465 513 2
478 513 2
92 513 2
2238 513 2
593 513 2
483 513 2
482 513 2
596 513 2
378 513 2
370 513 2
468 513 2
183 513 2
224 513 2
254 513 2
469 513 2
466 513 2
171 513 2
196 513 2
1661 519 2
1654 519 2
2645 524 2
2984 524 2
3004 525 1
2193 528 2
2194 528 2
1692 530 1
1642 534 1
2822 534 2
1713 539 2
1065 539 1
1634 539 2
1662 539 1
2024 539 2
1682 539 2
1638 539 2
1529 539 2
1951 539 2
23 540 1
437 540 2
97 540 2
41 540 2
504 540 1
305 540 2
428 540 2
119 540 2
69 540 2
630 540 1
123 540 2
267 540 2
3084 541 1
1133 541 2
2327 541 1
2252 541 1
2252 541 2
2447 541 2
2459 541 2
3170 541 1
2824 541 1
2169 541 1
817 541 2
2804 541 2
1316 541 1
2545 541 1
2359 541 2
1529 541 1
1082 541 2
859 541 1
3083 541 2
1452 542 1
1525 542 1
1680 543 2
894 543 2
585 543 2
829 543 1
773 543 2
751 543 2
923 543 2
3271 544 1
1988 544 2
2447 544 1
1646 544 1
2733 544 2
3132 544 2
1050 544 2
2432 544 2
2505 544 1
1544 544 1
1479 544 1
1877 544 2
3182 544 2
1306 544 1
2401 544 1
825 544 2
1648 544 2
2042 544 2
2029 544 1
3270 544 1
30 545 2
20 545 2
629 545 2
1311 546 1
1416 546 2
2406 547 1
1502 548 2
1250 548 2
1468 548 2
1351 548 2
751 548 2
875 548 1
1373 548 1
1115 549 1
886 549 2
2447 550 1
478 552 2
480 552 2
162 552 2
1308 552 2
593 552 1
483 552 2
596 552 2
2023 552 2
254 552 1
1471 552 2
1435 552 2
171 552 2
261 552 2
2334 552 2
465 552 2
2483 553 2
3103 554 1
3103 554 1
3104 554 1
3104 554 1
3271 554 1
2814 554 1
2679 554 1
2679 554 1
2536 554 1
3207 554 1
2760 554 1
3170 554 1
3170 554 1
2734 554 1
3169 554 1
3169 554 1
2637 554 1
3064 554 1
3036 554 1
2708 554 1
3001 554 1
3130 554 1
2764 554 1
3260 554 2
2766 554 1
3085 554 1
3217 554 1
2623 554 1
3175 554 1
2817 554 1
2817 554 1
3140 554 1
2824 554 1
2757 554 1
3129 554 1
2432 554 1
2505 554 1
3216 554 1
2196 554 1
2711 554 1
3142 554 1
2664 554 1
2664 554 1
2598 554 1
2937 554 1
2594 554 1
2780 554 1
2399 554 1
2818 554 1
3069 554 1
2948 554 1
2989 554 1
2804 554 1
3007 554 1
3083 554 1
3083 554 1
2784 554 1
2784 554 1
3015 554 1
2787 554 1
3182 554 1
2710 554 1
2860 554 1
3166 554 1
3166 554 1
2714 554 1
2714 554 1
3193 554 1
3038 554 1
2925 554 1
3210 554 1
3248 554 1
3037 554 1
3237 554 1
3236 554 1
3209 554 1
3208 554 1
3208 554 1
2523 554 1
2901 554 1
2901 554 1
3137 554 1
2642 554 1
2701 554 1
3143 554 1
3143 554 1
2755 554 1
3132 554 1
3132 554 1
3093 554 1
2609 554 1
2789 554 1
3188 554 1
3018 554 1
3242 554 1
2858 554 1
3059 554 1
3172 554 1
3172 554 1
3270 554 1
3270 554 1
2813 554 1
2913 554 1
2942 554 1
3084 554 1
3084 554 1
3100 554 1
2940 554 1
2940 554 1
3179 554 1
2887 554 1
2635 554 2
2635 554 1
2652 554 1
3115 554 1
3092 554 1
3163 554 1
3163 554 1
196 555 2
1468 557 2
805 559 1
1360 559 2
2293 560 1
2362 560 2
1900 560 1
2393 560 2
2438 560 1
2329 560 2
2329 560 2
1764 564 1
1829 564 2
1561 565 1
1471 565 2
1786 565 2
1676 565 2
1662 565 1
1768 565 2
1696 565 1
1351 565 2
2029 565 1
2041 565 1
1873 566 2
539 567 2
88 567 2
1873 571 2
1621 571 2
1541 571 2
1793 571 2
3104 576 2
2680 576 2
2814 576 2
2679 576 2
2855 576 2
2760 576 1
1077 576 2
3166 576 2
3064 576 1
3036 576 2
3001 576 1
3130 576 2
2764 576 1
2764 576 2
2766 576 2
2925 576 2
3210 576 2
3063 576 2
2677 576 1
940 576 1
3237 576 2
3085 576 2
3208 576 2
2882 576 2
2882 576 2
3217 576 2
2523 576 1
2986 576 2
1062 576 2
2817 576 2
2817 576 2
3175 576 2
3143 576 2
3140 576 2
3132 576 2
3093 576 2
2609 576 2
2789 576 2
2757 576 1
2432 576 2
3018 576 1
3216 576 2
3242 576 2
2711 576 2
3059 576 2
2881 576 2
3172 576 2
2155 576 2
2664 576 2
3270 576 2
2913 576 2
2942 576 2
2613 576 1
2940 576 2
2780 576 2
3179 576 2
2782 576 1
861 576 1
3167 576 1
3069 576 2
2948 576 2
3115 576 2
3115 576 2
1174 576 2
3092 576 1
3092 576 1
892 576 2
926 576 2
3007 576 2
3163 576 1
3163 576 2
1311 577 1
1421 577 2
926 577 2
2814 579 2
2784 579 2
2631 579 2
3093 579 2
2619 579 2
2196 579 2
2637 579 2
3014 579 2
2636 579 2
2636 579 2
2714 579 2
3172 579 2
2664 579 2
2913 579 2
3130 579 2
2399 579 2
3039 579 2
3085 579 2
2818 579 2
2635 579 2
3069 579 2
2988 579 2
2523 579 2
2898 579 2
2822 579 2
3163 579 2
2923 579 2
965 582 1
1986 582 2
2524 582 2
2325 582 2
2401 582 1
2368 582 2
2499 582 2
2359 582 2
1072 582 2
583 583 2
467 583 2
398 583 2
205 583 1
461 583 1
721 585 1
437 586 2
119 586 2
2080 587 2
1716 587 2
1208 587 2
1683 587 2
1751 587 2
2169 587 2
2179 587 2
1661 587 2
2517 587 2
1654 587 2
1715 587 2
2024 587 2
2438 587 2
2492 587 2
1834 587 2
2306 587 2
1974 588 1
1504 588 1
1301 588 2
1960 588 2
1799 588 2
1814 588 2
1892 588 2
1849 588 2
1545 588 1
1922 588 1
1883 588 2
1673 588 2
1740 588 1
1740 588 1
1501 588 1
1656 588 1
1685 588 2
1633 588 2
2645 590 2
2784 590 1
2859 590 1
2925 590 2
2824 590 2
694 591 2
894 592 2
809 592 2
1646 592 1
665 592 2
893 592 2
748 592 2
772 592 2
933 592 2
1829 592 2
733 592 2
1740 592 2
825 592 2
1648 592 1
69 592 2
92 592 2
2293 592 2
635 592 2
732 592 1
1679 592 2
2039 592 2
631 592 2
2037 592 2
2329 592 2
946 592 2
942 592 2
2184 592 2
302 592 2
810 592 2
304 592 2
432 592 2
585 594 1
1013 595 2
2942 597 2
2817 597 2
2940 597 2
2784 597 2
2793 597 2
2764 597 2
2733 597 2
2855 597 2
2787 597 2
2635 597 2
2196 597 2
2788 597 2
2636 597 2
2710 597 2
2581 597 2
2898 597 2
3036 597 2
2897 597 2
3001 597 2
3083 597 2
748 599 2
2539 600 2
1208 601 2
1435 601 2
1281 601 2
3103 602 1
2196 602 2
3248 602 1
1082 603 2
1191 603 1
1921 604 2
1953 604 2
772 605 2
293 606 2
1986 608 2
2001 608 2
1753 608 2
1692 608 1
1528 608 1
1407 608 1
1681 608 1
1678 608 2
1541 608 2
1582 608 1
1582 608 1
1629 608 2
1935 608 2
1525 608 2
1877 608 2
1471 608 1
1854 608 2
1857 608 2
1633 608 2
1304 608 1
700 609 1
3271 612 2
3175 612 2
3140 612 2
3143 612 2
3015 612 2
3132 612 2
3132 612 2
3170 612 2
3018 612 2
3267 612 2
3216 612 2
3242 612 2
3169 612 2
3166 612 2
3142 612 2
3270 612 2
2937 612 2
3084 612 2
2940 612 2
2940 612 2
3210 612 2
3248 612 2
3085 612 2
3236 612 2
3209 612 2
2958 612 2
2882 612 2
3217 612 2
2822 612 2
2986 612 2
3137 612 2
3007 612 2
2642 612 1
3083 612 2
3163 612 2
369 613 1
1207 615 2
832 615 2
1444 615 1
1321 615 1
1443 615 1
466 616 1
1582 618 1
1421 618 2
1517 618 2
1922 619 1
2483 619 1
1921 619 2
1926 619 1
886 620 2
2040 621 2
2261 621 2
2264 621 2
2252 621 2
2193 621 1
2194 621 1
1933 621 2
2029 621 1
2041 621 2
2859 622 1
2179 624 2
948 625 1
1918 626 1
1960 626 2
1793 626 2
2679 627 2
2536 627 2
2499 627 1
2473 627 2
2411 628 2
23 629 2
24 629 2
668 629 2
20 629 2
654 629 1
504 629 1
421 629 2
629 629 2
69 629 2
296 629 2
18 629 2
1065 630 2
1328 630 2
1328 630 2
832 630 2
1308 630 2
1405 630 2
1186 630 2
1186 630 2
1196 630 2
1225 630 2
748 630 2
930 630 2
930 630 2
1403 630 2
1013 630 2
1037 630 2
1235 630 2
771 630 2
912 630 2
1207 630 2
1133 630 2
1431 630 2
732 630 2
919 630 2
1468 630 2
1166 630 2
1121 630 2
940 630 2
940 630 2
1561 630 2
1442 630 2
817 630 2
1295 630 2
1230 630 2
875 630 2
959 630 2
1208 630 2
1554 630 2
1355 630 2
1277 630 2
1170 630 2
665 630 2
1264 630 2
1264 630 2
1305 630 2
1434 630 2
1434 630 2
62 630 2
1059 630 2
945 630 2
1443 630 2
1148 630 2
1115 630 2
1233 630 2
1514 630 2
1204 630 2
856 630 2
861 630 2
751 630 2
1373 630 2
1459 630 2
1501 630 2
892 630 2
920 630 2
760 630 2
871 630 2
923 630 2
1518 630 2
216 632 2
145 632 2
596 632 2
200 632 2
2989 633 2
2641 633 2
2923 633 1
1716 634 2
2526 634 2
1869 634 2
2362 634 2
1444 634 2
2483 634 2
2499 634 2
2408 634 1
2611 634 2
2522 634 2
2586 634 2
2179 634 2
1398 635 1
2401 635 1
1174 635 1
1373 636 1
1366 636 1
1744 637 2
1753 637 2
1431 637 2
1169 637 2
1300 637 2
1392 637 2
1759 637 2
1908 637 2
1849 637 2
1452 637 2
1713 637 2
1544 637 2
1440 637 2
1873 637 2
1689 637 2
1715 637 2
1641 637 2
1640 637 2
1635 637 2
1712 637 2
3100 639 1
304 639 2
270 639 2
2708 640 1
2817 641 2
2679 641 2
2961 641 2
2961 641 2
2793 641 2
2641 641 2
2589 641 2
2733 641 2
2855 641 2
2855 641 2
2757 641 2
2880 641 2
2734 641 2
3087 641 2
2619 641 2
3014 641 2
3014 641 2
2858 641 1
2881 641 2
2620 641 2
3036 641 1
2913 641 1
3100 641 2
3038 641 2
3063 641 2
3037 641 2
3037 641 2
2750 641 2
2958 641 2
2882 641 2
2818 641 2
2987 641 2
2987 641 2
2635 641 2
2988 641 2
2652 641 2
2652 641 2
2859 641 2
2897 641 2
2822 641 2
2901 641 2
2986 641 2
3016 641 2
3137 641 2
3007 641 2
1115 643 2
1504 643 1
1421 643 2
1642 643 1
1494 643 1
1993 643 2
1951 643 2
1622 645 1
1471 645 2
1444 645 2
1059 645 2
1641 645 2
1628 645 2
1685 645 2
2755 647 1
807 648 2
269 648 2
2040 649 2
1660 650 2
123 651 2
1629 652 1
2155 652 1
1681 653 1
1881 653 2
1651 653 2
1630 653 1
1646 653 1
1705 653 2
1793 653 2
1875 653 2
1582 653 2
1544 653 1
1013 653 1
1873 653 1
1697 653 1
1673 653 1
1689 653 1
1715 653 2
1768 653 2
1953 653 1
2079 653 1
1304 653 1
1702 653 1
2594 654 2
2652 654 2
2858 654 1
2902 654 1
857 655 1
1196 657 2
1201 657 2
2536 658 2
2813 658 1
1308 662 1
1282 662 1
465 664 2
1264 665 2
1306 666 1
809 666 2
2578 667 1
2961 667 2
2766 667 2
2855 667 2
2750 667 1
2179 667 2
3004 667 1
2987 667 1
2988 667 1
2018 667 1
2438 667 1
2438 667 1
2411 667 2
2564 667 2
2184 668 1
1640 668 1
2788 669 1
2631 669 1
1360 669 2
2882 669 1
1744 671 1
1452 671 1
1502 671 2
1680 672 2
2589 672 1
2855 672 2
3093 672 1
1628 672 2
2757 672 1
1264 672 2
2880 672 1
2734 672 2
2619 672 2
334 672 2
1715 672 1
3142 672 1
2714 672 1
3036 672 1
1685 672 2
2913 672 2
313 672 1
1514 672 2
1621 672 1
2645 672 2
2989 672 1
2988 672 1
654 672 1
3115 672 2
3092 672 1
3092 672 1
2822 672 2
2610 673 2
2368 673 2
2414 673 2
2858 674 1
2620 674 2
1514 678 2
1431 680 1
958 680 2
2001 681 1
1784 681 1
1753 681 2
1308 681 2
1651 681 2
1301 681 2
1135 681 1
1360 681 2
1659 681 2
1661 681 2
1713 681 1
1428 681 2
1582 681 2
1629 681 2
722 681 2
1296 681 1
1654 681 1
1641 681 2
1636 681 2
1656 681 2
926 681 1
1637 681 2
875 681 2
1518 681 1
1444 683 2
1435 683 2
1204 683 1
1166 683 1
1295 683 1
1443 683 2
1940 686 1
2040 686 2
1622 686 1
2766 686 2
3039 686 2
1642 686 1
1908 686 2
2041 686 2
432 687 1
892 688 1
1986 689 2
1784 689 1
928 689 2
23 692 2
2942 692 1
2782 693 1
479 695 2
122 698 1
461 699 2
2432 700 2
2623 700 2
3137 700 2
1442 701 2
1443 701 2
2479 704 2
2365 704 2
2465 704 2
2564 704 2
1306 706 1
1702 706 2
378 707 2
827 708 2
1208 708 1
97 708 2
721 708 2
1308 708 1
312 708 2
1135 708 1
271 708 2
434 708 2
942 708 2
1403 708 1
1442 708 1
829 708 2
825 708 2
421 708 2
527 708 2
88 708 2
734 708 2
2056 710 1
2128 710 2
1027 711 1
398 713 2
388 713 2
461 713 2
200 713 2
2635 714 2
3175 714 2
3193 714 2
2766 714 2
2735 714 1
3172 714 1
2822 714 1
3270 714 1
2958 714 2
3208 714 2
3083 714 2
468 717 2
2080 718 2
1300 718 2
1299 718 2
1301 718 2
1928 718 2
1960 718 1
1918 718 1
2079 718 2
338 719 1
748 719 2
140 720 2
958 721 2
1054 721 1
719 722 2
3115 722 2
22 722 2
131 722 2
3092 722 1
3093 722 1
432 722 2