230 1
110 2
231 3
111 4
232 5
233 6
113 7
114 8
235 9
115 10
236 11
116 12
237 13
117 14
238 15
118 16
239 17
119 18
10 19
11 20
12 21
15 22
16 23
18 24
19 25
120 26
241 27
121 28
1 29
243 30
2 31
123 32
244 33
3 34
124 35
4 36
125 37
246 38
5 39
126 40
247 41
6 42
127 43
248 44
128 45
249 46
8 47
9 48
20 49
21 50
23 51
24 52
25 53
26 54
27 55
28 56
29 57
250 58
130 59
251 60
252 61
132 62
133 63
254 64
134 65
255 66
135 67
256 68
136 69
257 70
137 71
258 72
138 73
259 74
139 75
30 76
31 77
32 78
33 79
34 80
35 81
36 82
37 83
38 84
39 85
260 86
140 87
261 88
141 89
262 90
142 91
264 92
144 93
265 94
145 95
266 96
146 97
147 98
268 99
148 100
269 101
149 102
40 103
41 104
42 105
44 106
45 107
46 108
47 109
48 110
49 111
270 112
150 113
271 114
151 115
272 116
152 117
273 118
153 119
274 120
154 121
275 122
155 123
156 124
277 125
157 126
278 127
158 128
159 129
50 130
51 131
52 132
54 133
56 134
57 135
58 136
59 137
280 138
160 139
281 140
161 141
282 142
162 143
283 144
163 145
284 146
285 147
286 148
166 149
287 150
167 151
168 152
289 153
60 154
61 155
62 156
63 157
64 158
66 159
68 160
69 161
290 162
170 163
291 164
171 165
292 166
293 167
173 168
294 169
295 170
296 171
176 172
297 173
177 174
298 175
178 176
179 177
71 178
72 179
73 180
74 181
76 182
78 183
180 184
181 185
182 186
183 187
184 188
185 189
186 190
187 191
188 192
189 193
80 194
83 195
85 196
86 197
87 198
88 199
190 200
191 201
192 202
193 203
194 204
195 205
196 206
197 207
198 208
199 209
90 210
91 211
92 212
94 213
95 214
96 215
97 216
98 217
99 218
302 219
303 220
304 221
306 222
200 223
201 224
203 225
205 226
206 227
207 228
209 229
210 230
213 231
214 232
215 233
216 234
217 235
218 236
219 237
220 238
100 239
221 240
101 241
222 242
102 243
223 244
103 245
104 246
105 247
227 248
228 249
108 250
229 251
109 252