2306 1454
2305 1453
2304 1452
2303 1451
2302 1450
2301 1449
2300 1448
2309 1457
2308 1456
2307 1455
2320 1470
2317 1466
1 1
2316 1465
2 1112
2315 1464
2314 1463
3 2223
2313 1462
4 2610
2312 1461
5 2721
2311 1460
6 2832
2310 1459
7 2943
8 3054
9 3165
2319 1468
2318 1467
1000 4
2331 1482
2330 1481
2328 1478
2327 1477
2326 1476
2325 1475
2324 1474
2323 1473
2322 1472
2321 1471
2329 1479
1011 16
2342 1494
1010 15
2341 1493
2340 1492
1008 12
2339 1490
1007 11
2338 1489
1006 10
2337 1488
1005 9
2336 1487
1004 8
2335 1486
1003 7
2334 1485
1002 6
2333 1484
1001 5
2332 1483
1009 13
1022 28
2353 1506
1021 27
2352 1505
1020 26
2351 1504
2350 1503
1019 24
1018 23
2349 1501
1017 22
2348 1500
1016 21
2347 1499
1015 20
2346 1498
1014 19
2345 1497
1013 18
2344 1496
1012 17
2343 1495
1033 40
2364 1518
1032 39
2363 1517
1031 38
2362 1516
1030 37
2361 1515
2360 1514
1029 35
1028 34
2359 1512
1027 33
2358 1511
1026 32
2357 1510
1025 31
2356 1509
1024 30
2355 1508
1023 29
2354 1507
1044 52
2375 1530
1043 51
2374 1529
1042 50
2373 1528
1041 49
2372 1527
1040 48
2371 1526
2370 1525
1039 46
1038 45
2369 1523
1037 44
2368 1522
1036 43
2367 1521
1035 42
2366 1520
1034 41
2365 1519
1055 64
2386 1542
1054 63
2385 1541
1053 62
2384 1540
1052 61
2383 1539
1051 60
2382 1538
1050 59
2381 1537
2380 1536
1049 57
1048 56
2379 1534
1047 55
2378 1533
1046 54
2377 1532
1045 53
2376 1531
1066 76
2397 1554
1065 75
2396 1553
1064 74
2395 1552
1063 73
2394 1551
1062 72
2393 1550
1061 71
2392 1549
1060 70
2391 1548
2390 1547
1059 68
1058 67
2389 1545
1057 66
2388 1544
1056 65
2387 1543
1077 88
1076 87
1075 86
1074 85
1073 84
1072 83
1071 82
1070 81
1069 79
1068 78
2399 1556
1067 77
2398 1555
1080 92
1088 100
1087 99
1086 98
1085 97
1084 96
1083 95
1082 94
1081 93
1079 90
1078 89
1091 104
1090 103
1099 112
1098 111
1097 110
1096 109
1095 108
1094 107
1093 106
1092 105
1089 101
200 1114
201 1125
202 1136
203 1147
204 1158
205 1169
206 1180
207 1191
208 1202
209 1213
210 1225
211 1236
212 1247
213 1258
214 1269
215 1280
216 1291
217 1302
218 1313
219 1324
220 1336
221 1347
222 1358
223 1369
224 1380
225 1391
226 1402
227 1413
228 1424
229 1435
230 1447
231 1458
232 1469
233 1480
234 1491
235 1502
236 1513
237 1524
238 1535
239 1546
1909 1012
1908 1011
240 1558
241 1569
242 1580
243 1591
244 1602
245 1613
246 1624
247 1635
248 1646
249 1657
1907 1010
1906 1009
1905 1008
1904 1007
1903 1006
1902 1005
1901 1004
1900 1003
1919 1023
250 1669
251 1680
252 1691
1910 1014
253 1702
254 1713
255 1724
256 1735
257 1746
258 1757
259 1768
1918 1022
1917 1021
1916 1020
1915 1019
1914 1018
1913 1017
1912 1016
1911 1015
260 1780
261 1791
262 1802
263 1813
1921 1026
264 1824
1920 1025
265 1835
266 1846
267 1857
268 1868
269 1879
1929 1034
1928 1033
1927 1032
1926 1031
1925 1030
1924 1029
1923 1028
1922 1027
270 1891
271 1902
272 1913
273 1924
274 1935
1932 1038
275 1946
1931 1037
276 1957
1930 1036
277 1968
278 1979
279 1990
1939 1045
1938 1044
1937 1043
1936 1042
1935 1041
1934 1040
1933 1039
280 2002
281 2013
282 2024
283 2035
284 2046
285 2057
1943 1050
286 2068
1942 1049
287 2079
1941 1048
288 2090
1940 1047
289 2101
1949 1056
1948 1055
1947 1054
1946 1053
1945 1052
1944 1051
290 2113
291 2124
292 2135
293 2146
294 2157
295 2168
296 2179
1954 1062
297 2190
1953 1061
298 2201
1952 1060
299 2212
1951 1059
1950 1058
1959 1067
1958 1066
1957 1065
1956 1064
1955 1063
1965 1074
1964 1073
1963 1072
1962 1071
1961 1070
1960 1069
1969 1078
1968 1077
1967 1076
1966 1075
1976 1086
1975 1085
1974 1084
1973 1083
1972 1082
1971 1081
1970 1080
1979 1089
1978 1088
1977 1087
1990 1102
1987 1098
1986 1097
1985 1096
1984 1095
1983 1094
1982 1093
1981 1092
1980 1091
1989 1100
1988 1099
1998 1110
1997 1109
1996 1108
1995 1107
1994 1106
1993 1105
1992 1104
1991 1103
1999 1111
2405 1564
2404 1563
2403 1562
2402 1561
2401 1560
2400 1559
2409 1568
2408 1567
2407 1566
2406 1565
2416 1576
2415 1575
2414 1574
2413 1573
2412 1572
2411 1571
2410 1570
2419 1579
2418 1578
2417 1577
2430 1592
2427 1588
2426 1587
2425 1586
2424 1585
2423 1584
2422 1583
2421 1582
2420 1581
2429 1590
2428 1589
1110 126
2441 1604
2440 1603
1107 122
2438 1600
1106 121
2437 1599
1105 120
2436 1598
1104 119
2435 1597
1103 118
2434 1596
1102 117
2433 1595
1101 116
2432 1594
1100 115
2431 1593
1109 124
1108 123
2439 1601
1121 138
2452 1616
1120 137
2451 1615
2450 1614
1118 134
2449 1612
1117 133
2448 1611
1116 132
2447 1610
1115 131
2446 1609
1114 130
2445 1608
1113 129
2444 1607
1112 128
2443 1606
1111 127
2442 1605
1119 135
1132 150
2463 1628
1131 149
2462 1627
1130 148
2461 1626
2460 1625
1129 146
1128 145
2459 1623
1127 144
2458 1622
1126 143
2457 1621
1125 142
2456 1620
1124 141
2455 1619
1123 140
2454 1618
1122 139
2453 1617
1143 162
2474 1640
1142 161
2473 1639
1141 160
2472 1638
1140 159
2471 1637
2470 1636
1139 157
1138 156
2469 1634
1137 155
2468 1633
1136 154
2467 1632
1135 153
2466 1631
1134 152
2465 1630
1133 151
2464 1629
1154 174
2485 1652
1153 173
2484 1651
1152 172
2483 1650
1151 171
2482 1649
1150 170
2481 1648
2480 1647
1149 168
1148 167
2479 1645
1147 166
2478 1644
1146 165
2477 1643
1145 164
2476 1642
1144 163
2475 1641
1165 186
2496 1664
1164 185
2495 1663
1163 184
2494 1662
1162 183
2493 1661
1161 182
2492 1660
1160 181
2491 1659
2490 1658
1159 179
1158 178
2489 1656
1157 177
2488 1655
1156 176
2487 1654
1155 175
2486 1653
1176 198
1175 197
1174 196
1173 195
1172 194
1171 193
1170 192
1169 190
1168 189
2499 1667
1167 188
2498 1666
1166 187
2497 1665
1187 210
1186 209
1185 208
1184 207
1183 206
1182 205
1181 204
1180 203
1179 201
1178 200
1177 199
1190 214
1198 222
1197 221
1196 220
1195 219
1194 218
1193 217
1192 216
1191 215
1189 212
1188 211
1199 223
300 2225
301 2236
302 2247
303 2258
304 2269
305 2280
306 2291
307 2302
308 2313
309 2324
310 2336
311 2347
312 2358
313 2369
314 2380
315 2391
316 2402
317 2413
318 2424
319 2435
320 2447
321 2458
322 2469
323 2480
324 2491
325 2502
326 2513
327 2524
328 2531
329 2532
330 2534
331 2535
332 2536
333 2537
334 2538
335 2539
336 2540
337 2541
338 2542
339 2543
340 2545
341 2546
342 2547
343 2548
344 2549
345 2550
346 2551
347 2552
348 2553
349 2554
350 2556
351 2557
352 2558
353 2559
354 2560
355 2561
356 2562
357 2563
358 2564
359 2565
10 2
11 113
12 224
13 335
14 446
15 557
16 668
17 779
18 890
19 1001
360 2567
361 2568
362 2569
363 2570
364 2571
365 2572
366 2573
367 2574
368 2575
369 2576
20 1113
21 1224
22 1335
23 1446
24 1557
25 1668
26 1779
27 1890
28 2001
29 2112
370 2578
371 2579
372 2580
373 2581
374 2582
375 2583
376 2584
377 2585
378 2586
379 2587
30 2224
31 2335
32 2446
33 2533
34 2544
35 2555
36 2566
37 2577
38 2588
39 2599
380 2589
381 2590
382 2591
383 2592
384 2593
385 2594
386 2595
387 2596
388 2597
389 2598
40 2611
41 2622
42 2633
43 2644
44 2655
45 2666
46 2677
47 2688
48 2699
49 2710
390 2600
391 2601
392 2602
393 2603
394 2604
395 2605
396 2606
397 2607
398 2608
399 2609
50 2722
51 2733
52 2744
53 2755
54 2766
55 2777
56 2788
57 2799
58 2810
59 2821
60 2833
61 2844
62 2855
63 2866
64 2877
65 2888
66 2899
67 2910
68 2921
69 2932
70 2944
71 2955
72 2966
73 2977
74 2988
75 2999
76 3010
77 3021
78 3032
79 3043
80 3055
81 3066
82 3077
83 3088
84 3099
85 3110
86 3121
87 3132
88 3143
89 3154
90 3166
91 3177
92 3188
93 3199
94 3210
95 3221
96 3232
97 3243
98 3254
99 3265
2504 1674
2503 1673
2502 1672
2501 1671
2500 1670
2509 1679
2508 1678
2507 1677
2506 1676
2505 1675
2515 1686
2514 1685
2513 1684
2512 1683
2511 1682
2510 1681
2519 1690
2518 1689
2517 1688
2516 1687
2526 1698
2525 1697
2524 1696
2523 1695
2522 1694
2521 1693
2520 1692
2529 1701
2528 1700
2527 1699
2540 1714
1206 232
2537 1710
1205 231
2536 1709
1204 230
2535 1708
1203 229
2534 1707
1202 228
2533 1706
1201 227
2532 1705
1200 226
2531 1704
2530 1703
1209 235
1208 234
2539 1712
1207 233
2538 1711
1220 248
2551 1726
2550 1725
1217 244
2548 1722
1216 243
2547 1721
1215 242
2546 1720
1214 241
2545 1719
1213 240
2544 1718
1212 239
2543 1717
1211 238
2542 1716
1210 237
2541 1715
1219 246
1218 245
2549 1723
1231 260
2562 1738
1230 259
2561 1737
2560 1736
1228 256
2559 1734
1227 255
2558 1733
1226 254
2557 1732
1225 253
2556 1731
1224 252
2555 1730
1223 251
2554 1729
1222 250
2553 1728
1221 249
2552 1727
1229 257
1242 272
2573 1750
1241 271
2572 1749
1240 270
2571 1748
2570 1747
1239 268
1238 267
2569 1745
1237 266
2568 1744
1236 265
2567 1743
1235 264
2566 1742
1234 263
2565 1741
1233 262
2564 1740
1232 261
2563 1739
1253 284
2584 1762
1252 283
2583 1761
1251 282
2582 1760
1250 281
2581 1759
2580 1758
1249 279
1248 278
2579 1756
1247 277
2578 1755
1246 276
2577 1754
1245 275
2576 1753
1244 274
2575 1752
1243 273
2574 1751
1264 296
2595 1774
1263 295
2594 1773
1262 294
2593 1772
1261 293
2592 1771
1260 292
2591 1770
2590 1769
1259 290
1258 289
2589 1767
1257 288
2588 1766
1256 287
2587 1765
1255 286
2586 1764
1254 285
2585 1763
1275 308
1274 307
1273 306
1272 305
1271 304
1270 303
1269 301
1268 300
2599 1778
1267 299
2598 1777
1266 298
2597 1776
1265 297
2596 1775
1286 320
1285 319
1284 318
1283 317
1282 316
1281 315
1280 314
1279 312
1278 311
1277 310
1276 309
1297 332
1296 331
1295 330
1294 329
1293 328
1292 327
1291 326
1290 325
1289 323
1288 322
1287 321
3002 2228
3001 2227
3000 2226
1299 334
1298 333
3013 2240
3012 2239
3011 2238
3010 2237
3009 2235
3008 2234
3007 2233
3006 2232
400 2612
3005 2231
401 2613
3004 2230
402 2614
3003 2229
403 2615
404 2616
405 2617
406 2618
407 2619
408 2620
409 2621
3024 2252
3023 2251
3022 2250
3021 2249
3020 2248
3019 2246
3018 2245
410 2623
3017 2244
411 2624
3016 2243
412 2625
3015 2242
413 2626
3014 2241
414 2627
415 2628
416 2629
417 2630
418 2631
419 2632
3035 2264
3034 2263
3033 2262
3032 2261
3031 2260
3030 2259
420 2634
3029 2257
421 2635
3028 2256
422 2636
3027 2255
423 2637
3026 2254
424 2638
3025 2253
425 2639
426 2640
427 2641
428 2642
429 2643
3046 2276
3045 2275
3044 2274
3043 2273
3042 2272
3041 2271
3040 2270
430 2645
431 2646
432 2647
3039 2268
433 2648
3038 2267
434 2649
3037 2266
435 2650
3036 2265
436 2651
437 2652
438 2653
439 2654
3057 2288
3056 2287
3055 2286
3054 2285
3053 2284
3052 2283
3051 2282
3050 2281
440 2656
441 2657
442 2658
443 2659
444 2660
3049 2279
445 2661
3048 2278
446 2662
3047 2277
447 2663
448 2664
449 2665
3060 2292
3068 2300
3067 2299
3066 2298
3065 2297
3064 2296
3063 2295
3062 2294
3061 2293
450 2667
451 2668
452 2669
453 2670
454 2671
455 2672
456 2673
3059 2290
457 2674
3058 2289
458 2675
459 2676
3071 2304
3070 2303
3079 2312
3078 2311
3077 2310
3076 2309
3075 2308
3074 2307
3073 2306
460 2678
3072 2305
461 2679
462 2680
463 2681
464 2682
465 2683
466 2684
467 2685
468 2686
3069 2301
469 2687
3082 2316
3081 2315
3080 2314
3089 2323
3088 2322
3087 2321
3086 2320
3085 2319
470 2689
3084 2318
471 2690
3083 2317
472 2691
473 2692
474 2693
475 2694
476 2695
477 2696
478 2697
479 2698
3093 2328
3092 2327
3091 2326
3090 2325
3099 2334
3098 2333
3097 2332
480 2700
3096 2331
481 2701
3095 2330
482 2702
3094 2329
483 2703
484 2704
485 2705
486 2706
487 2707
488 2708
489 2709
490 2711
491 2712
492 2713
493 2714
494 2715
495 2716
496 2717
497 2718
498 2719
499 2720
2603 1784
2602 1783
2601 1782
2600 1781
2609 1790
2608 1789
2607 1788
2606 1787
2605 1786
2604 1785
2614 1796
2613 1795
2612 1794
2611 1793
2610 1792
2619 1801
2618 1800
2617 1799
2616 1798
2615 1797
2625 1808
2624 1807
2623 1806
2622 1805
2621 1804
2620 1803
2629 1812
2628 1811
2627 1810
2626 1809
1305 342
2636 1820
1304 341
2635 1819
1303 340
2634 1818
1302 339
2633 1817
1301 338
2632 1816
1300 337
2631 1815
2630 1814
1309 346
1308 345
2639 1823
1307 344
2638 1822
1306 343
2637 1821
2650 1836
1316 354
2647 1832
1315 353
2646 1831
1314 352
2645 1830
1313 351
2644 1829
1312 350
2643 1828
1311 349
2642 1827
1310 348
2641 1826
2640 1825
1319 357
1318 356
2649 1834
1317 355
2648 1833
1330 370
2661 1848
2660 1847
1327 366
2658 1844
1326 365
2657 1843
1325 364
2656 1842
1324 363
2655 1841
1323 362
2654 1840
1322 361
2653 1839
1321 360
2652 1838
1320 359
2651 1837
1329 368
1328 367
2659 1845
1341 382
2672 1860
1340 381
2671 1859
2670 1858
1338 378
2669 1856
1337 377
2668 1855
1336 376
2667 1854
1335 375
2666 1853
1334 374
2665 1852
1333 373
2664 1851
1332 372
2663 1850
1331 371
2662 1849
1339 379
1352 394
2683 1872
1351 393
2682 1871
1350 392
2681 1870
2680 1869
1349 390
1348 389
2679 1867
1347 388
2678 1866
1346 387
2677 1865
1345 386
2676 1864
1344 385
2675 1863
1343 384
2674 1862
1342 383
2673 1861
1363 406
2694 1884
1362 405
2693 1883
1361 404
2692 1882
1360 403
2691 1881
2690 1880
1359 401
1358 400
2689 1878
1357 399
2688 1877
1356 398
2687 1876
1355 397
2686 1875
1354 396
2685 1874
1353 395
2684 1873
1374 418
1373 417
1372 416
1371 415
1370 414
1369 412
1368 411
2699 1889
1367 410
2698 1888
1366 409
2697 1887
1365 408
2696 1886
1364 407
2695 1885
1385 430
1384 429
1383 428
1382 427
1381 426
1380 425
1379 423
1378 422
1377 421
1376 420
1375 419
1396 442
1395 441
1394 440
1393 439
1392 438
1391 437
1390 436
1389 434
1388 433
1387 432
1386 431
3101 2338
3100 2337
1399 445
1398 444
1397 443
3112 2350
3111 2349
3110 2348
3109 2346
3108 2345
3107 2344
3106 2343
3105 2342
3104 2341
500 2723
3103 2340
501 2724
3102 2339
502 2725
503 2726
504 2727
505 2728
506 2729
507 2730
508 2731
509 2732
3123 2362
3122 2361
3121 2360
3120 2359
3119 2357
3118 2356
3117 2355
3116 2354
510 2734
3115 2353
511 2735
3114 2352
512 2736
3113 2351
513 2737
514 2738
515 2739
516 2740
517 2741
518 2742
519 2743
3134 2374
3133 2373
3132 2372
3131 2371
3130 2370
3129 2368
3128 2367
520 2745
3127 2366
521 2746
3126 2365
522 2747
3125 2364
523 2748
3124 2363
524 2749
525 2750
526 2751
527 2752
528 2753
529 2754
3145 2386
3144 2385
3143 2384
3142 2383
3141 2382
3140 2381
530 2756
3139 2379
531 2757
3138 2378
532 2758
3137 2377
533 2759
3136 2376
534 2760
3135 2375
535 2761
536 2762
537 2763
538 2764
539 2765
3156 2398
3155 2397
3154 2396
3153 2395
3152 2394
3151 2393
3150 2392
540 2767
541 2768
542 2769
3149 2390
543 2770
3148 2389
544 2771
3147 2388
545 2772
3146 2387
546 2773
547 2774
548 2775
549 2776
3167 2410
3166 2409
3165 2408
3164 2407
3163 2406
3162 2405
3161 2404
3160 2403
550 2778
551 2779
552 2780
553 2781
554 2782
3159 2401
555 2783
3158 2400
556 2784
3157 2399
557 2785
558 2786
559 2787
3170 2414
3178 2422
3177 2421
3176 2420
3175 2419
3174 2418
3173 2417
3172 2416
3171 2415
560 2789
561 2790
562 2791
563 2792
564 2793
565 2794
566 2795
3169 2412
567 2796
3168 2411
568 2797
569 2798
3181 2426
3180 2425
3189 2434
3188 2433
3187 2432
3186 2431
3185 2430
3184 2429
3183 2428
570 2800
3182 2427
571 2801
572 2802
573 2803
574 2804
575 2805
576 2806
577 2807
578 2808
3179 2423
579 2809
3192 2438
3191 2437
3190 2436
3199 2445
3198 2444
3197 2443
3196 2442
3195 2441
580 2811
3194 2440
581 2812
3193 2439
582 2813
583 2814
584 2815
585 2816
586 2817
587 2818
588 2819
589 2820
590 2822
591 2823
592 2824
593 2825
594 2826
595 2827
596 2828
597 2829
598 2830
599 2831
2702 1894
2701 1893
2700 1892
2709 1901
2708 1900
2707 1899
2706 1898
2705 1897
2704 1896
2703 1895
2713 1906
2712 1905
2711 1904
2710 1903
2719 1912
2718 1911
2717 1910
2716 1909
2715 1908
2714 1907
2724 1918
2723 1917
2722 1916
2721 1915
2720 1914
2729 1923
2728 1922
2727 1921
2726 1920
2725 1919
1404 452
2735 1930
1403 451
2734 1929
1402 450
2733 1928
1401 449
2732 1927
1400 448
2731 1926
2730 1925
1409 457
1408 456
2739 1934
1407 455
2738 1933
1406 454
2737 1932
1405 453
2736 1931
1415 464
2746 1942
1414 463
2745 1941
1413 462
2744 1940
1412 461
2743 1939
1411 460
2742 1938
1410 459
2741 1937
2740 1936
1419 468
1418 467
2749 1945
1417 466
2748 1944
1416 465
2747 1943
2760 1958
1426 476
2757 1954
1425 475
2756 1953
1424 474
2755 1952
1423 473
2754 1951
1422 472
2753 1950
1421 471
2752 1949
1420 470
2751 1948
2750 1947
1429 479
1428 478
2759 1956
1427 477
2758 1955
1440 492
2771 1970
2770 1969
1437 488
2768 1966
1436 487
2767 1965
1435 486
2766 1964
1434 485
2765 1963
1433 484
2764 1962
1432 483
2763 1961
1431 482
2762 1960
1430 481
2761 1959
1439 490
1438 489
2769 1967
1451 504
2782 1982
1450 503
2781 1981
2780 1980
1448 500
2779 1978
1447 499
2778 1977
1446 498
2777 1976
1445 497
2776 1975
1444 496
2775 1974
1443 495
2774 1973
1442 494
2773 1972
1441 493
2772 1971
1449 501
1462 516
2793 1994
1461 515
2792 1993
1460 514
2791 1992
2790 1991
1459 512
1458 511
2789 1989
1457 510
2788 1988
1456 509
2787 1987
1455 508
2786 1986
1454 507
2785 1985
1453 506
2784 1984
1452 505
2783 1983
1473 528
1472 527
1471 526
1470 525
1469 523
1468 522
2799 2000
1467 521
2798 1999
1466 520
2797 1998
1465 519
2796 1997
1464 518
2795 1996
1463 517
2794 1995
1484 540
1483 539
1482 538
1481 537
1480 536
1479 534
1478 533
1477 532
1476 531
1475 530
1474 529
1495 552
1494 551
1493 550
1492 549
1491 548
1490 547
1489 545
1488 544
1487 543
1486 542
1485 541
3200 2448
1499 556
1498 555
1497 554
1496 553
3211 2460
3210 2459
3208 2456
3207 2455
3206 2454
3205 2453
3204 2452
3203 2451
3202 2450
600 2834
3201 2449
601 2835
602 2836
603 2837
604 2838
605 2839
606 2840
607 2841
608 2842
3209 2457
609 2843
3222 2472
3221 2471
3220 2470
3219 2468
3218 2467
3217 2466
3216 2465
3215 2464
3214 2463
610 2845
3213 2462
611 2846
3212 2461
612 2847
613 2848
614 2849
615 2850
616 2851
617 2852
618 2853
619 2854
3233 2484
3232 2483
3231 2482
3230 2481
3229 2479
3228 2478
3227 2477
3226 2476
620 2856
3225 2475
621 2857
3224 2474
622 2858
3223 2473
623 2859
624 2860
625 2861
626 2862
627 2863
628 2864
629 2865
3244 2496
3243 2495
3242 2494
3241 2493
3240 2492
3239 2490
3238 2489
630 2867
3237 2488
631 2868
3236 2487
632 2869
3235 2486
633 2870
3234 2485
634 2871
635 2872
636 2873
637 2874
638 2875
639 2876
3255 2508
3254 2507
3253 2506
3252 2505
3251 2504
3250 2503
640 2878
3249 2501
641 2879
3248 2500
642 2880
3247 2499
643 2881
3246 2498
644 2882
3245 2497
645 2883
646 2884
647 2885
648 2886
649 2887
3266 2520
3265 2519
3264 2518
3263 2517
3262 2516
3261 2515
3260 2514
650 2889
651 2890
652 2891
3259 2512
653 2892
3258 2511
654 2893
3257 2510
655 2894
3256 2509
656 2895
657 2896
658 2897
659 2898
3275 2530
3274 2529
3273 2528
3272 2527
3271 2526
3270 2525
660 2900
661 2901
662 2902
663 2903
664 2904
3269 2523
665 2905
3268 2522
666 2906
3267 2521
667 2907
668 2908
669 2909
670 2911
671 2912
672 2913
673 2914
674 2915
675 2916
676 2917
677 2918
678 2919
679 2920
680 2922
681 2923
682 2924
683 2925
684 2926
685 2927
686 2928
687 2929
688 2930
689 2931
690 2933
691 2934
692 2935
693 2936
694 2937
695 2938
696 2939
697 2940
698 2941
699 2942
2801 2004
2800 2003
2809 2012
2808 2011
2807 2010
2806 2009
2805 2008
2804 2007
2803 2006
2802 2005
2812 2016
2811 2015
2810 2014
2819 2023
2818 2022
2817 2021
2816 2020
2815 2019
2814 2018
2813 2017
2823 2028
2822 2027
2821 2026
2820 2025
2829 2034
2828 2033
2827 2032
2826 2031
2825 2030
2824 2029
1503 562
2834 2040
1502 561
2833 2039
1501 560
2832 2038
1500 559
2831 2037
2830 2036
1509 568
1508 567
2839 2045
1507 566
2838 2044
1506 565
2837 2043
1505 564
2836 2042
1504 563
2835 2041
1514 574
2845 2052
1513 573
2844 2051
1512 572
2843 2050
1511 571
2842 2049
1510 570
2841 2048
2840 2047
1519 579
1518 578
2849 2056
1517 577
2848 2055
1516 576
2847 2054
1515 575
2846 2053
1525 586
2856 2064
1524 585
2855 2063
1523 584
2854 2062
1522 583
2853 2061
1521 582
2852 2060
1520 581
2851 2059
2850 2058
1529 590
1528 589
2859 2067
1527 588
2858 2066
1526 587
2857 2065
2870 2080
1536 598
2867 2076
1535 597
2866 2075
1534 596
2865 2074
1533 595
2864 2073
1532 594
2863 2072
1531 593
2862 2071
1530 592
2861 2070
2860 2069
1539 601
1538 600
2869 2078
1537 599
2868 2077
1550 614
2881 2092
2880 2091
1547 610
2878 2088
1546 609
2877 2087
1545 608
2876 2086
1544 607
2875 2085
1543 606
2874 2084
1542 605
2873 2083
1541 604
2872 2082
1540 603
2871 2081
1549 612
1548 611
2879 2089
1561 626
2892 2104
1560 625
2891 2103
2890 2102
1558 622
2889 2100
1557 621
2888 2099
1556 620
2887 2098
1555 619
2886 2097
1554 618
2885 2096
1553 617
2884 2095
1552 616
2883 2094
1551 615
2882 2093
1559 623
1572 638
1571 637
1570 636
1569 634
1568 633
2899 2111
1567 632
2898 2110
1566 631
2897 2109
1565 630
2896 2108
1564 629
2895 2107
1563 628
2894 2106
1562 627
2893 2105
1583 650
1582 649
1581 648
1580 647
1579 645
1578 644
1577 643
1576 642
1575 641
1574 640
1573 639
1594 662
1593 661
1592 660
1591 659
1590 658
1589 656
1588 655
1587 654
1586 653
1585 652
1584 651
1599 667
1598 666
1597 665
1596 664
1595 663
700 2945
701 2946
702 2947
703 2948
704 2949
705 2950
706 2951
707 2952
708 2953
709 2954
710 2956
711 2957
712 2958
713 2959
714 2960
715 2961
716 2962
717 2963
718 2964
719 2965
2001 1116
2000 1115
720 2967
721 2968
722 2969
723 2970
724 2971
725 2972
726 2973
727 2974
728 2975
729 2976
2012 1128
2011 1127
2010 1126
2009 1124
2008 1123
2007 1122
2006 1121
2005 1120
730 2978
2004 1119
731 2979
2003 1118
732 2980
2002 1117
733 2981
734 2982
735 2983
736 2984
737 2985
738 2986
739 2987
2023 1140
2022 1139
2021 1138
2020 1137
2019 1135
2018 1134
2017 1133
740 2989
2016 1132
741 2990
2015 1131
742 2991
2014 1130
743 2992
2013 1129
744 2993
745 2994
746 2995
747 2996
748 2997
749 2998
2034 1152
2033 1151
2032 1150
2031 1149
2030 1148
2029 1146
750 3000
2028 1145
751 3001
2027 1144
752 3002
2026 1143
753 3003
2025 1142
754 3004
2024 1141
755 3005
756 3006
757 3007
758 3008
759 3009
2045 1164
2044 1163
2043 1162
2042 1161
2041 1160
2040 1159
760 3011
761 3012
2039 1157
762 3013
2038 1156
763 3014
2037 1155
764 3015
2036 1154
765 3016
2035 1153
766 3017
767 3018
768 3019
769 3020
2056 1176
2055 1175
2054 1174
2053 1173
2052 1172
2051 1171
2050 1170
770 3022
771 3023
772 3024
773 3025
2049 1168
774 3026
2048 1167
775 3027
2047 1166
776 3028
2046 1165
777 3029
778 3030
779 3031
2067 1188
2066 1187
2065 1186
2064 1185
2063 1184
2062 1183
2061 1182
2060 1181
780 3033
781 3034
782 3035
783 3036
784 3037
785 3038
2059 1179
786 3039
2058 1178
787 3040
2057 1177
788 3041
789 3042
2070 1192
2078 1200
2077 1199
2076 1198
2075 1197
2074 1196
2073 1195
2072 1194
790 3044
2071 1193
791 3045
792 3046
793 3047
794 3048
795 3049
796 3050
797 3051
2069 1190
798 3052
2068 1189
799 3053
2081 1204
2080 1203
2089 1212
2088 1211
2087 1210
2086 1209
2085 1208
2084 1207
2083 1206
2082 1205
2079 1201
2092 1216
2091 1215
2090 1214
2099 1223
2098 1222
2097 1221
2096 1220
2095 1219
2094 1218
2093 1217
2909 2123
2900 2114
2908 2122
2907 2121
2906 2120
2905 2119
2904 2118
2903 2117
2902 2116
2901 2115
2911 2126
2910 2125
2919 2134
2918 2133
2917 2132
2916 2131
2915 2130
2914 2129
2913 2128
2912 2127
2922 2138
2921 2137
2920 2136
2929 2145
2928 2144
2927 2143
2926 2142
2925 2141
2924 2140
2923 2139
1602 672
2933 2150
1601 671
2932 2149
1600 670
2931 2148
2930 2147
1609 679
1608 678
2939 2156
1607 677
2938 2155
1606 676
2937 2154
1605 675
2936 2153
1604 674
2935 2152
1603 673
2934 2151
1613 684
2944 2162
1612 683
2943 2161
1611 682
2942 2160
1610 681
2941 2159
2940 2158
1619 690
1618 689
2949 2167
1617 688
2948 2166
1616 687
2947 2165
1615 686
2946 2164
1614 685
2945 2163
1624 696
2955 2174
1623 695
2954 2173
1622 694
2953 2172
1621 693
2952 2171
1620 692
2951 2170
2950 2169
1629 701
1628 700
2959 2178
1627 699
2958 2177
1626 698
2957 2176
1625 697
2956 2175
1635 708
2966 2186
1634 707
2965 2185
1633 706
2964 2184
1632 705
2963 2183
1631 704
2962 2182
1630 703
2961 2181
2960 2180
1639 712
1638 711
2969 2189
1637 710
2968 2188
1636 709
2967 2187
2980 2202
1646 720
2977 2198
1645 719
2976 2197
1644 718
2975 2196
1643 717
2974 2195
1642 716
2973 2194
1641 715
2972 2193
1640 714
2971 2192
2970 2191
1649 723
1648 722
2979 2200
1647 721
2978 2199
1660 736
2991 2214
2990 2213
1657 732
2988 2210
1656 731
2987 2209
1655 730
2986 2208
1654 729
2985 2207
1653 728
2984 2206
1652 727
2983 2205
1651 726
2982 2204
1650 725
2981 2203
1659 734
1658 733
2989 2211
1671 748
1670 747
1668 744
2999 2222
1667 743
2998 2221
1666 742
2997 2220
1665 741
2996 2219
1664 740
2995 2218
1663 739
2994 2217
1662 738
2993 2216
1661 737
2992 2215
1669 745
1682 760
1681 759
1680 758
1679 756
1678 755
1677 754
1676 753
1675 752
1674 751
1673 750
1672 749
1693 772
1692 771
1691 770
1690 769
1689 767
1688 766
1687 765
1686 764
1685 763
1684 762
1683 761
1699 778
1698 777
1697 776
1696 775
1695 774
1694 773
800 3056
801 3057
802 3058
803 3059
804 3060
805 3061
806 3062
807 3063
808 3064
809 3065
810 3067
811 3068
812 3069
813 3070
814 3071
815 3072
816 3073
817 3074
818 3075
819 3076
2100 1226
820 3078
821 3079
822 3080
823 3081
824 3082
825 3083
826 3084
827 3085
828 3086
829 3087
2111 1238
2110 1237
2108 1234
2107 1233
2106 1232
2105 1231
2104 1230
2103 1229
830 3089
2102 1228
831 3090
2101 1227
832 3091
833 3092
834 3093
835 3094
836 3095
837 3096
838 3097
839 3098
2109 1235
2122 1250
2121 1249
2120 1248
2119 1246
2118 1245
2117 1244
2116 1243
2115 1242
840 3100
2114 1241
841 3101
2113 1240
842 3102
2112 1239
843 3103
844 3104
845 3105
846 3106
847 3107
848 3108
849 3109
2133 1262
2132 1261
2131 1260
2130 1259
2129 1257
2128 1256
2127 1255
850 3111
2126 1254
851 3112
2125 1253
852 3113
2124 1252
853 3114
2123 1251
854 3115
855 3116
856 3117
857 3118
858 3119
859 3120
2144 1274
2143 1273
2142 1272
2141 1271
2140 1270
2139 1268
860 3122
2138 1267
861 3123
2137 1266
862 3124
2136 1265
863 3125
2135 1264
864 3126
2134 1263
865 3127
866 3128
867 3129
868 3130
869 3131
2155 1286
2154 1285
2153 1284
2152 1283
2151 1282
2150 1281
870 3133
871 3134
2149 1279
872 3135
2148 1278
873 3136
2147 1277
874 3137
2146 1276
875 3138
2145 1275
876 3139
877 3140
878 3141
879 3142
2166 1298
2165 1297
2164 1296
2163 1295
2162 1294
2161 1293
2160 1292
880 3144
881 3145
882 3146
883 3147
2159 1290
884 3148
2158 1289
885 3149
2157 1288
886 3150
2156 1287
887 3151
888 3152
889 3153
2177 1310
2176 1309
2175 1308
2174 1307
2173 1306
2172 1305
2171 1304
2170 1303
890 3155
891 3156
892 3157
893 3158
894 3159
895 3160
2169 1301
896 3161
2168 1300
897 3162
2167 1299
898 3163
899 3164
2180 1314
2188 1322
2187 1321
2186 1320
2185 1319
2184 1318
2183 1317
2182 1316
2181 1315
2179 1312
2178 1311
2191 1326
2190 1325
2199 1334
2198 1333
2197 1332
2196 1331
2195 1330
2194 1329
2193 1328
2192 1327
2189 1323
1701 782
1700 781
1709 790
1708 789
1707 788
1706 787
1705 786
1704 785
1703 784
1702 783
1712 794
1711 793
1710 792
1719 801
1718 800
1717 799
1716 798
1715 797
1714 796
1713 795
1723 806
1722 805
1721 804
1720 803
1729 812
1728 811
1727 810
1726 809
1725 808
1724 807
1734 818
1733 817
1732 816
1731 815
1730 814
1739 823
1738 822
1737 821
1736 820
1735 819
1745 830
1744 829
1743 828
1742 827
1741 826
1740 825
1749 834
1748 833
1747 832
1746 831
1756 842
1755 841
1754 840
1753 839
1752 838
1751 837
1750 836
1759 845
1758 844
1757 843
1770 858
1767 854
1766 853
1765 852
1764 851
1763 850
1762 849
1761 848
1760 847
1769 856
1768 855
1781 870
1780 869
1778 866
1777 865
1776 864
1775 863
1774 862
1773 861
1772 860
1771 859
1779 867
1792 882
1791 881
1790 880
1789 878
1788 877
1787 876
1786 875
1785 874
1784 873
1783 872
1782 871
1799 889
1798 888
1797 887
1796 886
1795 885
1794 884
1793 883
900 3167
901 3168
902 3169
903 3170
904 3171
905 3172
906 3173
907 3174
908 3175
909 3176
910 3178
911 3179
912 3180
913 3181
914 3182
915 3183
916 3184
917 3185
918 3186
919 3187
920 3189
921 3190
922 3191
923 3192
924 3193
925 3194
926 3195
927 3196
928 3197
929 3198
2210 1348
2207 1344
2206 1343
2205 1342
2204 1341
2203 1340
2202 1339
2201 1338
930 3200
2200 1337
931 3201
932 3202
933 3203
934 3204
935 3205
936 3206
937 3207
2209 1346
938 3208
2208 1345
939 3209
2221 1360
2220 1359
2218 1356
2217 1355
2216 1354
2215 1353
2214 1352
2213 1351
940 3211
2212 1350
941 3212
2211 1349
942 3213
943 3214
944 3215
945 3216
946 3217
947 3218
948 3219
949 3220
2219 1357
2232 1372
2231 1371
2230 1370
2229 1368
2228 1367
2227 1366
2226 1365
2225 1364
950 3222
2224 1363
951 3223
2223 1362
952 3224
2222 1361
953 3225
954 3226
955 3227
956 3228
957 3229
958 3230
959 3231
2243 1384
2242 1383
2241 1382
2240 1381
2239 1379
2238 1378
2237 1377
960 3233
2236 1376
961 3234
2235 1375
962 3235
2234 1374
963 3236
2233 1373
964 3237
965 3238
966 3239
967 3240
968 3241
969 3242
2254 1396
2253 1395
2252 1394
2251 1393
2250 1392
2249 1390
970 3244
2248 1389
971 3245
2247 1388
972 3246
2246 1387
973 3247
2245 1386
974 3248
2244 1385
975 3249
976 3250
977 3251
978 3252
979 3253
2265 1408
2264 1407
2263 1406
2262 1405
2261 1404
2260 1403
980 3255
981 3256
2259 1401
982 3257
2258 1400
983 3258
2257 1399
984 3259
2256 1398
985 3260
2255 1397
986 3261
987 3262
988 3263
989 3264
2276 1420
2275 1419
2274 1418
2273 1417
2272 1416
2271 1415
2270 1414
990 3266
991 3267
992 3268
993 3269
2269 1412
994 3270
2268 1411
995 3271
2267 1410
996 3272
2266 1409
997 3273
998 3274
999 3275
2287 1432
2286 1431
2285 1430
2284 1429
2283 1428
2282 1427
2281 1426
2280 1425
2279 1423
2278 1422
2277 1421
2290 1436
2298 1444
2297 1443
2296 1442
2295 1441
2294 1440
2293 1439
2292 1438
2291 1437
2289 1434
2288 1433
2299 1445
100 3
101 14
102 25
103 36
104 47
105 58
106 69
107 80
108 91
109 102
110 114
111 125
112 136
113 147
114 158
115 169
116 180
117 191
118 202
119 213
120 225
121 236
122 247
123 258
124 269
125 280
126 291
127 302
128 313
129 324
130 336
131 347
132 358
133 369
134 380
135 391
136 402
137 413
138 424
139 435
1809 901
140 447
141 458
142 469
143 480
1800 892
144 491
145 502
146 513
147 524
148 535
149 546
1808 900
1807 899
1806 898
1805 897
1804 896
1803 895
1802 894
1801 893
150 558
151 569
152 580
153 591
154 602
1811 904
155 613
1810 903
156 624
157 635
158 646
159 657
1819 912
1818 911
1817 910
1816 909
1815 908
1814 907
1813 906
1812 905
160 669
161 680
162 691
163 702
164 713
165 724
1822 916
166 735
1821 915
167 746
1820 914
168 757
169 768
1829 923
1828 922
1827 921
1826 920
1825 919
1824 918
1823 917
170 780
171 791
172 802
173 813
174 824
175 835
176 846
1833 928
177 857
1832 927
178 868
1831 926
179 879
1830 925
1839 934
1838 933
1837 932
1836 931
1835 930
1834 929
180 891
181 902
182 913
183 924
184 935
185 946
186 957
1844 940
187 968
1843 939
188 979
1842 938
189 990
1841 937
1840 936
1849 945
1848 944
1847 943
1846 942
1845 941
190 1002
191 1013
192 1024
193 1035
194 1046
195 1057
196 1068
197 1079
1855 952
198 1090
1854 951
199 1101
1853 950
1852 949
1851 948
1850 947
1859 956
1858 955
1857 954
1856 953
1866 964
1865 963
1864 962
1863 961
1862 960
1861 959
1860 958
1869 967
1868 966
1867 965
1880 980
1877 976
1876 975
1875 974
1874 973
1873 972
1872 971
1871 970
1870 969
1879 978
1878 977
1891 992
1890 991
1888 988
1887 987
1886 986
1885 985
1884 984
1883 983
1882 982
1881 981
1889 989
1899 1000
1898 999
1897 998
1896 997
1895 996
1894 995
1893 994
1892 993