248 2
1726 2
1860 2
382 2
1725 2
1859 2
381 2
1858 1
244 1
1722 2
378 2
1856 2
1721 1
243 1
377 2
1855 1
242 1
1720 2
1854 1
376 1
241 2
1719 1
375 1
1853 2
240 1
1718 1
374 1
1852 1
239 2
1717 1
373 1
1851 2
1716 1
238 2
372 1
1715 1
237 2
246 1
1723 2
245 2
1738 1
260 1
259 1
1737 2
1736 2
256 1
1734 1
255 1
1733 2
254 1
1732 2
1731 2
253 2
252 2
1730 2
251 2
1729 2
1728 2
250 1
1727 2
249 1
257 2
272 2
1750 2
1749 1
271 1
1748 2
270 1
1747 1
268 1
1745 1
267 1
266 1
1744 2
265 1
1743 1
1742 2
264 1
263 1
1741 1
262 1
1740 2
1739 2
261 1
1762 1
284 2
1761 2
283 2
1760 2
282 2
1759 2
281 2
1758 1
279 1
278 2
1756 2
277 2
1755 1
1754 2
276 2
1753 1
275 2
1752 2
274 2
273 1
1751 1
1774 1
296 1
295 1
1773 2
294 2
1772 1
1771 1
293 2
1770 1
292 2
1769 1
290 1
289 2
1767 1
288 2
1766 1
287 1
1765 1
1764 2
286 2
1763 1
285 2
308 1
307 1
306 1
305 1
304 1
303 2
301 2
300 1
1778 1
1777 2
299 2
1776 1
298 2
297 1
1775 1
320 1
319 2
318 1
317 1
316 2
315 2
314 1
312 1
311 1
310 1
309 1
332 1
331 1
330 1
329 2
328 2
327 1
326 2
325 1
323 1
322 1
321 1
2228 1
2227 1
2226 2
334 2
333 2
2240 1
2239 2
2238 2
2237 2
2235 2
2234 1
2233 2
2612 2
2232 1
2613 2
2231 1
2230 1
2614 2
2615 2
2229 1
2616 2
2617 2
2618 2
2619 2
2620 2
2621 2
2252 2
2251 2
2250 2
2249 1
2248 2
2246 2
2623 2
2245 1
2624 2
2244 1
2243 1
2625 2
2242 1
2626 2
2241 2
2627 2
2628 2
2629 2
2630 2
2631 2
2632 2
2264 1
2263 1
2262 2
2261 1
2260 2
2259 2
2634 2
2635 2
2257 2
2256 2
2636 2
2637 2
2255 2
2638 2
2254 2
2253 2
2639 1
2640 1
2641 1
2642 2
2643 2
2276 2
2275 1
2274 1
2273 1
2272 1
2271 2
2270 1
2645 2
2646 2
2647 2
2268 2
2648 1
2267 2
2649 2
2266 2
2650 2
2265 1
2651 2
2652 1
2653 2
2654 1
2288 2
2287 2
2286 2
2285 2
2284 1
2283 2
2282 2
2281 1
2656 1
2657 1
2658 2
2659 2
2660 1
2661 1
2279 1
2278 1
2662 2
2277 1
2663 2
2664 2
2665 1
2292 1
2300 2
2299 2
2298 1
2297 1
2296 1
2295 1
2294 1
2293 1
2667 1
2668 2
2669 2
2670 2
2671 2
2672 2
2673 2
2674 2
2290 1
2675 2
2289 1
2676 2
2304 1
2303 1
2312 2
2311 1
2310 2
2309 2
2308 2
2307 1
2306 1
2678 2
2679 2
2305 1
2680 2
2681 2
2682 2
2683 2
2684 2
2551 2
2685 2
2552 2
2686 2
2553 2
2687 2
2301 1
2554 2
2316 1
2315 2
2314 2
2323 1
2322 2
2321 1
2320 2
2689 2
2319 1
2556 2
2690 2
2318 2
2557 2
2691 2
2317 2
2558 2
2692 2
2559 2
2693 2
2560 2
2694 2
2561 2
2695 2
2562 2
2696 2
2563 2
2697 2
2564 2
2698 2
2565 2
2 2
113 2
2328 2
224 2
2327 1
335 2
2326 2
446 2
2325 2
557 2
668 2
779 2
890 2
1001 2
2334 1
2333 1
2700 2
2332 2
2567 2
2331 1
2701 2
2568 2
2702 2
2330 2
2569 2
2329 1
2703 2
2570 2
2704 2
2571 2
2705 2
2572 2
2706 2
2573 2
2707 2
2574 2
2708 2
2575 2
2709 2
2576 2
1113 2
1224 2
1335 2
1446 2
1557 2
1668 2
1779 2
1890 2
2001 2
2112 2
2711 2
2578 2
2712 2
2579 2
2713 2
2580 2
2714 2
2581 2
2715 2
2582 2
2716 2
2583 2
2717 2
2584 2
2718 2
2585 2
2719 2
2586 2
2720 2
2587 2
2224 2
2335 1
2446 2
2533 1
2544 1
2555 2
2566 2
2577 2
2588 1
2599 2
2589 2
2590 2
2591 2
2592 2
2593 2
2594 2
2595 2
2596 2
2597 2
2598 2
2611 2
2622 2
2633 2
2644 1
2655 1
2666 1
2677 1
2688 2
2699 2
2710 2
2600 2
2601 2
2602 2
2603 2
2604 2
2605 2
2606 2
2607 2
2608 2
2609 2
2722 2
2733 2
2744 2
2755 2
2766 2
2777 2
2788 2
2799 2
2810 2
2821 2
2833 2
2844 2
2855 2
2866 2
2877 1
2888 1
2899 2
2910 2
2921 1
2932 1
2944 2
2955 1
2966 2
2977 2
2988 2
2999 2
3010 1
3021 2
3032 1
3043 1
3055 1
3066 2
3077 2
3088 1
3099 1
3110 1
3121 2
3132 1
3143 2
3154 2
3166 1
3177 2
3188 2
3199 2
3210 2
3221 2
3232 2
3243 2
3254 2
3265 2
1784 2
1783 2
1782 2
1781 1
1790 2
1789 1
1788 1
1787 2
1786 2
1785 2
1796 1
1795 1
1794 1
1793 1
1792 1
1801 1
1800 1
1799 1
1798 1
1797 2
1674 2
1808 2
1673 1
1807 2
1672 2
1806 1
1671 1
1805 1
1670 2
1804 1
1803 1
1679 1
1678 2
1812 1
1677 1
1811 2
1676 2
1810 1
1675 1
1809 1
1686 2
342 2
1820 1
1685 1
1819 1
341 2
1684 2
340 2
1818 2
1683 1
339 2
1817 1
1682 1
338 2
1816 2
1681 1
1815 1
337 2
1814 1
1690 1
346 1
1689 2
345 1
1823 2
1688 2
1822 1
344 1
1687 2
343 1
1821 1
1836 2
1698 2
354 1
1832 2
1697 2
353 1
1831 2
1696 2
352 1
1830 2
1695 1
1829 1
351 1
1694 1
1828 2
350 1
1693 2
349 1
1827 1
1692 1
348 1
1826 2
1825 2
1701 2
357 1
1700 2
1834 1
356 1
1699 2
355 2
1833 1
1714 1
370 1
1848 1
1847 2
232 2
1710 1
1844 2
366 1
1709 2
231 2
1843 1
365 1
230 1
1708 1
1842 1
364 1
1707 1
229 1
1841 1
363 1
1706 2
228 1
362 2
1840 1
227 2
1705 1
1839 1
361 1
1704 1
226 2
360 1
1838 1
1703 2
1837 2
359 2
235 2
1712 2
234 1
368 1
233 2
1711 1
1845 1
367 2