516 2
1994 1
1993 1
515 1
1992 1
514 1
1991 1
512 1
1989 1
511 2
510 2
1988 1
509 2
1987 1
508 1
1986 1
507 2
1985 1
1850 1
1984 1
506 2
1849 1
371 1
505 1
1983 1
379 2
1872 1
394 1
528 1
393 1
1871 1
527 1
1870 1
392 1
526 2
1869 1
525 2
390 1
389 1
1867 1
523 2
388 1
1866 1
2000 1
522 2
387 2
1865 1
1999 2
521 2
1864 1
386 1
1998 2
520 1
385 2
1863 1
519 2
1997 2
384 2
1862 2
1996 2
518 1
1861 2
383 2
517 2
1995 1
1884 1
406 1
540 2
405 1
1883 2
539 1
404 1
1882 1
538 1
403 2
1881 1
537 2
1880 1
536 1
401 1
1878 1
400 2
534 2
1877 1
399 2
533 1
1876 1
398 2
532 1
397 1
1875 1
531 2
396 2
1874 1
530 1
1873 1
395 1
529 1
418 1
552 1
417 1
551 1
416 1
550 1
415 2
549 1
414 2
548 1
547 2
412 1
411 1
1889 1
545 2
1888 1
410 1
544 2
409 1
1887 1
543 2
408 1
1886 1
542 2
1885 1
407 2
541 2
430 2
2448 1
429 1
428 2
427 1
426 2
425 2
423 1
422 1
556 1
421 2
555 1
420 1
554 1
419 1
553 1
442 2
2460 1
441 2
2459 2
440 1
439 1
438 2
437 2
436 1
2456 2
2455 1
2454 1
2453 1
434 2
2452 2
433 1
2451 1
432 1
2834 2
2450 1
431 1
2835 1
2449 2
2836 1
2837 1
2838 1
2839 2
2840 2
2841 1
2842 1
2457 2
2843 1
2338 1
2472 1
2337 1
2471 1
2470 1
2468 1
2467 1
2466 2
2465 2
2464 2
445 2
2845 1
2463 2
444 1
2846 1
2462 2
443 1
2847 1
2461 2
2848 1
2849 1
2850 1
2851 1
2852 1
2853 1
2854 1
2350 1
2484 2
2349 1
2483 2
2348 1
2482 2
2481 2
2346 1
2345 1
2479 2
2344 1
2478 2
2343 1
2477 2
2342 1
2476 2
2856 1
2341 2
2723 2
2857 1
2475 2
2724 2
2340 2
2858 1
2474 2
2725 2
2339 1
2473 1
2859 1
2726 1
2860 1
2727 2
2861 1
2728 2
2862 2
2729 1
2863 2
2730 1
2864 2
2731 1
2865 2
2732 2
2362 1
2496 1
2361 2
2495 1
2360 2
2494 1
2359 2
2493 2
2492 1
2357 1
2356 1
2490 1
2355 1
2489 1
2867 2
2354 1
2734 1
2868 2
2488 2
2353 2
2735 2
2487 2
2869 2
2736 2
2352 1
2486 2
2870 2
2737 2
2351 1
2485 2
2871 2
2738 1
2872 2
2739 2
2873 2
2740 1
2874 2
2741 2
2875 2
2742 2
2876 2
2743 2
2374 2
2508 2
2373 2
2507 1
2372 2
2506 1
2371 1
2505 2
2370 1
2504 2
2503 2
2368 1
2878 1
2745 2
2367 1
2501 2
2879 2
2746 2
2366 1
2880 1
2500 2
2365 1
2747 2
2881 2
2499 1
2748 2
2364 2
2498 1
2882 1
2363 1
2749 2
2883 2
2497 1
2750 2
2884 1
2751 2
2885 2
2752 1
2886 1
2753 2
2887 1
2754 2
2386 1
2520 2
2385 2
2519 1
2384 1
2518 1
2383 2
2517 1
2382 2
2516 1
2381 2
2515 1
2514 1
2889 1
2756 2
2890 2
2757 2
2379 1
2891 1
2378 1
2758 2
2892 2
2512 2
2377 1
2759 2
2893 1
2511 1
2376 1
2760 2
2894 1
2510 2
2761 2
2375 1
2509 2
2895 2
2762 2
2896 2
2763 2
2897 2
2764 2
2898 2
2765 2
2398 1
2397 1
2396 1
2530 2
2395 2
2529 2
2394 2
2528 2
2393 2
2527 2
2392 1
2526 2
2525 2
2900 2
2767 2
2901 2
2768 2
2902 2
2769 2
2903 2
2770 2
2390 1
2904 2
2771 2
2389 1
2905 2
2523 2
2772 2
2388 1
2522 1
2906 2
2387 2
2773 2
2907 2
2521 1
2774 2
2908 2
2775 2
2909 2
2776 2
2410 2
2409 2
2408 1
2407 2
2406 1
2405 1
2404 1
2403 1
2911 2
2778 1
2912 2
2779 1
2913 2
2780 1
2914 2
2781 1
2915 2
2782 2
2916 2
2783 1
2401 1
2917 2
2784 2
2400 2
2918 2
2399 2
2785 2
2919 2
2786 2
2920 2
2787 2
2414 1
2422 2
2421 2
2420 2
2419 1
2418 1
2417 2
2416 1
2922 2
2415 1
2789 2
2923 2
2790 2
2924 2
2791 2
2925 2
2792 1
2926 2
2793 2
2927 2
2794 2
2928 2
2795 2
2929 2
2796 2
2412 1
2930 2
2797 2
2411 1
2931 2
2798 2
2426 1
2425 1
2434 1
2433 1
2432 1
2431 2
2430 1
2429 1
2428 2
2800 2
2801 2
2427 2
2802 2
2803 2
2804 2
2805 2
2806 2
2807 2
2808 2
2423 1
2809 2
2438 1
2437 1
2436 2
2445 1
2444 2
2443 2
2442 2
2811 2
2441 2
2440 2
2812 2
2439 1
2813 2
2814 2
2815 2
2816 2
2817 2
2818 2
2819 2
2820 2
2822 2
2823 2
2824 2
2825 2
2826 2
2827 2
2828 2
2829 2
2830 2
2831 2
1894 1
1893 1
1892 1
1901 2
1900 1
1899 1
1898 1
1897 1
1896 1
1895 1
1906 2
1905 1
1904 1
1903 1
1912 2
1911 2
1910 1
1909 1
1908 1
1907 1
1918 2
1917 2
1916 1
1915 2
1914 2
1923 1
1922 1
1921 1
1920 2
1919 2
452 1
1930 1
451 1
1929 2
450 1
1928 1
1927 1
449 2
448 1
1926 2
1925 2
457 2
456 2
1934 2
1933 1
455 1
1932 1
454 1
453 2
1931 1
464 1
1942 1
1941 1
463 1
462 1
1940 2
1939 1
461 2
460 1
1938 1
1937 1
459 2
1936 2
468 1
467 1
1945 2
466 1
1944 1
465 2
1943 1
1958 1
476 2
1954 1
1953 1
475 1
1952 1
474 1
1951 1
473 1
1950 1
472 1
1949 2
471 2
470 1
1948 2
1947 1
479 2
478 1
1956 1
1955 1
477 1
1970 1
492 2
1969 1
488 1
1966 1
1965 1
487 1
1964 2
486 2
485 1
1963 1
484 1
1962 1
483 1
1961 2
1960 1
482 2
1959 1
481 1
490 2
1967 1
489 2
1982 1
504 2
1981 2
503 1
1980 1
1978 1
500 1
1977 1
499 1
1976 1
498 1
497 1
1975 1
1974 1
496 1
495 2
1973 1
494 2
1972 1
1971 1
493 1
501 1