1592 1
1454 1
1588 1
1453 1
1587 1
1452 2
1586 2
1451 2
1585 1
1450 1
1584 1
1449 1
1583 1
1448 1
1582 2
1581 1
1457 1
1456 2
1590 1
1455 2
1589 1
1470 1
1604 1
126 1
1603 2
1466 2
1600 1
122 1
1 2
1465 1
121 1
1599 1
1112 2
1464 2
1598 1
120 1
1463 2
2223 2
1597 2
119 1
1462 1
2610 2
118 1
1596 1
1461 1
2721 2
1595 1
117 1
2832 2
1460 2
116 1
1594 1
1459 1
2943 2
115 1
1593 1
3054 2
3165 2
1468 2
124 2
1467 1
123 1
1601 2
1482 1
4 2
1616 2
138 2
1481 2
137 2
1615 2
1614 2
1478 2
134 1
1612 2
1477 2
1611 2
133 2
1476 2
1610 2
132 1
1475 2
1609 1
131 2
1474 2
130 2
1608 1
1473 2
129 2
1607 1
1472 2
128 2
1606 1
1471 1
1605 1
127 2
1479 1
135 1
16 2
1494 1
1628 1
150 2
1493 1
15 1
1627 2
149 2
1492 1
1626 1
148 2
1625 1
12 2
1490 2
146 1
11 2
1489 2
145 2
1623 2
10 1
1488 2
1622 1
144 1
9 1
1487 2
1621 1
143 2
1486 2
8 1
142 1
1620 1
7 1
1485 2
141 2
1619 2
6 1
1484 2
140 1
1618 2
1483 2
5 1
139 1
1617 2
13 1
28 1
1506 2
1640 1
162 2
27 1
1505 2
1639 1
161 1
1504 2
26 2
1638 1
160 1
1503 2
1637 1
159 2
1636 2
24 1
23 1
1501 1
157 2
22 1
1500 1
1634 1
156 1
1499 2
21 2
1633 2
155 1
20 1
1498 2
1632 1
154 2
1497 1
19 1
153 1
1631 2
18 1
1496 1
152 2
1630 2
17 2
1495 1
1629 1
151 2
40 1
1518 1
174 2
1652 2
39 1
1517 2
1651 2
173 2
1516 2
38 1
1650 2
172 1
37 1
1515 1
171 1
1649 1
1514 2
1648 1
170 2
1647 2
35 1
1512 2
34 2
168 1
33 1
1511 1
1645 2
167 1
32 1
1510 2
1644 1
166 2
1509 2
31 1
165 1
1643 1
30 1
1508 2
164 1
1642 1
29 1
1507 2
163 1
1641 1
1530 1
52 1
186 2
1664 1
1529 2
51 1
185 2
1663 1
1528 2
50 1
184 2
1662 2
1527 1
49 1
183 1
1661 1
48 1
1526 1
182 1
1660 2
1525 1
181 1
1659 2
1658 1
46 1
1523 1
45 2
179 1
44 2
1522 1
178 1
1656 1
43 1
1521 1
177 1
1655 1
1520 1
42 1
176 1
1654 2
41 2
1519 1
175 1
1653 1
1542 1
64 1
198 1
63 2
1541 1
197 1
62 1
1540 1
196 1
61 1
1539 1
195 1
60 1
1538 1
194 1
59 1
1537 1
193 2
1536 2
192 1
57 1
56 1
1534 2
190 1
1533 2
55 2
1667 1
189 1
54 1
1532 1
1666 2
188 1
53 1
1531 1
187 1
1665 2
1554 2
76 2
210 1
1553 2
75 1
209 2
74 1
1552 2
208 1
1551 2
73 1
207 1
1550 2
72 1
206 1
1549 2
71 1
205 2
1548 2
70 2
204 2
1547 2
203 2
68 2
1545 2
67 1
201 2
1544 2
66 1
200 2
1543 1
65 1
199 2
214 2
88 1
222 1
87 2
221 2
86 1
220 2
85 2
219 1
84 1
218 1
83 2
217 1
82 1
216 2
81 1
215 1
79 1
78 1
1556 1
212 2
77 1
1555 1
211 2
92 1
100 1
99 1
98 1
97 1
96 1
95 1
94 2
93 1
90 1
89 1
223 2
104 1
103 2
112 1
111 1
110 1
109 1
108 1
107 2
106 2
105 2
2225 2
2236 2
2247 2
2258 2
101 2
2269 2
2280 2
2291 2
2302 2
2313 2
2324 2
2336 2
2347 2
2358 2
2369 2
2380 2
2391 2
2402 2
2413 2
2424 2
2435 2
2447 2
1114 2
2458 2
1125 2
2469 2
1136 2
2480 2
1147 2
2491 2
1158 2
2502 2
1169 2
2513 2
1180 2
2524 2
1191 2
2531 2
1202 2
2532 2
1213 2
2534 2
1225 2
2535 2
1236 2
2536 1
1247 2
2537 2
1258 2
2538 1
1269 2
2539 1
1280 2
2540 1
1291 2
2541 1
1302 2
2542 1
1313 2
2543 1
1324 2
2545 1
1336 2
2546 1
1347 2
2547 2
1358 2
2548 2
1369 2
2549 1
1380 2
2550 2
1391 2
1402 2
1413 2
1424 2
1435 2
1447 2
1458 2
1469 2
1480 2
1491 2
1502 2
1513 2
1524 2
1535 2
1546 2
1012 1
1011 2
1558 2
1569 2
1580 2
1591 2
1602 2
1613 2
1624 2
1635 2
1646 2
1657 2
1010 2
1009 2
1008 1
1007 2
1006 1
1005 1
1004 2
1003 2
1023 1
1669 2
1680 2
1691 2
1014 2
1702 2
1713 2
1724 2
1735 2
1746 2
1757 2
1768 2
1022 1
1021 1
1020 1
1019 1
1018 2
1017 2
1016 2
1015 2
1780 2
1791 2
1802 2
1813 2
1026 1
1824 2
1835 2
1025 2
1846 2
1857 2
1868 2
1879 2
1034 1
1033 1
1032 1
1031 1
1030 1
1029 1
1028 2
1027 1
1891 2
1902 2
1913 1
1924 2
1935 2
1946 1
1038 1
1957 2
1037 2
1036 1
1968 1
1979 2
1990 2
1045 1
1044 2
1043 1
1042 1
1041 1
1040 2
1039 1
2002 1
2013 2
2024 1
2035 2
2046 2
2057 1
1050 2
2068 1
2079 2
1049 2
2090 2
1048 2
2101 2
1047 1
1056 2
1055 2
1054 2
1053 2
1052 2
1051 2
2113 2
2124 2
2135 2
2146 2
2157 2
2168 2
2179 2
2190 2
1062 1
2201 2
1061 2
1060 1
2212 2
1059 2
1058 2
1067 2
1066 2
1065 2
1064 2
1063 1
1074 2
1073 2
1072 1
1071 1
1070 1
1069 2
1078 1
1077 2
1076 1
1075 1
1086 2
1085 2
1084 1
1083 1
1082 1
1081 1
1080 2
1089 2
1088 2
1087 1
1102 2
1098 1
1097 1
1096 1
1095 1
1094 1
1093 1
1092 1
1091 1
1100 1
1099 2
1110 2
1109 2
1108 2
1107 1
1106 2
1105 1
1104 1
1103 1
1111 2
1564 1
1563 1
1562 1
1561 1
1560 1
1559 2
1568 2
1567 1
1566 2
1565 1
1576 2
1575 2
1574 2
1573 2
1572 2
1571 2
1570 2
1579 2
1578 1
1577 1