3174 2
3175 1
3176 1
3178 2
3179 2
3180 2
3181 1
3182 2
3183 2
3184 2
3185 2
3186 2
3187 2
3189 2
3190 2
3191 2
3192 2
3193 1
3194 2
3195 2
3196 1
3197 2
3198 2
1348 2
1344 1
1343 1
1342 1
1341 2
1340 2
1339 2
3200 1
1338 2
3201 2
1337 2
3202 1
3203 2
3204 1
3205 2
3206 1
3207 1
1346 1
3208 2
1345 1
3209 1
1360 1
1359 2
1356 1
1355 1
1354 1
1353 1
1352 1
1351 1
3211 1
1350 1
3212 1
3213 2
1349 2
3214 2
3215 2
3216 2
3217 1
3218 2
3219 1
3220 1
1357 1
1372 2
1371 1
1370 2
1368 1
1367 2
1366 2
1365 2
3222 2
1364 1
1363 1
3223 2
3224 2
1362 1
3225 2
1361 1
3226 2
3093 1
3227 2
3094 2
3228 2
3095 1
3229 1
3096 2
3230 1
3097 2
3231 2
3098 2
1235 2
1250 2
1384 2
1249 2
1383 2
1248 1
1382 2
1381 1
1246 1
1245 1
1379 2
1244 1
1378 2
1243 1
3233 1
1377 1
3100 2
1242 2
3234 1
1376 1
1241 1
3101 1
3235 2
1375 2
3102 1
1240 2
1374 1
3236 2
3103 1
1239 2
3237 2
1373 2
3104 2
3238 2
3105 1
3239 2
3106 1
3240 1
3107 1
3241 1
3108 2
3242 1
3109 2
1262 1
1396 1
1261 2
1395 2
1260 2
1394 2
1259 2
1393 2
1392 2
1257 2
1256 2
1390 2
3244 1
3111 2
1255 2
3245 1
1389 1
1254 2
3112 1
1388 1
3246 2
1253 2
3113 1
3247 1
1387 1
1252 1
3114 1
1386 2
3248 1
3115 2
1251 1
3249 1
1385 2
3116 1
3250 2
3117 1
3251 1
3118 1
3252 2
3119 1
3253 1
3120 1
1274 1
1408 1
1273 2
1407 1
1272 2
1406 2
1271 1
1405 2
1270 1
1404 2
1403 1
3255 2
3122 1
1268 1
3256 2
3123 1
1267 2
1401 1
3257 2
3124 1
1266 1
3258 2
1400 1
3125 2
1265 1
1399 1
3259 2
1264 1
3126 2
1398 1
3260 1
1263 1
3127 1
1397 1
3261 1
3128 2
3262 1
3129 1
3263 1
3130 1
3264 2
3131 2
1286 2
1420 2
1285 1
1419 1
1284 1
1418 2
1283 2
1417 2
1282 2
1416 1
1281 2
1415 1
1414 2
3266 1
3133 1
3267 2
3134 2
3268 1
3135 2
1279 2
3269 1
1278 2
3136 2
1412 2
3270 2
1277 2
3137 1
1411 1
3271 2
1276 2
3138 2
1410 1
3272 2
3139 2
1275 2
3273 2
1409 1
3140 2
3274 1
3141 2
3275 2
3142 1
1298 1
1432 2
1297 1
1431 2
1296 1
1430 2
1295 2
1429 2
1294 1
1428 2
1293 1
1427 2
1292 1
1426 2
1425 2
3144 1
3145 2
3146 1
3147 1
3148 2
1290 2
1289 1
3149 2
1423 1
1288 2
3150 2
1422 1
1287 1
3151 1
1421 2
3152 1
3153 1
1436 1
1310 1
1444 2
1309 2
1443 2
1308 1
1442 2
1307 1
1441 1
1306 1
1440 2
1305 2
1439 1
1304 1
1438 1
1303 1
3155 2
1437 2
3156 2
3157 2
3158 2
3159 2
3160 1
3161 2
1301 1
3162 1
1300 1
1434 2
3163 1
1299 1
1433 2
3164 2
1314 1
1322 1
1321 1
1320 2
1319 1
1318 1
1317 1
1316 1
1315 1
1312 1
1311 1
1445 1
1326 1
1325 1
1334 2
1333 2
1332 2
1331 1
1330 2
1329 2
1328 2
1327 1
1323 1
3 2
14 2
25 2
36 2
47 2
58 2
69 2
80 1
91 1
102 1
114 1
125 2
136 1
147 2
158 1
169 2
180 2
191 2
202 2
213 2
225 2
236 2
247 2
258 2
269 2
280 2
291 2
302 2
313 2
324 2
336 2
347 2
358 2
369 2
380 2
391 2
402 2
413 2
424 2
435 2
901 1
447 2
458 2
469 2
892 1
480 2
491 2
502 2
513 2
524 2
535 2
546 2
900 1
899 2
898 1
897 1
896 1
895 1
894 1
893 1
558 2
569 2
580 2
591 2
602 2
904 1
903 1
613 2
624 2
635 2
646 2
657 2
912 2
911 1
910 1
909 1
908 2
907 1
906 2
905 1
669 2
680 2
691 2
702 2
713 2
782 2
724 2
916 2
781 1
915 1
735 2
746 2
914 1
757 2
768 2
790 1
789 1
923 2
788 1
922 1
787 1
921 2
786 1
920 1
785 1
919 2
784 1
918 2
783 1
917 1
780 2
791 2
802 2
813 2
824 2
835 2
794 1
928 1
846 2
793 1
927 2
857 2
792 1
868 2
926 1
925 2
879 2
801 2
800 1
934 2
799 1
933 1
798 1
932 2
797 1
931 2
796 1
930 2
795 1
929 2
891 2
902 2
913 2
924 2
935 2
946 2
957 2
806 1
940 2
968 2
805 1
979 2
939 2
804 2
990 2
938 2
803 1
937 2
936 2
812 2
811 2
945 2
810 2
944 1
809 1
943 1
808 2
942 1
807 2
941 1
1002 2
1013 2
1024 2
1035 2
1046 2
1057 2
1068 2
1079 2
818 2
952 2
1090 2
817 1
1101 2
951 2
816 2
950 2
815 2
949 1
814 2
948 2
947 2
823 1
822 1
956 2
821 1
955 2
820 2
954 2
819 2
953 2
830 1
964 1
829 2
963 1
828 1
962 1
827 1
961 1
826 1
960 2
825 1
959 2
958 1
834 2
833 2
967 1
832 2
966 1
831 2
965 1
980 2
842 1
976 2
841 1
975 2
840 1
974 2
839 2
973 2
838 2
972 2
837 1
971 2
836 1
970 2
969 2
845 1
844 1
978 2
843 1
977 2
858 1
992 1
991 1
854 2
988 2
853 2
987 1
852 2
986 1
851 1
985 1
850 1
984 1
849 2
983 1
848 2
982 1
847 2
981 1
856 1
855 1
989 2
870 2
869 1
866 2
1000 2
865 2
999 2
864 2
998 1
863 2
997 2
862 2
996 1
861 1
995 2
860 2
994 2
859 2
993 1
867 1
882 2
881 1
880 2
878 1
877 2
876 2
875 2
874 2
873 1
872 2
871 2
889 2
888 2
887 2
886 2
885 2
884 1
883 2
3167 2
3168 1
3169 1
3170 1
3171 1
3172 1
3173 1