3022 1 2
753 1 2
3026 1 1
2119 1 1
2052 2 1
2162 2 2
633 2 1
754 2 2
2933 2 2
565 2 2
3076 4 1
744 4 2
2026 4 2
648 4 2
648 4 1
1126 4 1
2120 4 1
701 4 1
3034 5 2
1122 5 1
655 5 2
3040 5 2
3029 5 1
1174 5 2
2132 5 1
711 5 1
2007 5 2
2006 5 2
2953 5 2
2060 6 2
2091 6 1
1138 6 2
770 6 2
2973 6 1
2032 6 1
1171 6 1
674 6 1
3050 7 2
737 7 2
2065 7 2
585 10 2
596 10 2
2204 10 2
2122 10 2
747 10 2
1198 10 2
3058 10 2
647 10 2
699 10 2
2177 10 2
2055 10 2
2067 10 1
3049 11 2
664 11 2
2144 11 2
1133 12 2
3089 12 2
2968 12 2
1188 12 1
2144 12 2
2089 12 2
3002 14 1
2954 15 1
1216 15 1
736 15 2
614 15 2
2202 15 1
730 15 1
1179 15 1
2070 15 1
3005 15 2
2959 15 1
2009 15 2
697 15 2
2139 15 2
2005 15 2
3087 15 2
2091 16 2
1221 17 1
2174 19 2
2159 19 1
3090 19 2
2192 19 2
2945 19 1
2032 19 2
3086 19 2
645 22 2
2136 22 1
665 22 1
3051 22 1
1155 22 2
738 22 2
2081 22 2
701 22 1
1220 22 1
3063 22 2
673 22 1
720 23 1
1167 23 2
3033 23 2
2029 23 1
2937 24 2
2989 24 2
1130 24 2
2058 24 2
1152 24 1
2213 24 2
2011 24 2
1183 24 2
587 24 2
749 26 1
2019 26 2
1203 27 1
634 32 1
2038 32 1
581 32 1
3056 32 2
2983 32 2
637 32 2
1162 32 1
3085 32 2
1164 33 2
1195 33 1
2016 33 1
3034 33 1
1123 33 2
2136 33 1
2967 33 2
2105 33 2
2022 33 1
2009 33 2
2056 33 2
2177 33 1
564 33 1
2122 34 2
2103 35 2
1175 35 1
771 35 1
719 35 1
2098 35 2
2049 35 1
1231 35 2
2171 35 1
666 35 2
2942 35 1
2993 35 2
2045 35 2
722 35 2
673 35 2
2150 36 2
2221 36 1
2075 36 1
3039 36 2
1163 36 2
2997 36 2
1176 37 2
2104 37 2
649 37 2
2114 37 2
573 37 2
3047 37 2
2098 37 2
1145 37 2
2072 37 2
641 37 2
1143 37 2
2047 37 2
2205 37 2
1165 37 2
1189 37 2
2982 37 2
3006 37 2
2010 37 1
2034 37 2
2962 37 2
2986 37 1
688 37 2
577 37 2
1183 37 2
1206 37 2
2039 37 2
561 37 2
695 37 2
3035 37 2
3035 37 2
766 37 2
3014 37 2
2036 37 1
2170 37 2
651 37 2
1129 37 2
1177 37 2
2191 37 2
2023 37 1
568 37 1
2949 37 2
590 37 2
2975 37 2
2976 37 2
3087 37 2
1203 38 1
706 38 2
1155 38 1
679 38 1
2196 40 1
2947 40 2
1162 40 1
689 40 1
2177 40 1
1194 40 1
1201 41 2
712 41 1
2077 43 1
2185 44 2
2968 44 2
3041 44 2
659 45 1
1173 45 2
1159 45 1
610 45 1
756 45 2
2209 45 2
1232 45 1
3003 45 2
2969 45 1
1165 45 2
2982 45 2
2022 45 2
2140 45 1
685 45 1
2014 46 2
2217 46 1
3030 46 2
1139 46 1
2067 46 1
2954 47 2
1192 47 1
650 47 2
650 47 2
1150 47 1
647 47 2
3044 47 2
598 47 2
3047 47 2
2074 47 2
2025 47 1
775 47 2
1228 47 1
1190 47 1
2033 47 1
2964 47 2
2078 47 1
685 47 2
661 47 1
660 47 2
1210 47 1
1207 47 1
2222 47 1
2173 47 1
560 47 1
2172 47 1
1157 47 2
606 47 1
2969 47 2
2971 47 1
2132 47 1
700 47 2
2178 47 1
2975 47 1
2043 47 2
2041 47 2
697 47 2
611 47 2
626 47 1
2933 47 2
2935 47 1
1123 47 1
2003 47 1
621 47 2
619 47 1
2978 47 2
1120 47 1
704 47 2
617 47 2
1118 47 2
2982 47 2
3069 47 2
3070 47 1
3074 47 1
2006 47 1
3075 47 1
2187 47 1
769 47 1
672 47 1
3034 47 1
585 47 1
2063 47 2
3036 47 1
1132 47 2
2059 47 1
715 47 1
628 47 2
2106 47 1
1177 47 1
3082 47 1
2950 47 2
589 47 1
588 47 2
673 47 1
1145 48 2
666 48 2
2969 48 1
3070 48 2
2987 48 1
2137 52 1
763 52 2
750 52 2
1237 52 1
3072 52 2
2043 52 2
710 52 2
2965 52 2
2062 54 2
1176 54 2
2183 55 1
725 55 2
3053 55 2
2993 55 2
2012 55 1
2130 55 2
611 55 2
3065 57 1
2071 57 1
2021 57 2
3002 58 2
690 59 1
769 59 1
1194 59 1
2139 59 1
743 60 2
1122 60 1
706 60 1
734 60 1
2138 61 1
2125 62 2
1164 62 1
1175 62 2
2028 64 2
2941 64 2
2007 64 2
726 65 2
2051 66 1
2951 66 1
3065 67 1
653 67 2
2066 67 1
622 68 2
3017 68 2
2153 68 2
623 68 1
2973 69 2
755 70 2
572 70 1
694 70 1
2169 70 1
2070 70 1
714 70 1
579 70 1
1196 70 1
2044 70 1
2149 71 1
2069 71 2
747 71 2
2995 71 2
2166 71 2
2992 72 2
3001 73 2
777 73 2
665 73 1
2093 73 2
690 73 1
2127 73 2
2004 74 1
2165 74 1
1201 75 1
1152 76 2
1200 76 2
3046 76 2
776 76 2
3003 76 2
727 76 2
1227 76 2
1141 76 2
1189 76 1
2069 76 2
3053 76 2
3053 76 1
3092 76 2
2121 76 1
2034 76 1
2118 76 2
2163 76 2
2077 76 1
1204 76 1
748 76 2
1160 76 2
1207 76 2
610 76 2
744 76 2
2222 76 1
656 76 2
2038 76 2
740 76 2
1155 76 2
604 76 2
651 76 2
2081 76 2
2178 76 2
2176 76 2
745 76 2
1219 76 2
2935 76 2
1217 76 2
2186 76 2
756 76 2
707 76 1
620 76 1
571 76 1
2183 76 1
703 76 2
750 76 2
1165 76 1
615 76 1
3069 76 1
2143 76 2
2008 76 2
2141 76 2
1183 76 2
1182 76 2
2198 76 2
2149 76 1
671 76 2
2111 76 2
2148 76 1
2147 76 2
1133 76 2
765 76 1
716 76 1
1179 76 2
3078 76 2
627 76 2
2946 76 2
2997 76 2
2021 76 2
2950 76 2
708 78 1
2086 78 1
670 78 1
736 78 2
771 78 2
3072 78 1
730 79 1
2956 79 1
689 80 1
1204 82 1
1188 82 1
1193 82 1
2039 82 1
3011 82 2
621 82 2
1135 82 2
730 82 1
2014 82 2
681 82 1
2171 82 1
705 82 1
3003 82 2
3015 82 1
2083 82 1
2215 82 2
1201 82 2
2946 82 2
2012 82 2
2948 82 2
2155 82 2
677 82 1
2117 82 1
2115 82 2
1238 83 1
2080 83 1
2214 83 1
649 83 1
649 83 1
647 83 1
2162 83 1
683 83 1
683 83 1
2161 83 1
2074 83 1
777 83 1
1231 83 1
2025 83 1
681 83 1
3050 83 1
641 83 1
593 83 1
1142 83 1
3052 83 1
2204 83 1
3091 83 1
3006 83 1
2120 83 1
2961 83 1
2118 83 1
2165 83 1
2115 83 1
599 83 1
748 83 1
2092 83 1
1161 83 1
1161 83 1
1209 83 1
1160 83 1
2039 83 1
743 83 1
3012 83 1
2038 83 1
742 83 1
608 83 1
2085 83 1
2036 83 1
3015 83 1
652 83 1
652 83 1
2216 83 1
738 83 1
3056 83 1
3019 83 1
3060 83 1
2044 83 1
2042 83 1
2042 83 1
3063 83 1
2175 83 1
1216 83 1
1215 83 1
1214 83 1
1127 83 1
2102 83 1
708 83 1
3023 83 1
573 83 1
621 83 1
3026 83 1
2940 83 1
704 83 1
2182 83 1
618 83 1
1119 83 1
1118 83 1
2942 83 1
3067 83 1
3069 83 1
3031 83 1
578 83 1
2189 83 1
1139 83 1
1137 83 1
672 83 1
2198 83 1
1135 83 1
719 83 1
584 83 1
2196 83 1
2989 83 1
2990 83 1
1178 83 1
2106 83 1
627 83 1
2995 83 1
679 83 1
2155 83 1
676 83 1
3085 83 1
723 83 1
723 83 1
674 83 1
721 83 1
693 84 1
3060 84 2
1229 85 2
2181 86 1
717 87 2
2182 87 1
2158 87 1
2978 87 2
1142 87 1
2981 87 2
638 87 2
2994 87 2
1173 87 2
3062 88 2
2026 89 2
3050 89 1
588 89 2
2028 90 1
2027 90 2
3090 90 2
2019 90 2
1182 90 2
2187 90 1
2092 92 2
3022 92 2
696 92 1
2161 92 1
727 92 2
2968 92 2
2958 92 1
3018 92 1
3081 92 2
2948 92 2
2950 92 2
699 92 2
2078 92 2
3075 92 2
2174 93 2
1146 93 1
677 93 2
2974 93 1
650 94 1
2100 94 2
2150 94 1
2075 94 1
2220 94 1
643 94 1
571 94 1
741 94 1
2097 94 2
653 94 2
751 94 2
1130 94 2
2971 94 1
3059 94 1
2949 94 2
712 94 1
2030 94 2
686 94 1
710 94 1
2017 94 1
2952 95 2
2158 96 2
639 96 2
3005 96 2
686 96 2
2030 96 2
2030 96 2
2164 96 2
685 96 2
1164 96 2
1161 96 2
562 96 2
2037 96 2
559 96 2
2170 96 2
3016 96 1
3016 96 1
1154 96 2
1154 96 2
3017 96 2
3057 96 2
3057 96 1
3061 96 2
2043 96 2
563 96 2
2041 96 2
1173 96 1
1172 96 1
2186 96 2
3024 96 2
2184 96 1
570 96 2
703 96 2
2189 96 2
2188 96 2
2202 96 1
1185 96 2
720 96 1
718 96 2
584 96 2
3037 96 2
2061 96 2
3038 96 1
2060 96 2
2193 96 2
2058 96 2
3079 96 2
2945 96 1
2191 96 2
2191 96 2
2947 96 1
3082 96 2
2949 96 2
3085 96 2
589 96 2
587 96 2
721 96 1
1238 96 2
736 96 2
1199 96 2
1199 96 2
732 96 1
598 96 2
2074 96 2
595 96 2
3089 96 1
2070 96 2
2120 96 2
2119 96 2
2964 96 2
2115 96 2
599 96 2
1116 96 1
614 96 1
1206 96 2
2126 96 2
610 96 1
741 96 1
2084 96 1
2967 96 2
738 96 2
2972 96 2
2973 96 2
2128 96 2
1128 96 2
760 96 2
1126 96 2
1219 96 2
2099 96 2
1121 96 1
2939 96 1
753 96 2
1120 96 1
2096 96 2
618 96 2
2979 96 2
2980 96 2
750 96 2
616 96 1
2985 96 2
2009 96 1
2142 96 2
2987 96 2
2006 96 2
2005 96 2
623 96 2
638 96 2
769 96 2
1135 96 1
2149 96 1
671 96 1
632 96 1
766 96 2
2989 96 2
1133 96 2
765 96 1
765 96 2
2990 96 2
2991 96 1
1131 96 2
761 96 1
627 96 2
2023 96 1
2154 96 2
2019 96 2
2018 96 2
2017 96 1
2151 96 2
2076 97 2
1216 97 1
2205 97 2
771 97 2
695 99 1
1134 99 1
3036 99 1
570 99 2
764 99 2
2956 99 2
2082 99 2
2133 99 1
563 99 1
2953 99 2
639 101 2
1156 102 1
2942 102 1
663 102 2
2958 102 2
1221 102 2
3064 103 2
3083 103 2
1215 104 2
2015 104 1
2209 104 2
1118 104 2
2166 104 1
675 104 1
1192 106 2
1124 106 1
3024 106 1
2109 106 2
655 106 1
1144 106 2
606 106 2
630 106 2
605 106 1
3004 106 2
749 106 2
3019 106 1
2144 106 2
2031 106 2
697 106 2
718 109 2
2094 109 1
3079 109 1
2025 111 1
626 111 1
2145 111 1
2961 111 2
711 111 1
2129 111 1
1146 113 1
1214 113 2
2087 114 2
1186 114 1
2220 115 2
2219 115 1
705 115 1
1167 115 1
725 115 2
3082 115 2
601 115 2
589 115 2
2140 115 1
1227 116 2
2116 116 1
1124 117 1
3023 118 2
1174 118 2
2974 118 1
2031 118 2
1181 118 1
3002 119 1
566 119 2
1222 120 2
597 123 2
3029 123 2
2077 123 1
745 123 1
1121 124 2
1129 124 2
3031 124 1
1162 124 1
2055 124 2
2165 124 2
675 124 1
2951 124 2
3061 124 1
2075 125 2
1122 125 1
764 125 2
2217 125 2
770 125 1
3074 125 2
1204 126 2
2185 126 2
2990 126 2
2991 126 2
3090 126 2
1153 126 2
734 126 2
2005 126 2
2195 127 2
618 127 1
654 127 2
2193 127 1
2106 127 2
628 127 2
662 127 1
1163 127 1
568 127 1
597 128 2
731 128 1
2937 128 2
559 128 2
2195 128 2
630 128 2
3038 128 1
2071 128 2
3039 128 2
2145 128 1
2119 128 2
2104 129 1
2202 129 1
645 129 1
2173 129 1
719 129 1
595 129 1
2147 129 2
728 129 1
2036 129 2
616 129 1
2992 129 1
3007 129 2
2143 129 1
2998 129 2
2020 129 1
3075 129 1
587 129 2
1232 130 1
560 130 2
1132 130 1
2169 130 2
774 130 2
603 130 1
1176 130 1
1115 130 2
1150 130 1
698 130 2
1234 131 1
561 131 2
2195 131 2
3091 131 2
722 131 2
684 132 1
731 132 2
2063 132 2
2097 132 2
3028 132 1
2993 132 2
2214 132 1
2056 132 2
565 132 2
622 133 2
572 133 2
632 133 2
583 133 2
2956 133 2
774 133 2
3071 133 2
1196 134 2
2114 134 2
644 134 1
2208 134 1
596 134 2
777 134 1
643 134 2
729 134 2
642 134 1
1144 134 2
2206 134 2
3052 134 1
2069 134 2
2959 134 2
2960 134 1
2167 134 1
2166 134 2
2965 134 2
662 134 1
2040 134 1
2088 134 2
561 134 2
3011 134 2
2221 134 2
694 134 2
2220 134 2
2085 134 2
1156 134 1
740 134 2
605 134 2
3019 134 2
3059 134 2
2128 134 1
3063 134 2
611 134 2
1128 134 2
755 134 2
2938 134 2
619 134 2
665 134 1
2980 134 2
3028 134 1
663 134 2
3067 134 1
2010 134 1
2985 134 2
2055 134 2
575 134 2
1185 134 2
1184 134 1
2064 134 2
634 134 1
2147 134 2
583 134 2
764 134 1
2059 134 1
628 134 2
3080 134 1
678 134 2
3084 134 2
2154 134 1
2152 134 2
2200 134 1
2117 135 2
1234 136 2
2183 136 1
3028 136 1
2133 136 2
659 136 1
1193 136 2
570 137 1
762 137 2
2216 137 2
2156 137 2
3045 137 2
2214 138 2
1199 138 2
1171 138 2
2052 138 2
2050 138 1
1121 138 2
753 138 2
2158 138 2
640 138 2
3004 138 2
726 138 2
2981 138 2
2960 138 1
2033 138 2
2987 138 1
2164 138 2
2965 138 2
2211 138 2
1226 138 2
1140 138 1
1139 138 2
770 138 2
767 138 2
671 138 2
655 138 2
2171 138 2
1132 138 2
1177 138 2
2215 138 1
2948 138 2
567 138 2
3083 138 2
2067 138 2
698 138 2
2175 138 2
739 139 1
758 139 2
2940 140 1
2994 140 1
2199 140 1
1215 141 2
2049 141 1
741 141 2
763 141 2
3041 141 1
1115 141 2
2138 142 1
1233 142 1
767 142 2
1134 142 1
678 142 1
2029 142 1
622 143 2
2208 143 2
654 143 1
2110 144 2
2986 144 1
3044 144 2
612 144 2
3064 145 1
1192 145 1
772 145 1
2213 145 1
718 145 2
666 145 1
2096 145 2
739 145 2
762 145 2
3079 145 1
615 145 2
3042 145 2
2011 145 1
3008 145 2
568 145 2
2132 145 1
2143 145 2
2178 145 1
2020 145 2
3073 145 2
2184 146 1
2094 146 1
2994 146 1
1211 146 1
2091 146 2
2048 148 1
2181 148 1
3029 148 1
1117 148 2
2153 148 1
2153 148 1
600 148 2
1124 149 2
586 149 1
2197 149 2
715 149 1
2156 149 2
2964 149 2
1153 150 1
642 151 2
605 151 1
2161 153 2
3037 153 2
1178 153 2
2103 153 2
687 153 2
1159 153 2
2975 153 2
677 154 2
748 155 2
2104 155 1
1137 155 2
658 155 1
1193 155 1
2088 155 2
708 155 1
720 155 2
3049 155 1
667 155 1
728 155 1
692 155 1
2170 155 1
740 155 1
653 155 2
592 155 1
3092 155 1
3007 155 1
2167 155 1
3009 155 2
2129 155 1
723 155 2
3046 156 2
2087 156 2
642 156 2
1190 156 2
1223 156 1
1223 156 2
636 156 2
2140 156 2
2152 156 2
2138 157 2
683 157 2
759 157 2
2102 157 2
2972 157 1
1140 158 2
625 158 1
1208 158 1
696 158 2
644 158 2
3024 158 1
1157 158 2
2061 158 1
729 158 2
2072 158 2
3027 158 1
2071 158 1
2979 158 2
640 158 1
1154 158 2
1166 158 1
2180 158 2
2023 158 2
2961 158 2
2986 158 2
709 158 2
709 158 1
2004 159 2
3076 159 1
572 159 1
2086 159 2
2940 159 1
2979 159 2
1117 159 1
3058 159 1
3061 159 1
2050 160 2
2176 162 2
3048 163 2
2073 163 2
571 163 1
2093 163 1
2092 163 2
3070 163 2
2985 163 1
590 163 1
714 164 1
2054 166 2
2187 166 2
664 168 2
1186 168 2
609 169 1
2196 169 1
2048 169 1
2967 169 2
3092 169 2
2134 169 2
1140 169 1
3081 169 2
1138 169 2
676 169 2
2180 170 1
633 171 2
2110 171 2
631 171 1
752 171 1
2102 171 1
1196 171 2
2129 171 1
576 171 1
696 172 1
2136 172 1
3026 172 2
664 172 2
603 172 2
760 172 2
1226 172 2
676 172 2
2007 172 2
1170 172 2
2054 172 2
2151 172 2
2044 174 2
2938 175 2
2159 175 1
639 175 2
3045 175 2
633 176 2
1230 176 1
1148 176 1
2963 176 2
2188 176 2
2173 177 1
3040 177 1
2160 178 1
749 178 2
679 178 1
660 178 2
2996 178 1
3012 179 1
758 180 2
684 180 2
2076 180 1
732 180 1
2051 180 1
731 180 2
620 180 1
2159 180 2
2978 180 2
594 180 2
641 180 1
2095 180 1
774 180 2
3067 180 1
3091 180 1
3005 180 2
2984 180 2
2141 180 2
601 180 1
2116 180 2
710 180 1
2078 180 1
661 180 1
637 180 1
1138 180 1
1137 180 2
3033 180 2
2126 180 2
744 180 2
2221 180 1
3013 180 2
2061 180 2
2084 180 1
739 180 2
2107 180 2
3016 180 2
1153 180 2
2215 180 1
701 180 1
3084 180 2
2018 180 1
3087 180 2
2151 180 2
2017 180 2
2199 180 1
2065 180 2
2053 182 1
1189 183 2
2954 184 1
2198 184 2
3000 184 2
2097 184 1
654 184 2
2059 184 1
1220 184 1
1182 184 2
3012 185 2
634 186 1
3000 186 2
2050 186 2
608 186 2
2073 186 2
3089 186 1
2080 186 2
1150 186 2
1198 186 2
1208 186 2
2141 186 2
705 188 2
623 188 2
598 189 1
2062 189 1
3051 189 1
773 189 2
2034 189 2
659 189 1
588 189 2
2163 189 2
3022 190 2
732 190 1
1233 190 2
2062 190 1
1167 190 1
592 190 2
2959 190 1
2972 190 1
2974 190 2
576 190 1
1157 191 2
3046 192 2
2088 192 1
2003 192 2
2015 192 2
667 192 1
2095 192 1
1128 192 1
2962 192 1
577 192 2
2976 192 1
2128 192 1
2116 194 1
2937 195 2
682 195 2
3071 195 2
1195 195 1
1217 195 1
2209 196 1
1143 196 2
2155 196 1
2045 196 2
1172 196 1
2032 196 2
670 197 1
645 198 2
1134 198 2
1168 198 2
716 198 1
2180 198 1
2203 198 2
637 198 2
1181 198 1
1116 199 2
1160 199 2
2210 199 2
2222 199 1
755 199 2
2086 199 2
3014 199 2
630 199 2
616 199 1
1130 199 2
2192 199 1
690 199 1
601 199 2
2064 200 2
609 200 2
2111 200 2
2938 200 2
3073 200 2
2041 200 2
3018 201 1
3071 203 1
1217 203 1
2064 204 2
597 204 2
656 204 2
2211 204 2
756 205 2
706 205 1
1143 205 2
625 205 1
1186 206 1
1172 206 1
1159 206 1
1218 206 1
2934 206 1
707 206 1
1146 206 2
632 206 2
3001 206 2
1144 206 2
727 206 2
3004 206 2
2981 206 2
3041 206 2
3068 206 2
700 206 2
700 206 2
733 206 2
2089 206 1
2105 207 1
3078 209 2
3042 209 1
1127 209 1
2123 210 1
759 210 2
1181 210 1
2052 210 1
2206 210 2
2206 210 2
1168 210 2
2094 210 1
2081 210 2
761 210 2
2121 210 2
2022 210 2
2142 210 2
675 210 2
2211 210 2
575 210 1
2027 211 2
3015 211 2
620 214 1
562 215 2
2049 215 1
606 215 1
751 215 2
1218 215 1
2137 216 1
2172 216 2
2037 216 2
3051 216 1
1179 216 1
2012 216 1
1188 216 2
636 216 1
3020 216 2
579 216 1
1117 217 2
695 218 1
2976 218 1
631 219 1
2934 219 1
2169 220 1
3039 221 1
2210 222 1
751 222 1
629 222 1
2192 222 1
600 222 1
2029 222 1
1232 223 2
559 223 2
594 223 2
3006 223 2
614 223 2
625 223 1
687 223 2
2040 224 2
754 224 1
3001 224 2
3025 224 2
752 224 2
1228 224 2
2066 224 2
1233 225 2
2137 227 2
603 227 2
1184 227 1
674 227 1
2200 227 2
2175 227 2
2011 228 2
617 229 1
2108 231 2
2957 231 2
3081 231 2
2114 233 2
778 233 1
754 233 1
703 233 2
3007 233 1
1184 233 1
2020 233 2
1152 235 2
1151 235 2
648 235 2
1149 235 2
1148 235 2
1148 235 2
2027 235 2
778 235 2
778 235 2
2160 235 2
2160 235 2
682 235 2
682 235 2
681 235 2
776 235 2
776 235 2
640 235 2
3008 235 2
3008 235 2
2033 235 2
2167 235 2
688 235 2
2031 235 2
2163 235 2
1163 235 2
660 235 2
2040 235 2
2174 235 2
560 235 2
656 235 2
694 235 2
3013 235 2
693 235 2
693 235 2
692 235 2
652 235 2
3017 235 2
3056 235 2
3018 235 2
3057 235 2
3058 235 2
3020 235 2
567 235 2
2042 235 2
564 235 2
563 235 2
3065 235 2
1170 235 2
574 235 2
2051 235 2
573 235 2
3023 235 2
707 235 2
2185 235 2
2184 235 2
667 235 2
3025 235 2
1168 235 2
704 235 2
2047 235 2
2047 235 2
1166 235 2
663 235 1
3068 235 2
3030 235 2
3031 235 2
579 235 2
3072 235 2
578 235 2
2189 235 2
576 235 2
2053 235 2
2053 235 2
709 235 2
3076 235 2
1187 235 2
1185 235 2
586 235 2
2063 235 2
3035 235 2
2197 235 2
3036 235 2
583 235 2
717 235 2
717 235 2
3038 235 2
2194 235 2
581 235 2
2193 235 2
3040 235 2
3080 235 2
3080 235 2
3042 235 2
2947 235 2
590 235 2
2951 235 2
3086 235 2
2066 235 2
2952 235 2
722 235 2
721 235 2
2199 235 2
1238 235 2
1200 235 2
2213 235 2
1195 235 2
1234 235 2
3047 235 2
1231 235 2
2207 235 2
729 235 2
1230 235 2
728 235 2
1229 235 2
1229 235 2
593 235 2
593 235 2
2205 235 2
592 235 2
1190 235 2
726 235 2
1227 235 2
2957 235 2
2957 235 2
2963 235 2
600 235 2
599 235 2
733 235 2
1203 235 2
1116 235 2
1212 235 2
1212 235 2
1211 235 2
1207 235 2
1206 235 2
1205 235 2
2126 235 2
609 235 2
2125 235 2
743 235 2
607 235 2
2218 235 2
2217 235 2
604 235 2
737 235 2
2970 235 2
2970 235 2
2134 235 2
2134 235 2
2971 235 2
2133 235 2
2131 235 2
2130 235 2
2130 235 2
2127 235 2
1214 235 2
626 235 2
760 235 2
1223 235 2
1222 235 2
1222 235 2
758 235 2
1218 235 2
2935 235 2
2004 235 2
2100 235 2
2003 235 2
2099 235 2
1123 235 2
2939 235 2
2096 235 2
1120 235 2
2941 235 2
2145 235 2
2010 235 2
2984 235 2
2008 235 2
2139 235 2
638 235 2
772 235 2
636 235 2
2016 235 2
672 235 2
2015 235 2
2014 235 2
2148 235 2
2148 235 2
2109 235 1
631 235 2
2108 235 2
629 235 2
1131 235 2
1131 235 2
2992 235 2
2021 235 2
2997 235 2
2998 235 2
2018 235 2
2152 235 2
3037 236 1
747 236 1
2103 236 2
1197 237 2
1197 237 2
1219 237 2
1205 237 2
670 237 1
2207 237 2
3025 237 1
629 237 2
2204 237 2
2082 237 1
678 237 2
3009 237 2
2118 237 2
2117 237 2
564 237 2
745 237 2
1230 238 1
2953 238 1
2073 239 2
662 239 1
1151 240 2
1151 240 2
1149 240 2
1149 240 2
2028 240 2
2162 240 2
2026 240 2
644 240 2
3000 240 2
643 240 2
1145 240 2
775 240 2
775 240 2
1142 240 2
773 240 2
773 240 2
1141 240 2
1141 240 2
3009 240 2
689 240 2
688 240 2
687 240 2
2164 240 2
686 240 2
658 240 2
562 240 2
3011 240 2
2172 240 2
2037 240 2
3013 240 2
1156 240 2
3014 240 2
692 240 2
651 240 2
3020 240 2
2045 240 2
567 240 2
3060 240 2
566 240 2
566 240 2
565 240 2
699 240 2
3062 240 2
3062 240 2
2176 240 2
3064 240 2
1175 240 2
1171 240 2
1170 240 2
574 240 2
574 240 2
2186 240 2
2048 240 2
2182 240 2
3027 240 2
3027 240 2
2181 240 2
1166 240 2
3068 240 2
3030 240 2
2056 240 2
712 240 2
577 240 2
2054 240 2
2188 240 2
575 240 2
1226 240 2
1187 240 2
3033 240 2
586 240 2
585 240 2
2197 240 2
582 240 2
582 240 2
582 240 2
2060 240 2
2194 240 2
716 240 2
581 240 2
715 240 2
3078 240 2
2058 240 2
1178 240 2
714 240 2
2945 240 2
2946 240 2
3083 240 2
3084 240 2
3086 240 2
2952 240 2
2200 240 2
2123 240 2
2123 240 2
2080 240 2
1200 240 2
1237 240 2
1198 240 2
1197 240 2
3044 240 2
3045 240 2
2076 240 2
2210 240 2
596 240 2
3048 240 2
3048 240 2
2208 240 2
3049 240 2
2207 240 2
594 240 2
2072 240 2
1228 240 2
3052 240 2
2203 240 2
2203 240 2
725 240 2
2122 240 2
2121 240 2
2960 240 2
2962 240 2
2963 240 2
734 240 2
733 240 2
1212 240 2
1115 240 2
1211 240 2
1210 240 2
1210 240 2
1209 240 2
1209 240 2
1208 240 2
1205 240 2
2087 240 2
2125 240 2
608 240 2
742 240 2
742 240 2
2085 240 2
607 240 2
607 240 2
2219 240 2
2084 240 2
2218 240 2
2083 240 2
604 240 2
2082 240 2
2216 240 2
2970 240 2
2131 240 2
2131 240 2
612 240 2
612 240 2
2089 240 2
2127 240 2
1127 240 2
759 240 2
1126 240 2
1221 240 2
1220 240 2
2933 240 2
2934 240 2
2936 240 2
2936 240 2
2100 240 2
2099 240 2
2939 240 2
619 240 2
752 240 2
2941 240 2
2095 240 2
617 240 2
1119 240 2
1119 240 2
2980 240 2
2093 240 2
615 240 2
2983 240 2
2983 240 2
2008 240 2
772 240 2
2016 240 2
2150 240 2
2111 240 2
767 240 2
2110 240 2
766 240 2
2109 240 2
2108 240 2
2107 240 2
2107 240 2
2991 240 2
763 240 2
762 240 2
2105 240 2
1129 240 2
2995 240 2
2996 240 2
2156 240 2
2998 240 2
2154 240 2
658 241 2
578 241 2
684 242 2
2083 242 2
761 242 2
2065 242 2
2098 243 2
1237 243 1
1174 243 2
2142 243 2
3073 243 2
711 243 1
3059 246 1
3074 246 2
595 247 1
584 248 2
2984 248 2
698 248 2
737 250 1
1194 251 2
2936 252 2
2219 252 1
2194 252 2
2218 252 2
2958 252 2
1187 252 2
661 252 1
2996 252 2