837 1 1
1002 1 2
822 1 2
1314 2 1
1101 2 2
424 2 2
1397 2 1
3227 2 2
3168 2 1
3205 2 2
1414 2 2
988 4 1
3159 4 2
1388 4 1
546 4 2
992 4 1
1309 4 2
1259 4 2
3231 4 1
940 5 2
3224 5 2
958 5 1
1295 5 2
896 5 1
1293 5 1
1344 6 1
3233 6 1
3164 6 1
3118 6 2
823 6 2
3181 6 1
913 6 2
942 6 1
291 7 2
893 7 1
136 8 2
635 8 1
885 8 2
976 9 1
702 10 2
952 10 1
889 10 2
1342 10 1
827 10 1
25 10 2
513 10 2
3148 10 2
3125 10 2
848 10 1
789 10 2
3130 10 2
820 10 2
1346 10 1
936 11 2
1430 11 2
1390 12 2
3146 12 1
936 12 2
191 12 2
1406 12 2
835 12 2
819 12 2
3 13 1
977 13 2
1325 15 2
1273 15 2
1439 15 1
702 15 2
458 15 2
1355 15 1
646 15 1
1254 15 2
3235 15 2
971 15 2
994 15 1
3142 15 1
3240 15 1
3170 15 1
941 15 1
158 16 1
1423 16 1
969 16 2
1440 16 2
1421 17 2
930 17 1
990 18 2
889 19 2
635 19 2
3115 19 2
3103 19 2
3262 19 2
1057 19 2
713 19 2
985 22 2
875 22 2
995 22 1
1289 22 2
3224 22 2
1431 22 2
3180 22 2
784 22 2
591 22 2
591 22 2
876 23 2
313 23 2
3237 23 1
3225 23 2
3174 24 2
992 24 2
865 24 2
888 24 2
3122 24 2
147 24 2
948 24 2
1278 24 2
972 24 2
1289 24 1
1410 24 1
1386 24 2
435 24 2
912 24 2
808 24 2
3123 25 1
870 25 2
3098 25 2
989 25 2
746 29 2
3203 30 1
1239 31 1
931 31 2
830 32 2
1365 32 2
925 32 2
3252 32 2
791 32 2
1046 32 2
946 32 2
1348 33 2
1359 33 2
1441 33 1
1281 33 2
1246 33 1
863 33 2
3269 33 1
985 33 2
3160 33 2
1411 33 2
3161 33 2
1235 33 2
893 33 1
1374 34 2
859 34 2
3216 34 2
786 34 2
1426 34 2
1342 35 1
986 35 1
3105 35 2
1415 35 1
3196 35 1
866 36 2
3147 36 2
1351 36 1
169 36 2
3200 36 1
1395 37 2
1013 37 2
1303 37 2
1344 37 2
1368 37 2
928 37 2
1090 37 2
3156 37 2
1366 37 2
1256 37 2
391 37 2
402 37 2
3222 37 2
1253 37 2
1277 37 2
3161 37 2
836 37 2
3273 37 2
3140 37 2
799 37 2
3182 37 2
954 37 2
843 37 2
1272 37 2
990 37 2
1268 37 2
852 37 2
3258 37 2
1399 37 2
546 37 2
848 37 2
1287 37 2
3129 37 1
102 37 2
834 37 2
895 37 2
3214 38 2
3253 39 2
1282 39 2
1327 39 2
3198 40 2
1378 40 2
974 40 2
3135 40 2
302 40 2
884 40 2
1348 40 2
3263 40 2
800 40 1
3131 40 2
963 41 1
3171 41 1
3124 42 1
3275 42 2
3136 44 2
3137 44 1
435 44 2
935 45 1
1327 45 2
347 45 2
892 45 1
915 45 1
829 45 2
998 45 1
828 45 2
839 45 2
3160 45 2
850 45 1
1277 45 1
1265 45 1
1409 45 2
1251 45 2
69 45 2
324 45 1
3117 45 2
867 45 1
3266 46 1
1363 46 1
3249 46 2
3163 46 2
1384 46 2
1308 46 1
1332 46 2
1046 46 2
1318 46 1
1372 47 2
1371 47 1
1035 47 1
1415 47 1
1079 47 2
1368 47 1
998 47 1
949 47 1
1278 47 2
1363 47 1
3137 47 1
995 47 1
995 47 2
1323 47 1
3179 47 2
3185 47 2
953 47 2
1250 47 2
1296 47 1
880 47 1
669 47 2
1428 47 1
713 47 1
735 47 2
3233 47 2
1375 47 1
1374 47 1
3189 47 1
1348 47 2
1307 47 1
1440 47 1
3155 47 1
846 47 2
868 47 1
888 47 1
879 47 2
3111 47 1
402 47 1
837 47 1
1338 47 2
1252 47 1
970 47 1
3162 47 1
3204 47 1
933 47 1
933 47 1
931 47 1
797 47 1
845 47 1
1321 47 1
1320 47 2
805 47 1
14 47 1
1401 47 1
1352 47 1
850 47 1
984 47 1
1399 47 2
1311 47 1
91 47 1
3220 47 1
856 47 1
792 48 2
3158 48 1
3100 48 2
3272 48 2
874 49 1
792 51 2
502 52 2
3123 52 2
1353 52 2
3248 52 2
3153 52 2
80 54 2
1345 54 2
1436 55 1
892 55 1
1241 55 1
900 55 1
923 55 2
956 55 2
906 55 2
3184 55 2
989 55 2
1325 56 1
1323 57 1
1362 58 2
3239 58 1
3196 58 2
1272 59 2
905 59 2
927 60 2
3217 60 1
957 60 2
968 62 2
3 62 2
3247 62 2
3201 62 2
790 62 2
919 62 1
1304 62 1
1315 62 1
787 64 1
810 64 2
1329 64 2
3256 67 1
236 68 2
3176 68 2
1300 68 2
1433 68 2
3275 68 2
844 68 2
929 68 2
862 70 2
3191 70 1
1393 70 1
955 70 1
955 70 2
937 71 2
3160 71 2
1262 71 1
894 71 1
3245 73 2
1266 73 2
1398 73 2
1263 73 1
790 73 1
1371 73 2
1333 73 2
1304 73 2
1281 76 2
1068 76 2
114 76 2
602 76 2
818 76 2
1367 76 2
817 76 2
815 76 1
814 76 1
3136 76 2
3223 76 2
3223 76 2
202 76 2
819 76 2
1298 76 1
881 76 2
1427 76 2
1378 76 2
757 76 2
280 76 2
3101 76 1
302 76 2
3189 76 2
786 76 2
966 76 2
831 76 2
1394 76 2
1442 76 1
813 76 2
1437 76 2
794 76 2
841 76 1
887 76 2
3246 76 2
1339 76 2
424 76 2
1251 76 1
3120 76 1
932 76 2
929 76 2
1272 76 2
1317 76 2
524 76 2
3211 76 1
535 76 2
1399 76 1
3261 76 2
1445 76 2
1311 76 1
3128 76 2
3264 76 2
944 76 1
809 76 1
893 76 1
1357 76 2
866 78 1
1419 78 1
1381 78 1
1331 78 1
851 79 1
1423 79 1
1361 80 2
3139 80 2
877 81 1
1248 81 1
1408 82 1
991 82 1
1426 82 1
114 82 2
735 82 2
3268 82 2
852 82 2
1353 82 1
1387 82 1
1410 82 1
1288 82 2
3226 82 2
898 82 1
910 82 2
3168 82 1
909 82 1
3208 82 1
1326 83 1
1372 83 1
1286 83 1
1333 83 1
1068 83 1
1367 83 1
3267 83 1
903 83 1
951 83 1
999 83 1
999 83 1
1364 83 1
1412 83 1
657 83 1
861 83 1
1276 83 1
3225 83 1
1409 83 1
1409 83 1
3139 83 1
3178 83 1
3141 83 1
3141 83 1
823 83 1
823 83 1
3096 83 1
3230 83 1
3183 83 1
3183 83 1
3184 83 1
3187 83 1
1297 83 1
1246 83 1
3145 83 1
3234 83 1
3149 83 1
873 83 1
1422 83 1
872 83 1
1239 83 1
1421 83 1
3240 83 1
922 83 1
788 83 1
3107 83 1
3108 83 1
919 83 1
967 83 1
1396 83 1
1307 83 1
802 83 1
1305 83 1
1438 83 1
794 83 1
1343 83 1
1257 83 1
369 83 1
889 83 1
3244 83 1
926 83 1
974 83 1
1389 83 1
1340 83 1
972 83 1
970 83 1
3163 83 1
969 83 1
3116 83 1
3119 83 1
3206 83 1
845 83 1
978 83 1
1345 83 1
1274 83 1
858 83 1
992 83 1
1321 83 1
991 83 1
1270 83 1
1403 83 1
447 83 1
935 83 1
469 83 1
3255 83 1
853 83 1
987 83 1
1268 83 1
938 83 1
1401 83 1
25 83 1
513 83 1
47 83 1
1263 83 1
80 83 1
3215 83 1
3263 83 1
812 83 1
3173 83 1
1350 84 2
886 87 2
3260 87 1
302 87 2
3202 87 1
3129 87 2
786 87 1
3170 87 1
936 88 2
781 89 1
624 90 2
1377 90 2
3222 90 2
1339 90 2
1420 90 2
1427 90 1
894 90 1
928 91 1
724 92 1
14 92 2
1253 92 2
1251 92 1
912 92 2
934 92 2
3106 92 1
1381 92 1
916 93 1
3255 93 2
1393 93 1
821 93 1
901 94 1
1360 94 2
1285 94 1
1418 94 2
1405 94 2
1403 94 1
1438 94 1
713 94 2
842 94 1
842 94 1
1356 94 1
904 94 1
806 94 1
806 94 2
963 94 1
3122 94 1
757 94 2
3101 94 2
1312 94 1
202 94 1
3274 94 1
3227 94 2
3118 94 1
3206 94 1
821 94 1
3226 95 1
1286 96 1
1002 96 1
1024 96 2
1283 96 2
1416 96 2
818 96 2
3133 96 1
3268 96 2
816 96 2
948 96 2
3271 96 2
180 96 2
3275 96 2
3182 96 1
3183 96 1
1431 96 2
1429 96 2
1294 96 1
1293 96 2
1425 96 2
225 96 2
3144 96 2
236 96 2
826 96 1
960 96 2
1423 96 2
959 96 2
825 96 2
324 96 1
3192 96 2
3195 96 2
966 96 2
3197 96 2
1341 96 2
1341 96 1
1341 96 2
413 96 2
413 96 2
837 96 2
1338 96 2
3162 96 2
836 96 1
1337 96 2
3202 96 1
3164 96 2
3164 96 2
3205 96 2
1346 96 2
3209 96 2
1322 96 1
1359 96 2
1316 96 2
1356 96 2
988 96 2
3211 96 1
1312 96 2
1445 96 2
847 96 1
3220 96 2
894 96 1
1325 96 1
1370 96 2
1370 96 2
1328 96 2
613 96 2
624 96 1
1365 96 2
996 96 1
657 96 2
3224 96 2
859 96 2
3227 96 1
911 96 1
907 96 1
1248 96 2
782 96 2
1245 96 2
915 96 2
735 96 2
1244 96 1
875 96 2
1242 96 1
768 96 2
1375 96 1
1375 96 2
3236 96 2
3237 96 2
871 96 2
787 96 2
3242 96 2
783 96 1
1260 96 2
1393 96 2
1392 96 2
824 96 1
846 96 2
3245 96 1
3111 96 2
879 96 2
879 96 2
1387 96 2
885 96 2
885 96 2
1252 96 2
932 96 2
797 96 2
796 96 2
1406 96 2
902 96 2
1271 96 2
1270 96 1
957 96 2
1267 96 2
1266 96 2
1400 96 2
3127 96 2
3128 96 2
80 96 2
812 96 2
3168 96 1
945 96 2
3169 96 2
809 96 2
3171 96 2
3171 96 2
941 96 1
1256 98 1
1434 98 2
958 98 2
3213 98 1
3119 98 2
1257 99 2
3134 99 2
3244 99 2
862 99 1
424 99 2
3261 99 1
3193 99 2
1259 99 2
3108 99 2
802 99 1
924 99 2
3233 100 2
358 101 2
1288 101 2
884 101 2
1385 101 2
3249 101 2
881 101 2
1013 101 2
1262 102 1
447 102 2
347 102 2
47 103 2
1337 104 2
3095 104 1
1392 104 2
827 106 1
1372 106 2
1432 106 2
691 106 2
3205 107 2
830 109 1
891 109 1
956 109 2
3139 110 2
857 111 2
3114 111 1
1300 111 2
970 111 2
1386 111 2
932 111 2
1404 111 2
1294 111 1
918 111 1
917 112 1
3250 113 1
3155 113 2
3271 115 2
1252 115 1
1311 115 1
1310 115 1
1249 115 1
1261 115 2
3131 115 1
3206 115 2
580 115 2
247 117 2
871 117 2
1260 117 1
1271 117 1
3120 117 1
768 118 2
1279 119 2
838 119 1
860 119 2
904 120 2
910 120 2
816 123 2
213 123 2
902 123 2
913 123 2
3172 123 2
903 124 1
814 124 2
3137 124 1
3259 124 2
3138 124 2
909 124 1
3231 124 2
830 125 2
857 125 1
975 125 2
886 125 2
982 125 1
3260 125 1
1334 125 2
1444 125 2
3192 125 2
3159 126 2
36 126 2
860 126 2
1288 126 2
3201 126 1
3190 126 2
1407 126 2
1293 126 1
930 126 2
961 127 2
1420 127 2
799 127 1
3218 127 2
1057 127 2
3195 127 2
831 127 2
863 128 1
36 128 2
983 128 2
883 128 2
3093 128 1
3228 128 1
880 128 2
3181 128 2
811 128 2
807 128 2
891 129 2
1442 129 2
913 129 2
613 129 2
915 129 1
3157 129 2
792 129 1
997 129 2
1279 129 2
825 129 2
1265 129 1
3102 129 1
3202 129 1
3250 129 2
3204 129 1
895 129 2
1346 129 1
917 129 1
853 130 2
950 130 2
1266 130 1
3114 130 1
3236 130 1
981 130 1
1420 130 2
3190 130 2
789 130 1
1406 130 2
908 130 2
3184 130 2
1090 131 2
247 131 2
502 131 2
961 131 2
1364 131 1
3271 131 2
102 131 1
966 131 1
962 132 1
147 132 2
3269 132 2
313 132 2
1285 132 1
934 132 2
922 132 1
3194 132 1
943 132 1
1354 133 1
828 133 2
280 133 2
3263 133 2
1024 133 2
920 133 2
1326 134 2
3175 134 1
1002 134 2
1285 134 1
1328 134 2
591 134 1
952 134 2
3133 134 1
864 134 1
1365 134 2
815 134 2
646 134 2
1276 134 1
994 134 2
3225 134 2
3180 134 2
3095 134 1
1384 134 1
1298 134 2
1292 134 1
3144 134 2
247 134 2
1379 134 2
829 134 1
313 134 2
3153 134 1
3107 134 2
832 134 1
965 134 1
1396 134 2
780 134 2
1394 134 2
1441 134 1
336 134 1
835 134 2
3155 134 2
369 134 1
974 134 2
925 134 2
973 134 2
800 134 1
798 134 1
796 134 1
844 134 1
929 134 2
1273 134 2
1407 134 2
935 134 2
1315 134 1
806 134 2
491 134 2
3255 134 2
1267 134 2
524 134 2
1397 134 2
847 134 2
3128 134 2
812 134 2
897 134 2
897 134 1
941 134 1
862 136 2
802 136 2
3267 137 2
877 137 2
973 137 2
1387 137 1
891 137 2
1332 137 2
833 137 2
3185 137 2
1013 138 2
869 138 2
1261 138 2
1024 138 2
1284 138 2
791 138 2
1392 138 2
1281 138 2
3156 138 2
613 138 2
927 138 2
136 138 2
886 138 2
169 138 2
1363 138 2
1338 138 1
994 138 2
3274 138 1
3230 138 2
955 138 2
3207 138 1
797 138 1
3185 138 2
1298 138 2
3 138 2
805 138 2
990 138 2
960 138 2
3125 138 1
872 138 2
3151 138 2
1349 138 2
3103 138 1
69 138 1
324 138 2
923 138 2
3129 138 1
921 138 2
3194 138 2
834 138 2
3108 138 2
3219 138 2
808 138 2
3173 138 2
1418 139 2
258 140 2
1421 140 2
1334 140 1
1260 140 2
1416 140 2
1282 140 2
1327 140 1
1290 141 2
1352 141 1
3223 141 2
3273 141 2
3239 141 2
3094 141 2
811 141 2
895 141 2
815 142 2
3273 142 2
3104 142 2
795 142 1
927 143 2
3268 143 1
3111 143 1
3125 143 2
1383 143 2
3251 143 1
3100 144 2
849 144 2
1264 144 1
1287 144 1
870 144 2
1307 144 2
3194 144 2
569 144 1
820 144 2
3175 145 1
1035 145 2
1331 145 1
1306 145 1
3133 145 1
887 145 2
1412 145 1
413 145 2
1275 145 2
3142 145 1
3252 145 2
3253 145 2
3096 145 2
953 145 1
901 145 1
991 145 1
979 145 1
828 145 1
852 145 2
1244 145 2
25 145 2
1351 145 1
3259 145 2
958 145 2
1397 145 1
3152 145 2
898 145 1
944 145 1
785 145 1
942 145 2
3145 146 2
3151 146 1
3191 146 2
3219 146 1
1316 146 1
1079 146 2
1373 147 2
1314 148 1
3148 148 2
923 148 2
3096 148 2
813 148 2
3172 148 1
816 149 1
3159 149 2
3149 149 2
3251 149 1
569 149 2
1357 149 2
855 149 1
580 150 2
3112 151 2
1443 151 2
1355 153 1
3244 153 1
746 153 2
1373 153 1
980 153 1
447 153 2
954 153 1
947 155 2
873 155 1
1350 155 1
1250 155 2
1408 155 1
1419 155 2
1333 155 1
1371 155 1
1383 155 1
788 155 1
920 155 1
855 155 1
236 156 2
3146 156 2
3260 156 2
1415 156 2
1304 156 2
3257 157 2
3101 157 2
3167 157 2
810 157 2
1310 158 2
1297 158 2
1317 158 1
964 158 2
1000 158 2
602 158 2
3157 158 1
938 158 2
839 158 2
1243 158 2
1389 158 2
826 158 2
3112 158 2
959 158 2
657 158 1
191 158 1
1239 158 2
3106 158 2
3193 158 1
896 158 2
3230 158 1
3242 158 1
1235 158 2
1379 159 2
973 159 1
3238 159 2
3203 159 2
899 159 2
909 159 1
1357 159 1
1241 160 1
702 161 1
827 162 1
782 163 2
937 163 2
983 163 2
91 163 1
3094 163 2
3106 163 1
824 163 2
946 163 2
876 166 2
3272 166 2
380 167 2
1308 167 1
3258 168 2
558 168 1
882 169 2
1408 169 1
1306 169 1
1440 169 2
1000 169 2
952 169 2
866 169 2
865 169 2
3145 169 2
1343 169 1
380 169 2
3135 169 2
996 169 1
3161 169 2
3200 169 1
981 169 1
801 169 2
3241 169 1
896 169 1
818 170 2
1101 170 2
269 170 2
881 170 2
1332 170 2
843 170 2
914 171 2
814 171 2
1411 171 2
981 171 2
3215 171 2
125 172 2
1339 172 2
3126 172 2
897 172 2
3097 172 2
225 172 2
795 172 1
803 174 2
535 174 2
782 175 2
1279 175 2
851 175 1
646 175 2
3102 175 1
1385 175 1
1249 175 2
1273 175 2
821 175 2
469 175 2
3134 176 2
804 176 2
3100 176 2
3103 176 1
1345 176 1
1303 177 2
3174 178 2
781 178 1
269 178 2
3258 178 2
1242 178 2
838 178 2
1243 179 1
1388 179 2
1265 179 1
3235 179 1
907 179 1
3198 180 2
1418 180 2
1282 180 2
1439 180 1
1328 180 2
817 180 1
1255 180 2
158 180 2
3112 180 1
1412 180 1
3113 180 1
180 180 1
884 180 1
1337 180 2
883 180 1
3250 180 2
213 180 2
800 180 1
3231 180 2
796 180 2
954 180 2
843 180 1
867 180 2
867 180 1
1431 180 1
1382 180 2
1296 180 1
1318 180 2
940 180 2
878 180 1
491 180 2
1245 180 1
258 180 2
258 180 2
502 180 1
1378 180 2
803 180 1
937 180 1
3147 180 1
1240 180 2
1422 180 1
982 180 1
3239 180 1
920 180 1
3109 180 2
783 180 1
1436 182 1
58 182 2
882 182 1
3105 182 1
988 183 1
3211 183 1
1433 183 2
1274 183 2
933 183 1
558 183 1
1403 183 1
832 183 2
3270 184 2
874 184 1
861 184 2
1275 184 2
3167 184 2
899 184 2
1417 184 2
1441 184 2
809 184 2
469 184 2
917 184 2
180 185 1
1326 186 2
1286 186 2
1261 186 2
780 186 2
1295 186 2
569 186 2
1438 186 2
964 186 2
1356 186 2
724 186 2
3158 186 2
840 186 2
1366 186 2
1377 186 2
1401 186 2
1267 186 2
971 186 2
849 186 2
3236 186 2
847 186 2
3216 186 2
3218 186 2
810 186 2
36 187 1
391 188 2
3248 188 2
3169 188 1
1090 189 1
3186 189 1
1254 189 2
768 189 2
58 189 1
1321 189 1
1296 189 1
1330 189 2
956 189 2
820 189 2
369 190 2
3134 190 2
380 190 2
3122 190 2
746 190 2
875 190 2
993 190 1
1361 190 1
3116 190 1
1428 190 2
1314 192 2
854 192 2
838 192 2
861 192 1
1444 192 1
3179 192 2
1248 192 1
3204 192 2
1404 192 1
835 192 2
3182 193 2
3207 193 2
3097 194 1
3186 195 2
951 195 2
1254 195 2
858 195 1
1419 195 1
3117 195 1
911 195 1
3217 195 1
3109 195 2
916 196 2
848 196 2
3127 196 1
3213 196 2
1432 196 2
3117 196 2
945 196 2
1305 196 2
125 197 2
3235 197 2
1319 197 1
813 197 2
1000 198 2
987 198 2
269 198 2
158 198 1
3162 198 1
3191 198 2
291 199 1
1350 199 1
3151 199 1
1299 199 1
3262 199 1
3228 199 2
808 199 2
855 199 1
3150 200 2
1284 200 2
3144 203 2
926 203 1
169 203 2
1240 203 1
3140 203 1
3274 204 1
787 204 1
851 205 1
3246 205 2
1398 205 1
1299 205 1
3267 206 2
3257 206 1
1301 206 2
860 206 2
1361 206 1
993 206 1
1263 206 2
1322 206 2
3094 206 2
3264 206 2
1241 207 2
969 209 2
1368 210 1
1268 210 2
3148 210 2
850 210 1
1249 210 2
934 210 2
1046 210 2
1068 210 2
1437 210 2
854 211 2
916 211 1
513 211 2
1290 211 2
3203 211 2
1331 211 2
680 211 2
784 211 1
3098 212 2
3198 215 2
1379 215 2
3124 215 2
3149 215 2
3214 215 2
791 215 2
921 215 2
3169 215 1
3245 216 1
1389 216 2
280 216 2
1309 216 2
3241 216 2
918 216 2
225 216 2
3197 216 2
793 217 2
3186 218 2
785 218 1
69 219 2
1432 221 2
984 222 1
1410 222 1
3272 222 1
3114 222 1
3180 222 1
3118 222 1
3252 222 1
1257 223 2
1255 223 2
3200 223 1
1264 223 2
882 223 2
3167 223 2
799 223 1
669 223 2
844 223 1
458 223 2
3173 223 2
878 224 1
939 224 2
1278 224 2
1290 224 1
947 224 2
3138 224 2
1444 224 2
1384 224 2
1416 224 1
480 227 1
1425 227 2
877 228 2
1320 230 2
1425 230 2
854 231 2
1367 231 2
3176 231 1
950 231 1
1244 231 1
1340 231 1
836 231 1
1323 231 2
3241 231 2
798 231 1
794 233 2
951 233 1
825 233 1
58 233 2
3181 233 1
458 233 2
1354 234 2
1275 234 2
1405 234 2
795 234 1
3175 235 2
1284 235 2
1283 235 2
1417 235 2
1035 235 2
3266 235 2
3266 235 2
1101 235 2
3135 235 2
3136 235 2
948 235 2
1411 235 2
3138 235 2
1276 235 2
3140 235 2
3178 235 2
202 235 2
822 235 2
819 235 2
3187 235 2
1430 235 2
1427 235 2
1292 235 2
1292 235 2
964 235 2
3146 235 2
961 235 2
1289 235 2
3150 235 2
1287 235 2
3189 235 2
3152 235 2
3193 235 2
834 235 2
833 235 2
967 235 2
832 235 2
3197 235 2
965 235 2
1436 235 2
980 235 2
1443 235 2
1443 235 2
1308 235 2
1442 235 2
336 235 2
1437 235 2
1344 235 2
358 235 2
3157 235 2
975 235 2
1342 235 2
839 235 2
391 235 2
402 235 2
1301 235 2
971 235 2
1434 235 2
1434 235 2
1433 235 2
435 235 2
845 235 2
3208 235 2
978 235 2
978 235 2
3209 235 2
901 235 2
1322 235 2
1360 235 2
1320 235 2
1319 235 2
1319 235 2
1317 235 2
1315 235 2
892 235 2
853 235 2
491 235 2
987 235 2
1354 235 2
984 235 2
535 235 2
983 235 2
3212 235 2
1349 235 2
3213 235 2
3214 235 2
900 235 2
3217 235 2
3219 235 2
856 235 2
869 235 2
869 235 2
1370 235 2
1330 235 2
558 235 2
1329 235 2
602 235 2
865 235 2
998 235 2
997 235 2
1364 235 2
3222 235 2
1362 235 2
1362 235 2
859 235 2
3226 235 2
912 235 2
3095 235 2
3229 235 2
3229 235 2
908 235 2
3098 235 2
906 235 2
906 235 2
1382 235 2
680 235 2
680 235 2
691 235 2
691 235 2
781 235 2
876 235 2
914 235 2
914 235 2
1243 235 2
1377 235 2
757 235 2
874 235 2
3234 235 2
1376 235 2
1376 235 2
872 235 2
1374 235 2
1373 235 2
3238 235 2
3238 235 2
788 235 2
922 235 2
3242 235 2
3109 235 2
785 235 2
784 235 2
1396 235 2
1395 235 2
824 235 2
928 235 2
888 235 2
1390 235 2
926 235 2
1255 235 2
887 235 2
1388 235 2
3113 235 2
3247 235 2
1386 235 2
3248 235 2
3115 235 2
1385 235 2
3249 235 2
801 235 2
3251 235 2
3119 235 2
3253 235 2
931 235 2
1405 235 2
924 235 2
946 235 2
968 235 2
805 235 2
804 235 2
3256 235 2
3123 235 2
803 235 2
3257 235 2
3124 235 2
1400 235 2
1264 235 2
3127 235 2
3261 235 2
91 235 2
102 235 2
811 235 2
942 235 2
807 235 2
904 236 1
1253 236 2
910 236 2
919 236 2
1334 237 2
1360 237 1
1359 237 2
1429 237 2
1414 237 2
1316 237 1
976 237 2
868 237 2
868 237 2
826 237 1
1376 237 2
1351 237 1
790 237 2
3142 237 1
3131 237 2
842 238 2
963 238 2
3158 238 1
898 238 2
1079 238 2
480 239 2
939 239 2
980 239 1
3174 240 2
3176 240 2
1283 240 2
1417 240 2
1057 240 2
1414 240 2
114 240 2
817 240 2
125 240 2
136 240 2
950 240 2
147 240 2
949 240 2
949 240 2
3270 240 2
3270 240 2
1277 240 2
947 240 2
191 240 2
3178 240 2
3141 240 2
3179 240 2
213 240 2
822 240 2
953 240 2
3187 240 2
1297 240 2
1430 240 2
1295 240 2
1429 240 2
1294 240 2
1428 240 2
1426 240 2
829 240 2
962 240 2
3147 240 2
960 240 2
291 240 2
959 240 2
3150 240 2
1422 240 2
3152 240 2
3190 240 2
3153 240 2
3192 240 2
3195 240 2
967 240 2
3196 240 2
831 240 2
965 240 2
1310 240 2
1309 240 2
1306 240 2
1305 240 2
1439 240 2
336 240 2
347 240 2
3156 240 2
358 240 2
976 240 2
841 240 2
841 240 2
1343 240 2
975 240 2
840 240 2
840 240 2
1340 240 2
972 240 2
1301 240 2
3163 240 2
1299 240 2
3201 240 2
3207 240 2
3208 240 2
3209 240 2
977 240 2
977 240 2
858 240 2
1318 240 2
480 240 2
1355 240 2
986 240 2
986 240 2
1353 240 2
985 240 2
1352 240 2
524 240 2
849 240 2
1312 240 2
3212 240 2
546 240 2
982 240 2
1349 240 2
1445 240 2
900 240 2
3216 240 2
3218 240 2
856 240 2
3220 240 2
989 240 2
870 240 2
1330 240 2
1329 240 2
580 240 2
903 240 2
999 240 2
864 240 2
1366 240 2
624 240 2
863 240 2
635 240 2
997 240 2
996 240 2
993 240 2
3093 240 2
3093 240 2
911 240 2
3228 240 2
3229 240 2
908 240 2
907 240 2
1235 240 2
905 240 2
905 240 2
1250 240 2
1383 240 2
880 240 2
1382 240 2
1381 240 2
669 240 2
1246 240 2
878 240 2
1245 240 1
1242 240 2
3234 240 2
873 240 2
3102 240 2
1240 240 2
871 240 2
3237 240 2
3104 240 2
3104 240 2
3105 240 2
789 240 2
3240 240 2
3107 240 2
921 240 2
918 240 2
783 240 2
1395 240 2
1394 240 2
780 240 2
1259 240 2
846 240 2
793 240 2
857 240 2
1256 240 2
1390 240 2
3246 240 2
3113 240 2
3247 240 2
3115 240 2
3116 240 2
801 240 2
3120 240 2
798 240 2
930 240 2
1274 240 2
1407 240 2
902 240 2
1271 240 2
1270 240 2
1404 240 2
924 240 2
957 240 2
968 240 2
940 240 2
939 240 2
979 240 2
979 240 2
804 240 2
3256 240 2
14 240 2
938 240 2
1400 240 2
3259 240 2
47 240 2
3126 240 2
3126 240 2
3262 240 2
3130 240 2
3130 240 2
3264 240 2
945 240 2
3170 240 2
944 240 2
943 240 2
3172 240 2
807 240 2
1300 242 2
3097 242 2
864 243 1
1262 243 1
883 245 2
925 247 2
943 247 1
833 248 2
3269 249 1
899 249 2
3215 249 2
1303 249 1
724 251 1
962 251 1
793 252 2
3212 252 1
1398 252 2