2788 199 2
2699 199 1
2112 199 2
1714 199 2
2680 199 2
1806 199 1
1744 199 1
1794 199 2
288 199 2
1741 199 1
286 199 2
1692 199 1
2241 199 2
1751 199 1
2888 199 2
2248 200 2
355 200 2
351 202 1
2279 202 1
251 202 2
1844 203 1
1814 203 1
2712 203 2
2306 203 1
335 204 2
272 204 2
250 205 1
2652 205 1
2629 205 1
296 206 2
2240 206 1
2272 206 2
2701 206 2
312 206 2
1694 206 1
276 206 1
1792 206 1
1814 206 2
1763 206 1
2653 206 2
346 206 2
1823 206 2
2590 1 2
2696 207 1
1804 2 1
2266 2 2
248 2 2
3088 2 1
326 2 2
3010 3 1
2569 208 1
1854 4 2
265 4 1
2699 4 1
1815 4 2
2242 4 1
2260 4 2
355 4 2
1785 4 2
2329 4 1
2670 5 2
1731 5 1
2635 5 2
360 5 1
307 5 1
1800 5 1
2621 5 2
3143 209 2
254 209 1
2695 209 2
2855 209 2
2292 6 2
289 6 2
2624 6 2
1786 6 2
2267 7 2
2687 7 2
1837 7 2
255 8 1
3077 8 2
1845 8 2
2607 9 2
113 10 2
2328 10 2
1738 10 2
1760 10 2
1796 10 1
353 10 2
2613 10 2
251 10 2
2564 10 2
1716 10 2
322 10 2
2632 10 2
2866 10 2
1833 10 2
2559 11 2
2292 12 2
1686 12 1
1829 12 1
374 12 2
1828 12 2
2821 12 2
1723 12 2
354 13 1
1839 13 1
2899 14 2
2799 15 2
1860 15 2
370 15 1
2702 15 2
1709 15 2
290 15 1
1842 15 1
2609 15 2
240 15 2
373 15 2
2243 15 1
310 15 2
2620 15 2
2632 15 2
2877 15 1
2276 210 2
295 210 1
2273 210 1
2567 210 2
2259 210 2
377 210 2
2596 210 2
2268 210 2
2268 210 2
2636 210 2
286 210 2
1788 210 1
3232 210 2
2622 210 2
343 210 1
2674 16 2
2665 16 2
113 211 2
2289 211 1
2446 214 2
2704 215 2
243 215 1
290 215 1
2245 215 1
264 215 1
308 215 1
2330 215 2
1446 216 2
353 216 1
1721 216 1
376 216 2
2555 216 2
1851 216 2
2229 216 1
306 216 1
368 216 2
1688 216 2
2645 19 2
3110 19 1
2231 20 1
2631 218 2
315 21 1
2235 22 2
2710 22 1
2551 22 2
1727 22 2
2277 22 2
1725 22 2
1858 22 1
306 22 2
2579 22 2
368 22 1
2562 23 1
310 23 2
2622 23 2
2325 24 2
668 24 2
2309 24 2
2331 24 2
2679 24 2
375 24 1
2660 24 2
2637 24 2
2685 24 2
1776 24 2
2615 24 1
1739 24 2
2631 24 2
1786 24 2
1675 24 2
2533 25 1
2671 25 2
2274 25 2
2331 25 2
325 25 1
2237 28 1
2327 32 2
372 32 1
309 32 1
3210 32 2
2316 33 1
1854 33 1
1707 33 1
2637 33 2
2262 33 2
305 33 1
2579 33 1
2282 33 2
2592 33 2
230 34 2
1696 34 2
2287 34 2
2733 34 2
2305 34 2
232 35 2
2634 35 2
241 35 1
2624 35 1
2001 35 2
2275 35 1
2630 35 1
2310 35 2
2642 35 2
346 35 1
303 35 2
2691 35 2
1742 36 2
1682 36 1
2251 36 2
2315 37 2
1726 37 2
2276 37 2
1858 37 2
2226 37 2
2250 37 2
1771 37 2
2272 37 1
2603 37 2
2604 37 2
2606 37 2
1674 37 2
2717 37 2
266 37 2
2561 37 2
2671 37 2
262 37 2
262 37 2
262 37 2
2565 37 2
2241 37 2
3177 37 2
1679 37 2
1723 37 2
2304 37 2
2326 37 2
2287 37 2
328 37 2
2284 37 2
2330 37 2
2330 37 2
2569 37 2
342 37 2
1795 37 1
2572 37 2
364 37 2
301 37 2
1754 37 2
2612 37 2
2684 37 1
337 37 2
1728 37 2
249 37 2
297 37 2
3055 37 2
2642 37 2
2633 37 2
3132 37 2
244 40 2
3055 40 2
224 41 2
2251 41 2
1679 43 2
1718 44 1
343 44 1
378 45 2
1820 45 1
2693 45 2
1685 45 2
2646 45 1
2695 45 2
2573 45 2
2566 45 2
2598 45 2
3210 45 2
2619 45 2
1822 45 2
2570 46 2
2584 46 2
2682 46 2
1729 46 2
2675 46 2
2297 46 1
2655 47 1
2323 47 1
295 47 1
294 47 2
1771 47 1
2603 47 2
2556 47 1
2558 47 2
2693 47 2
290 47 1
2649 47 2
1763 47 1
1675 47 1
2777 47 2
2777 47 1
446 47 2
2810 47 2
2288 47 1
307 47 1
1736 47 1
2333 47 1
2702 47 2
255 47 1
2657 47 1
2234 47 1
301 47 1
2612 47 2
1777 47 1
2664 47 1
2844 47 2
2620 47 1
1822 47 1
2299 47 2
2249 47 1
316 47 1
2713 47 1
1745 47 1
1745 47 1
1697 47 2
352 47 1
265 47 1
2586 47 2
2244 47 1
263 47 1
2243 47 1
2977 47 2
2632 47 2
1699 47 2
1848 47 1
1847 47 1
2589 47 1
2309 47 2
2595 47 2
1843 47 1
365 47 1
277 47 2
1707 47 1
1841 47 1
1754 47 2
1753 47 1
227 47 2
2638 47 2
360 47 1
2643 47 2
1844 48 1
266 48 2
229 48 1
2683 48 2
1839 48 2
310 48 2
2714 51 2
2717 52 2
1709 52 2
288 52 2
2001 52 2
1819 55 1
242 55 1
335 55 2
363 55 1
239 55 2
3177 55 2
307 55 1
2833 55 1
2575 56 1
1718 57 2
1782 58 1
2311 58 1
2298 58 2
2315 59 1
2684 59 1
1777 59 1
3177 59 2
2676 59 1
2238 59 1
2592 59 1
2293 59 2
257 59 2
1745 60 2
2246 60 2
2810 60 2
227 60 2
1761 60 2
326 60 1
255 62 2
2682 62 2
1753 62 2
1715 62 2
2640 62 1
295 62 1
1772 62 2
2634 64 1
2640 64 2
1788 64 1
246 64 2
1831 68 2
240 68 2
2312 68 2
2239 68 2
318 68 1
2690 68 2
2305 68 2
260 70 1
327 70 2
1684 71 2
2646 73 2
248 73 1
3210 73 2
2690 73 2
1712 73 1
2278 74 2
1714 74 1
282 74 2
2666 76 2
2710 76 2
2228 76 1
2227 76 1
2274 76 2
2602 76 2
1770 76 1
2689 76 2
1769 76 2
2605 76 2
377 76 2
1673 76 2
2694 76 2
1717 76 1
239 76 2
2698 76 2
237 76 2
3243 76 2
446 76 2
890 76 2
2700 76 2
304 76 1
2568 76 2
1733 76 2
253 76 2
2659 76 2
338 76 1
1776 76 1
2662 76 2
2300 76 2
1749 76 1
315 76 1
2295 76 2
268 76 1
1698 76 2
2623 76 2
2623 76 2
1829 76 2
2586 76 2
2625 76 2
349 76 1
349 76 1
2626 76 1
348 76 1
261 76 1
2555 76 2
2588 76 2
1759 76 2
2590 76 2
2306 76 1
2678 76 2
1796 76 1
279 76 2
277 76 2
1792 76 1
2686 76 2
321 76 2
1800 76 1
1712 76 1
2574 78 2
2268 78 1
2673 78 2
318 78 2
1771 78 1
1712 78 2
355 78 1
557 79 2
2284 79 1
1733 80 2
2231 80 2
224 82 2
2227 82 1
1858 82 1
1748 82 2
317 82 1
315 82 2
2556 82 2
2604 82 1
1721 82 1
1819 82 2
2669 82 2
1695 82 1
2683 82 2
363 82 1
252 82 1
300 82 2
2255 82 2
1827 82 2
1826 82 2
1727 82 2
346 82 1
1811 82 1
233 82 2
2314 83 1
2226 83 1
2601 83 1
2601 83 1
2607 83 1
376 83 1
376 83 1
1853 83 1
1805 83 1
288 83 1
2648 83 1
373 83 1
2267 83 1
2563 83 1
238 83 1
1764 83 1
2265 83 1
246 83 1
3254 83 1
2325 83 1
557 83 1
668 83 1
779 83 1
260 83 1
1001 83 1
2700 83 1
303 83 1
2701 83 1
256 83 1
256 83 1
254 83 1
1684 83 1
340 83 1
1731 83 1
2707 83 1
2707 83 1
1730 83 1
300 83 1
2232 83 1
1682 83 1
299 83 1
299 83 1
337 83 1
1728 83 1
298 83 1
2230 83 1
1775 83 1
257 83 1
1821 83 1
2001 83 1
272 83 1
2252 83 1
2252 83 1
1748 83 1
2298 83 1
2297 83 1
2580 83 1
2714 83 1
2581 83 1
1832 83 1
2670 83 1
1696 83 1
312 83 1
350 83 1
1694 83 1
1693 83 1
2242 83 1
2626 83 1
2675 83 1
1790 83 1
2599 83 1
1847 83 1
281 83 1
2309 83 1
2307 83 1
2307 83 1
325 83 1
1709 83 1
231 83 1
278 83 1
1708 83 1
1793 83 1
1841 83 1
362 83 1
361 83 1
2254 83 1
1704 83 1
273 83 1
2687 83 1
359 83 1
1801 83 1
3099 83 1
3110 83 1
235 83 1
234 83 1
2587 84 1
2665 84 1
2654 84 1
1851 87 2
2687 87 2
2312 87 2
2600 87 2
303 87 2
2331 88 2
2609 89 1
2660 89 2
2227 89 2
1810 89 2
229 90 1
2696 90 2
2648 90 1
2576 90 2
1762 90 1
2273 90 1
345 90 1
344 90 1
2696 92 1
2242 92 1
1752 92 1
2264 92 2
2944 92 1
259 92 1
2700 92 2
2644 92 1
1722 93 1
2315 94 1
1779 94 2
1890 94 2
2112 94 1
1860 94 2
1725 94 1
2600 94 1
1673 94 1
1696 94 2
2695 94 2
2245 94 1
264 94 1
1804 94 2
1764 94 2
1834 94 1
1675 94 1
260 94 1
2288 94 1
306 94 1
2594 94 2
2681 94 1
1756 94 2
2682 94 2
230 94 1
1708 94 1
2233 94 2
2684 94 2
1840 94 1
3077 94 1
235 94 2
2314 96 1
2314 96 1
2226 96 2
2556 96 2
2692 96 2
2559 96 2
242 96 2
1720 96 1
375 96 2
1853 96 2
241 96 1
2561 96 2
1852 96 2
374 96 1
2562 96 2
1716 96 2
1716 96 2
1715 96 1
113 96 2
2326 96 2
1001 96 1
2334 96 2
2237 96 2
2332 96 2
2329 96 2
1734 96 1
1733 96 2
2235 96 2
2705 96 2
2572 96 1
2232 96 2
1729 96 2
2613 96 2
2614 96 2
2614 96 2
249 96 2
2616 96 1
2616 96 2
1446 96 2
1557 96 2
1890 96 2
1750 96 2
270 96 1
1747 96 2
2249 96 2
2711 96 2
268 96 2
2582 96 2
2586 96 2
1741 96 1
2241 96 2
2627 96 2
2224 96 2
2335 96 2
1785 96 1
2594 96 2
2595 96 2
2256 96 1
1752 96 2
274 96 2
2638 96 2
2253 96 2
2641 96 1
1800 96 2
2666 96 1
2688 96 2
2275 96 2
2274 96 1
2600 96 2
2602 96 1
1808 96 1
2607 96 2
1766 96 1
1803 96 2
1678 96 1
1676 96 1
2766 96 2
1809 96 1
2285 96 2
304 96 2
2282 96 2
341 96 2
1818 96 2
1681 96 2
298 96 2
1775 96 2
2855 96 2
1690 96 1
2866 96 2
2877 96 2
344 96 2
343 96 1
1687 96 2
320 96 2
319 96 1
2667 96 2
353 96 2
311 96 2
1693 96 1
2290 96 2
1826 96 1
1825 96 1
2944 96 2
2944 96 2
2988 96 2
357 96 2
356 96 2
1833 96 2
2304 96 2
3043 96 1
332 96 1
1848 96 2
2679 96 2
2681 96 1
1707 96 2
1706 96 2
227 96 2
226 96 2
2301 96 2
3121 96 2
2652 97 1
1689 97 2
2270 97 2
1777 98 2
2306 98 2
2688 99 2
1731 99 1
2624 99 2
309 99 2
2630 99 2
2308 99 2
1677 99 2
2621 99 2
2580 99 2
3121 99 1
1699 99 2
3132 99 2
3265 100 2
267 100 2
1769 100 2
1672 101 2
890 101 2
2712 101 2
314 101 2
2577 102 2
1726 102 2
2298 102 2
2260 102 2
1785 102 2
2295 221 2
3265 222 1
267 222 1
230 222 1
1788 222 1
304 222 1
2777 104 2
2718 104 2
2237 104 2
1770 104 1
2585 106 2
2277 106 2
2239 106 2
234 106 1
245 106 2
1697 107 2
2602 107 2
2289 109 2
3154 111 2
1725 111 2
1859 111 1
316 111 2
2283 111 2
2329 111 1
1831 111 2
1767 111 1
1841 111 2
338 111 2
1730 111 2
2230 111 1
2615 111 2
366 112 2
2661 112 1
2263 112 1
1692 113 1
2717 115 2
2246 115 2
1753 115 1
2662 115 1
3166 115 1
1727 115 1
297 115 1
2866 115 2
344 115 1
1113 115 2
1786 115 2
2263 116 2
357 117 1
2655 118 1
1831 118 1
2675 118 2
351 119 1
2932 120 1
2552 121 1
2328 123 2
1828 123 1
2674 123 2
1760 123 1
1801 123 2
1812 123 2
1834 123 2
2677 124 1
289 124 2
1803 124 1
2664 124 2
1810 124 1
234 124 1
2446 124 2
3043 125 2
264 125 2
1770 125 1
1113 125 2
1845 125 2
2671 126 2
2647 126 1
2566 126 2
2709 126 2
382 126 2
282 126 2
2618 126 2
2733 126 2
1769 126 1
1797 126 2
1778 127 1
2709 127 2
320 127 1
330 127 2
2272 127 1
328 127 2
2755 127 2
2691 127 2
1673 128 2
3166 128 1
1774 128 2
2676 128 2
1737 128 1
1748 128 2
1747 128 1
2332 128 2
2224 128 2
2318 128 2
2688 129 2
2299 129 2
331 129 1
2605 129 2
2656 129 1
1686 129 2
1695 129 1
265 129 1
252 129 2
2720 129 2
238 129 2
1838 129 1
2676 129 2
257 129 2
1674 130 2
2327 130 1
2718 130 2
229 130 2
261 130 2
2618 130 1
3110 130 2
1823 130 2
3132 130 1
366 131 1
372 131 1
1826 131 2
3066 131 2
2631 131 2
2296 131 2
2224 131 2
2668 132 2
364 132 1
362 132 2
2697 132 1
2697 132 1
2278 132 1
2627 132 2
1685 133 1
365 133 1
1695 133 1
2662 133 2
294 133 2
1758 133 2
2755 133 2
2715 133 1
2667 133 2
2273 134 2
292 134 2
2604 134 2
2692 134 2
2692 134 2
378 134 2
1807 134 2
1854 134 2
2694 134 2
1719 134 2
1767 134 1
2650 134 2
1763 134 1
3221 134 2
1678 134 2
2325 134 2
779 134 2
890 134 2
2286 134 2
2567 134 2
2703 134 2
1819 134 2
2706 134 2
301 134 2
2659 134 2
252 134 2
2621 134 2
2299 134 2
2578 134 2
314 134 2
2293 134 1
2716 134 2
354 134 1
2583 134 2
2669 134 2
1782 134 2
352 134 2
1743 134 2
1740 134 2
1740 134 2
348 134 2
1825 134 2
2628 134 2
1789 134 2
356 134 2
2304 134 2
2303 134 1
330 134 1
2308 134 2
1796 134 1
232 134 2
1843 134 1
1794 134 2
1840 134 1
323 134 1
2254 134 2
2686 134 2
321 134 1
2253 134 2
2554 134 2
2643 134 2
3121 134 2
1722 135 2
228 135 2
1758 135 2
342 136 2
2560 136 1
2932 136 1
2638 136 2
245 136 1
1808 137 2
339 137 2
287 137 1
2628 137 2
2286 137 2
2966 137 2
2319 137 1
1676 137 2
2 137 2
1557 138 2
2711 138 2
2689 138 2
2558 138 2
1832 138 2
2583 138 2
1807 138 2
2584 138 2
2562 138 2
2672 138 2
2563 138 2
263 138 2
334 138 2
2565 138 2
285 138 2
3199 138 2
1678 138 2
2988 138 2
245 138 2
3254 138 2
2821 138 2
259 138 2
331 138 2
2262 138 2
1759 138 2
2259 138 2
2593 138 2
1795 138 2
1685 138 1
276 138 2
275 138 2
2255 138 2
274 138 2
2301 138 2
2833 138 2
1822 138 2
2644 138 2
233 138 2
2319 139 2
3021 140 1
1829 140 1
1778 140 1
2588 140 1
2276 140 2
2287 140 2
331 140 1
2318 140 2
2544 141 1
2246 141 2
2577 141 2
1773 141 2
1761 141 1
2641 141 2
2654 141 2
1690 141 1
3254 141 2
1856 142 2
1686 142 2
1806 142 1
2932 142 2
2566 142 2
1765 142 1
1704 142 1
273 142 1
2628 142 2
1799 142 1
2317 142 2
341 143 2
2256 143 2
228 143 1
338 144 2
2598 144 2
1838 144 1
2627 144 2
1762 144 1
2557 144 2
2899 145 1
2297 145 1
2320 145 2
2690 145 1
2317 145 2
2293 145 2
2645 145 2
2718 145 2
1781 145 1
240 145 1
1741 145 2
286 145 1
237 145 2
2653 145 1
2654 145 1
1723 145 2
3010 145 2
2328 145 2
259 145 1
366 145 1
1818 145 2
1681 145 1
323 145 2
1728 145 2
1752 145 2
2641 145 1
2544 146 1
2334 146 1
2611 146 2
326 146 2
1804 148 1
2660 148 1
2243 148 1
2661 148 1
382 148 2
2303 149 2
2233 149 2
1001 149 2
2283 149 2
345 149 1
2680 151 2
2677 151 1
1739 151 2
2999 151 2
1335 223 1
1755 223 2
333 223 2
1762 223 1
2284 223 1
2706 152 1
2665 152 2
1855 153 1
279 153 1
2608 224 2
2244 224 2
337 224 2
2626 224 2
1860 224 2
1773 224 2
2722 224 2
1766 225 1
226 225 2
2264 225 2
342 227 2
2666 227 1
2636 227 2
292 227 1
1812 227 2
2589 228 2
2294 228 1
1668 155 2
296 155 1
319 155 2
1772 155 2
2321 155 1
2711 155 1
2603 155 2
2319 155 1
2679 155 1
2570 155 1
1855 155 1
340 155 1
1670 155 2
1670 155 2
2708 155 2
2587 155 2
3188 155 2
2617 155 1
2620 155 1
2 155 2
1837 229 2
2292 156 2
2645 156 2
2585 156 2
1817 156 2
370 156 2
283 156 2
305 156 2
1759 156 1
2271 156 2
1811 156 2
2294 156 2
378 157 2
277 157 2
1778 157 1
272 157 2
1789 157 2
2591 157 1
3143 158 2
2251 158 1
1773 158 2
2249 158 2
2606 158 2
1853 158 2
2719 158 2
2587 158 2
238 158 2
3188 158 2
2630 158 2
2999 158 2
224 158 2
2788 158 1
3032 158 2
1738 158 1
2591 158 2
327 158 1
2592 158 2
2678 158 1
1755 158 2
1817 158 2
2232 158 2
2598 158 2
300 158 2
360 158 1
1703 158 2
2635 159 2
1852 159 1
1692 159 1
334 159 2
333 159 2
1845 159 1
2652 161 1
1814 162 1
1720 163 2
242 163 1
2585 163 2
2648 163 1
2636 163 2
2673 163 2
361 163 1
1729 163 2
372 163 2
305 163 1
1799 163 1
1699 163 1
1816 165 1
1701 165 2
2644 165 1
1737 166 2
281 166 2
1743 168 2
2921 169 1
1772 169 1
2691 169 1
1710 169 1
1783 169 2
1830 169 2
1805 169 2
1743 169 1
276 169 2
2231 169 2
1705 169 1
2639 169 1
2616 169 2
3188 169 2
3199 169 1
1801 169 1
2656 170 2
2245 170 1
3166 170 1
1687 170 2
322 171 1
2578 171 2
1787 171 2
2533 172 2
2821 172 2
2321 172 2
2285 172 2
329 172 2
2580 172 2
2305 172 2
2668 172 1
267 172 1
1806 172 2
2234 172 2
364 172 1
1683 172 2
253 172 2
2279 172 2
2685 172 2
2642 172 2
3099 172 2
2988 172 2
2573 174 2
2282 174 2
2555 175 1
375 175 2
1742 175 2
668 175 2
1749 175 1
330 175 2
2744 175 2
2999 175 2
1820 176 2
1683 176 1
2698 176 2
1837 176 2
1751 176 1
329 176 2
2713 176 2
351 231 1
2672 231 2
1890 231 2
2262 231 1
235 231 2
2647 233 2
1827 233 1
2112 233 2
1811 233 1
1335 234 2
2681 234 2
2301 234 2
2316 235 2
2316 235 2
2323 235 2
381 235 2
381 235 2
1859 235 2
2320 235 2
2318 235 2
2557 235 2
244 235 2
243 235 2
2693 235 2
2559 235 2
1720 235 2
241 235 2
374 235 2
2697 235 2
2564 235 2
237 235 2
3232 235 2
3243 235 2
2 235 2
2327 235 2
2326 235 2
446 235 2
557 235 2
779 235 2
1737 235 2
2239 235 2
1736 235 2
2238 235 2
2567 235 2
2568 235 2
2570 235 2
2235 235 2
2571 235 2
2571 235 2
1732 235 2
2706 235 2
253 235 2
2707 235 2
2573 235 2
2612 235 2
2708 235 2
2708 235 2
2574 235 2
2575 235 2
2575 235 2
2576 235 2
2229 235 2
2229 235 2
2615 235 2
2617 235 2
2619 235 2
1224 235 2
1779 235 2
1750 235 2
2252 235 2
271 235 2
271 235 2
1749 235 2
270 235 2
1747 235 2
2248 235 2
2713 235 2
2715 235 2
2716 235 2
1784 235 2
1784 235 2
1784 235 2
2582 235 2
2583 235 2
1782 235 2
2719 235 2
2719 235 2
2720 235 2
2720 235 2
2625 235 2
1740 235 2
1739 235 2
1789 235 2
1787 235 2
2577 235 2
284 235 2
1761 235 2
1760 235 2
281 235 2
2261 235 2
2261 235 2
2589 235 2
1758 235 2
2590 235 2
2259 235 2
2594 235 2
1795 235 2
278 235 2
278 235 2
1756 235 2
1756 235 2
2634 235 2
1794 235 2
2257 235 2
2635 235 2
2597 235 2
2597 235 2
1754 235 2
2256 235 2
274 235 2
2254 235 2
2639 235 2
2639 235 2
2611 235 2
1799 235 2
1798 235 2
1798 235 2
2633 235 2
2655 235 2
2710 235 2
1774 235 2
293 235 2
2605 235 2
2606 235 2
2646 235 2
1672 235 2
2647 235 2
1671 235 2
1671 235 2
1671 235 2
1765 235 2
2649 235 2
2267 235 2
1803 235 2
2650 235 2
285 235 2
2651 235 2
2651 235 2
2651 235 2
2265 235 2
2653 235 2
2744 235 2
1677 235 2
2755 235 2
1676 235 2
2766 235 2
2799 235 2
308 235 2
308 235 2
2288 235 2
2281 235 2
2657 235 2
2658 235 2
2658 235 2
2658 235 2
340 235 2
1684 235 2
1817 235 2
339 235 2
1683 235 2
1816 235 2
1816 235 2
1682 235 2
1815 235 2
1681 235 2
2663 235 2
2833 235 2
2844 235 2
345 235 2
2877 235 2
1688 235 2
2910 235 2
319 235 2
317 235 2
314 235 2
2294 235 2
2667 235 2
354 235 2
352 235 2
1828 235 2
1694 235 2
311 235 2
2673 235 2
349 235 2
2290 235 2
2955 235 2
1701 235 2
356 235 2
3032 235 2
3032 235 2
2312 235 2
370 235 2
2311 235 2
2310 235 2
2310 235 2
327 235 2
1844 235 2
1710 235 2
1842 235 2
1842 235 2
1708 235 2
1839 235 2
2551 235 2
2551 235 2
2686 235 2
2552 235 2
226 235 2
359 235 2
2553 235 2
2554 235 2
3077 235 2
3088 235 2
3099 235 2
368 235 2
367 235 2
233 235 2
250 236 2
3199 236 2
2300 178 2
2722 178 2
3021 237 2
1779 237 2
1836 237 2
2317 237 2
1856 237 2
1820 237 1
228 237 2
287 237 1
1705 237 1
2698 237 2
298 237 2
2663 237 2
2663 237 2
1775 237 1
309 237 2
2766 237 2
2668 179 2
2596 179 2
2685 179 2
2599 179 2
2591 179 2
2281 179 1
296 180 1
2322 180 2
318 180 1
2250 180 2
317 180 1
2296 180 1
2296 180 1
2271 180 2
2557 180 2
2581 180 2
244 180 2
1744 180 2
266 180 1
2608 180 2
289 180 2
1717 180 1
239 180 2
3221 180 2
1701 180 2
246 180 1
3243 180 1
1834 180 1
3021 180 1
2810 180 2
1738 180 1
2263 180 1
2334 180 1
2238 180 2
2333 180 1
329 180 2
2260 180 1
2308 180 2
2568 180 2
2678 180 1
2569 180 2
2281 180 1
2704 180 1
1734 180 1
1734 180 1
2597 180 2
297 180 1
3066 180 2
1113 180 2
1224 180 1
1797 180 2
367 180 2
1830 181 2
2670 181 2
232 184 2
1755 184 2
263 184 1
1688 184 2
367 184 2
2888 184 1
1446 186 2
1774 186 2
1859 186 2
283 186 2
1736 186 2
1674 186 2
1783 186 2
2669 186 2
231 186 2
1843 186 2
2561 186 2
1719 186 2
2623 186 2
1742 186 2
1670 186 2
312 186 2
1840 186 2
1776 186 2
273 186 2
1703 186 2
2629 186 2
3066 186 2
2844 186 2
2633 186 2
2257 188 1
2955 188 2
2322 188 2
2689 188 1
1697 189 1
2244 189 1
1848 189 1
2955 189 1
2619 189 2
2888 189 1
1711 189 1
1711 189 1
3265 190 2
2560 190 2
2234 190 1
1767 190 1
2661 190 1
2629 190 1
2977 190 2
341 238 2
2609 238 2
363 238 2
1690 238 2
1808 192 1
2649 192 2
323 192 1
1715 192 2
1726 192 2
2966 192 2
2320 192 1
3221 192 2
2446 192 2
3143 240 2
3154 240 2
3154 240 2
248 240 2
2228 240 2
382 240 1
2323 240 2
381 240 2
2322 240 2
2321 240 2
1722 240 2
1856 240 2
2558 240 2
1721 240 2
1855 240 2
377 240 2
2560 240 2
1718 240 2
1852 240 2
1717 240 2
1851 240 2
2563 240 2
334 240 2
2564 240 2
333 240 2
2565 240 2
3232 240 2
2240 240 2
2333 240 2
2332 240 2
2701 240 2
2702 240 2
2703 240 2
2703 240 2
256 240 2
2704 240 2
2705 240 2
2571 240 2
2572 240 2
1730 240 2
2574 240 2
250 240 2
2230 240 2
2614 240 2
2576 240 2
249 240 2
2617 240 2
2618 240 2
1335 240 2
1557 240 2
1668 240 2
1668 240 2
1750 240 2
271 240 2
270 240 2
2250 240 2
2248 240 2
2712 240 2
2578 240 2
2579 240 2
2714 240 2
2715 240 2
2581 240 2
268 240 2
2716 240 2
2582 240 2
1783 240 2
1744 240 2
1781 240 2
1781 240 2
2625 240 2
261 240 2
1790 240 2
1787 240 2
2335 240 2
2335 240 2
2533 240 2
2544 240 2
2588 240 2
2599 240 2
284 240 2
284 240 2
2264 240 2
283 240 2
2261 240 2
2593 240 2
279 240 2
2595 240 2
2596 240 2
2257 240 2
1793 240 2
1793 240 2
1792 240 2
275 240 2
275 240 2
2255 240 2
2637 240 2
1751 240 2
2253 240 2
2640 240 2
2643 240 2
2611 240 2
1798 240 2
1797 240 2
2699 240 2
2275 240 2
294 240 2
293 240 2
2601 240 2
292 240 2
2271 240 2
2270 240 2
1807 240 2
2608 240 2
1672 240 2
1766 240 2
2650 240 2
2266 240 2
2266 240 2
285 240 2
2265 240 2
2722 240 2
1679 240 2
1812 240 2
2733 240 2
1810 240 2
1809 240 2
1809 240 2
2799 240 2
2286 240 2
2283 240 2
2656 240 2
2657 240 2
1818 240 2
299 240 2
2279 240 2
2664 240 2
2855 240 2
1689 240 2
1689 240 2
1821 240 2
1821 240 2
1687 240 2
2910 240 2
2921 240 2
2921 240 2
320 240 2
1836 240 2
1836 240 2
2295 240 2
1698 240 2
1698 240 2
1830 240 2
350 240 2
311 240 2
1693 240 2
2290 240 2
2289 240 2
1825 240 2
357 240 2
1700 240 2
1700 240 2
1833 240 2
3010 240 2
2303 240 2
332 240 2
332 240 2
1714 240 2
2311 240 2
1847 240 2
328 240 2
2307 240 2
325 240 2
2680 240 2
365 240 2
231 240 2
2683 240 2
362 240 2
1706 240 2
361 240 2
1705 240 2
322 240 2
1838 240 2
2552 240 2
359 240 2
2553 240 2
1703 240 2
2554 240 2
3055 240 2
3088 240 2
2228 193 1
2744 193 2
243 241 1
2788 242 2
373 243 2
282 243 2
2270 243 2
2709 245 2
2613 249 2
2233 250 2
287 250 2
321 250 2
2966 250 2
251 251 1
2278 251 1
293 251 1
2705 252 1
1719 252 2
1827 252 2
1815 252 2
2277 252 1
2977 252 1
1677 252 2
2584 195 2
335 195 2
1732 195 2
1732 195 2
2659 195 2
1704 195 1
2553 195 2
1700 195 2
1711 195 2
1832 196 2
3043 196 1
339 196 2
1706 196 2
1765 196 1
1764 196 2
316 196 2
1710 197 1
254 197 2
1805 197 1
2672 197 2
348 197 2
2300 197 2
1790 197 2
2622 197 2
2593 197 2
2899 198 2
2910 198 2
2677 198 1
2694 198 2
350 198 2
2674 198 2
2240 198 1
2285 198 2
1823 198 1
1224 198 2