1454 1
1453 1
1452 2
1451 2
1450 1
1449 1
1448 1
1457 1
1456 2
1455 2
1470 1
1466 2
1 2
1465 1
1112 2
1464 2
1463 2
2223 2
1462 1
2610 2
1461 1
2721 2
2832 2
1460 2
2943 2
1459 1
3054 2
3165 2
1468 2
1467 1
4 2
1482 1
1481 2
1478 2
1477 2
1476 2
1475 2
1474 2
1473 2
1472 2
1471 1
1479 1
1494 1
16 2
1493 1
15 1
1492 1
1490 2
12 2
1489 2
11 2
10 1
1488 2
9 1
1487 2
8 1
1486 2
1485 2
7 1
1484 2
6 1
5 1
1483 2
13 1
1506 2
28 1
1505 2
27 1
1504 2
26 2
1503 2
24 1
1501 1
23 1
22 1
1500 1
1499 2
21 2
1498 2
20 1
1497 1
19 1
18 1
1496 1
1495 1
17 2
40 1
1518 1
39 1
1517 2
1516 2
38 1
37 1
1515 1
1514 2
35 1
1512 2
34 2
33 1
1511 1
32 1
1510 2
31 1
1509 2
30 1
1508 2
1507 2
29 1
1530 1
52 1
1529 2
51 1
50 1
1528 2
1527 1
49 1
48 1
1526 1
1525 1
46 1
45 2
1523 1
44 2
1522 1
1521 1
43 1
1520 1
42 1
1519 1
41 2
1542 1
64 1
63 2
1541 1
1540 1
62 1
1539 1
61 1
1538 1
60 1
59 1
1537 1
1536 2
57 1
1534 2
56 1
1533 2
55 2
1532 1
54 1
53 1
1531 1
1554 2
76 2
75 1
1553 2
1552 2
74 1
1551 2
73 1
72 1
1550 2
1549 2
71 1
70 2
1548 2
1547 2
68 2
67 1
1545 2
66 1
1544 2
1543 1
65 1
88 1
87 2
86 1
85 2
84 1
83 2
82 1
81 1
79 1
1556 1
78 1
77 1
1555 1
92 1
100 1
99 1
98 1
97 1
96 1
95 1
94 2
93 1
90 1
89 1
104 1
103 2
112 1
111 1
110 1
109 1
108 1
107 2
106 2
105 2
101 2
1114 2
1125 2
1136 2
1147 2
1158 2
1169 2
1180 2
1191 2
1202 2
1213 2
1225 2
1236 2
1247 2
1258 2
1269 2
1280 2
1291 2
1302 2
1313 2
1324 2
1336 2
1347 2
1358 2
1369 2
1380 2
1391 2
1402 2
1413 2
1424 2
1435 2
1447 2
1458 2
1469 2
1480 2
1491 2
1502 2
1513 2
1524 2
1535 2
1546 2
1012 1
1011 2
1558 2
1569 2
1580 2
1591 2
1602 2
1613 2
1624 2
1635 2
1646 2
1657 2
1010 2
1009 2
1008 1
1007 2
1006 1
1005 1
1004 2
1003 2
1023 1
1669 2
1680 2
1691 2
1702 2
1014 2
1713 2
1724 2
1735 2
1746 2
1757 2
1768 2
1022 1
1021 1
1020 1
1019 1
1018 2
1017 2
1016 2
1015 2
1780 2
1791 2
1802 2
1813 2
1026 1
1824 2
1025 2
1835 2
1846 2
1857 2
1868 2
1879 2
1034 1
1033 1
1032 1
1031 1
1030 1
1029 1
1028 2
1027 1
1891 2
1902 2
1913 1
1924 2
1935 2
1038 1
1946 1
1037 2
1957 2
1036 1
1968 1
1979 2
1990 2
1045 1
1044 2
1043 1
1042 1
1041 1
1040 2
1039 1
2002 1
2013 2
2024 1
2035 2
2046 2
2057 1
1050 2
2068 1
1049 2
2079 2
2090 2
1048 2
1047 1
2101 2
1056 2
1055 2
1054 2
1053 2
1052 2
1051 2
2113 2
2124 2
2135 2
2146 2
2157 2
2168 2
2179 2
2190 2
1062 1
1061 2
2201 2
2212 2
1060 1
1059 2
1058 2
1067 2
1066 2
1065 2
1064 2
1063 1
1074 2
1073 2
1072 1
1071 1
1070 1
1069 2
1078 1
1077 2
1076 1
1075 1
1086 2
1085 2
1084 1
1083 1
1082 1
1081 1
1080 2
1089 2
1088 2
1087 1
1102 2
1098 1
1097 1
1096 1
1095 1
1094 1
1093 1
1092 1
1091 1
1100 1
1099 2
1110 2
1109 2
1108 2
1107 1
1106 2
1105 1
1104 1
1103 1
1111 2
1564 1
1563 1
1562 1
1561 1
1560 1
1559 2
1568 2
1567 1
1566 2
1565 1
1576 2
1575 2
1574 2
1573 2
1572 2
1571 2
1570 2
1579 2
1578 1
1577 1
1592 1
1588 1
1587 1
1586 2
1585 1
1584 1
1583 1
1582 2
1581 1
1590 1
1589 1
126 1
1604 1
1603 2
1600 1
122 1
121 1
1599 1
1598 1
120 1
119 1
1597 2
118 1
1596 1
1595 1
117 1
1594 1
116 1
1593 1
115 1
124 2
1601 2
123 1
138 2
1616 2
137 2
1615 2
1614 2
134 1
1612 2
133 2
1611 2
1610 2
132 1
131 2
1609 1
130 2
1608 1
1607 1
129 2
1606 1
128 2
127 2
1605 1
135 1
1628 1
150 2
1627 2
149 2
1626 1
148 2
1625 1
146 1
1623 2
145 2
144 1
1622 1
1621 1
143 2
1620 1
142 1
141 2
1619 2
140 1
1618 2
139 1
1617 2
1640 1
162 2
1639 1
161 1
1638 1
160 1
1637 1
159 2
1636 2
157 2
1634 1
156 1
155 1
1633 2
154 2
1632 1
153 1
1631 2
1630 2
152 2
151 2
1629 1
1652 2
174 2
1651 2
173 2
1650 2
172 1
1649 1
171 1
170 2
1648 1
1647 2
168 1
1645 2
167 1
1644 1
166 2
165 1
1643 1
1642 1
164 1
163 1
1641 1
186 2
1664 1
1663 1
185 2
184 2
1662 2
1661 1
183 1
1660 2
182 1
181 1
1659 2
1658 1
179 1
178 1
1656 1
177 1
1655 1
1654 2
176 1
175 1
1653 1
198 1
197 1
196 1
195 1
194 1
193 2
192 1
190 1
1667 1
189 1
188 1
1666 2
187 1
1665 2
210 1
209 2
208 1
207 1
206 1
205 2
204 2
203 2
201 2
200 2
199 2
214 2
222 1
221 2
220 2
219 1
218 1
217 1
216 2
215 1
212 2
211 2
223 2
2225 2
2236 2
2247 2
2258 2
2269 2
2280 2
2291 2
2302 2
2313 2
2324 2
2336 2
2347 2
2358 2
2369 2
2380 2
2391 2
2402 2
2413 2
2424 2
2435 2
2447 2
2458 2
2469 2
2480 2
2491 2
2502 2
2513 2
2524 2
2531 2
2532 2
2534 2
2535 2
2536 1
2537 2
2538 1
2539 1
2540 1
2541 1
2542 1
2543 1
2545 1
2546 1
2547 2
2548 2
2549 1
2550 2
2551 2
2552 2
2553 2
2554 2
2556 2
2557 2
2558 2
2559 2
2560 2
2561 2
2562 2
2563 2
2564 2
2565 2
2 2
113 2
224 2
335 2
446 2
557 2
668 2
779 2
890 2
1001 2
2567 2
2568 2
2569 2
2570 2
2571 2
2572 2
2573 2
2574 2
2575 2
2576 2
1113 2
1224 2
1335 2
1446 2
1557 2
1668 2
1779 2
1890 2
2001 2
2112 2
2578 2
2579 2
2580 2
2581 2
2582 2
2583 2
2584 2
2585 2
2586 2
2587 2
2224 2
2335 1
2446 2
2533 1
2544 1
2555 2
2566 2
2577 2
2588 1
2599 2
2589 2
2590 2
2591 2
2592 2
2593 2
2594 2
2595 2
2596 2
2597 2
2598 2
2611 2
2622 2
2633 2
2644 1
2655 1
2666 1
2677 1
2688 2
2699 2
2710 2
2600 2
2601 2
2602 2
2603 2
2604 2
2605 2
2606 2
2607 2
2608 2
2609 2
2722 2
2733 2
2744 2
2755 2
2766 2
2777 2
2788 2
2799 2
2810 2
2821 2
2833 2
2844 2
2855 2
2866 2
2877 1
2888 1
2899 2
2910 2
2921 1
2932 1
2944 2
2955 1
2966 2
2977 2
2988 2
2999 2
3010 1
3021 2
3032 1
3043 1
3055 1
3066 2
3077 2
3088 1
3099 1
3110 1
3121 2
3132 1
3143 2
3154 2
3166 1
3177 2
3188 2
3199 2
3210 2
3221 2
3232 2
3243 2
3254 2
3265 2
1674 2
1673 1
1672 2
1671 1
1670 2
1679 1
1678 2
1677 1
1676 2
1675 1
1686 2
1685 1
1684 2
1683 1
1682 1
1681 1
1690 1
1689 2
1688 2
1687 2
1698 2
1697 2
1696 2
1695 1
1694 1
1693 2
1692 1
1701 2
1700 2
1699 2
1714 1
1710 1
232 2
1709 2
231 2
230 1
1708 1
1707 1
229 1
228 1
1706 2
227 2
1705 1
226 2
1704 1
1703 2
235 2
1712 2
234 1
233 2
1711 1
248 2
1726 2
1725 2
1722 2
244 1
1721 1
243 1
1720 2
242 1
1719 1
241 2
1718 1
240 1
239 2
1717 1
1716 1
238 2
1715 1
237 2
246 1
245 2
1723 2
1738 1
260 1
259 1
1737 2
1736 2
256 1
1734 1
255 1
1733 2
254 1
1732 2
253 2
1731 2
1730 2
252 2
1729 2
251 2
250 1
1728 2
249 1
1727 2
257 2
272 2
1750 2
1749 1
271 1
1748 2
270 1
1747 1
268 1
1745 1
267 1
1744 2
266 1
1743 1
265 1
264 1
1742 2
263 1
1741 1
1740 2
262 1
1739 2
261 1
1762 1
284 2
283 2
1761 2
282 2
1760 2
1759 2
281 2
1758 1
279 1
278 2
1756 2
1755 1
277 2
276 2
1754 2
275 2
1753 1
1752 2
274 2
273 1
1751 1
296 1
1774 1
1773 2
295 1
294 2
1772 1
1771 1
293 2
1770 1
292 2
1769 1
290 1
1767 1
289 2
288 2
1766 1
287 1
1765 1
1764 2
286 2
285 2
1763 1
308 1
307 1
306 1
305 1
304 1
303 2
301 2
300 1
1778 1
1777 2
299 2
298 2
1776 1
297 1
1775 1
320 1
319 2
318 1
317 1
316 2
315 2
314 1
312 1
311 1
310 1
309 1
332 1
331 1
330 1
329 2
328 2
327 1
326 2
325 1
323 1
322 1
321 1
2228 1
2227 1
2226 2
334 2
333 2
2240 1
2239 2
2238 2
2237 2
2235 2
2234 1
2233 2
2232 1
2612 2
2613 2
2231 1
2230 1
2614 2
2229 1
2615 2
2616 2
2617 2
2618 2
2619 2
2620 2
2621 2
2252 2
2251 2
2250 2
2249 1
2248 2
2246 2
2245 1
2623 2
2244 1
2624 2
2243 1
2625 2
2242 1
2626 2
2241 2
2627 2
2628 2
2629 2
2630 2
2631 2
2632 2
2264 1
2263 1
2262 2
2261 1
2260 2
2259 2
2634 2
2635 2
2257 2
2636 2
2256 2
2637 2
2255 2
2638 2
2254 2
2639 1
2253 2
2640 1
2641 1
2642 2
2643 2
2276 2
2275 1
2274 1
2273 1
2272 1
2271 2
2270 1
2645 2
2646 2
2647 2
2648 1
2268 2
2649 2
2267 2
2266 2
2650 2
2265 1
2651 2
2652 1
2653 2
2654 1
2288 2
2287 2
2286 2
2285 2
2284 1
2283 2
2282 2
2281 1
2656 1
2657 1
2658 2
2659 2
2660 1
2661 1
2279 1
2662 2
2278 1
2663 2
2277 1
2664 2
2665 1
2292 1
2300 2
2299 2
2298 1
2297 1
2296 1
2295 1
2294 1
2667 1
2293 1
2668 2
2669 2
2670 2
2671 2
2672 2
2673 2
2290 1
2674 2
2675 2
2289 1
2676 2
2304 1
2303 1
2312 2
2311 1
2310 2
2309 2
2308 2
2307 1
2678 2
2306 1
2679 2
2305 1
2680 2
2681 2
2682 2
2683 2
2684 2
2685 2
2686 2
2301 1
2687 2
2316 1
2315 2
2314 2
2323 1
2322 2
2321 1
2320 2
2319 1
2689 2
2318 2
2690 2
2317 2
2691 2
2692 2
2693 2
2694 2
2695 2
2696 2
2697 2
2698 2
2328 2
2327 1
2326 2
2325 2
2334 1
2333 1
2700 2
2332 2
2701 2
2331 1
2702 2
2330 2
2703 2
2329 1
2704 2
2705 2
2706 2
2707 2
2708 2
2709 2
2711 2
2712 2
2713 2
2714 2
2715 2
2716 2
2717 2
2718 2
2719 2
2720 2
1784 2
1783 2
1782 2
1781 1
1790 2
1789 1
1788 1
1787 2
1786 2
1785 2
1796 1
1795 1
1794 1
1793 1
1792 1
1801 1
1800 1
1799 1
1798 1
1797 2
1808 2
1807 2
1806 1
1805 1
1804 1
1803 1
1812 1
1811 2
1810 1
1809 1
1820 1
342 2
1819 1
341 2
1818 2
340 2
339 2
1817 1
338 2
1816 2
337 2
1815 1
1814 1
346 1
345 1
1823 2
1822 1
344 1
1821 1
343 1
1836 2
354 1
1832 2
1831 2
353 1
1830 2
352 1
351 1
1829 1
350 1
1828 2
349 1
1827 1
1826 2
348 1
1825 2
357 1
356 1
1834 1
1833 1
355 2
370 1
1848 1
1847 2
1844 2
366 1
365 1
1843 1
1842 1
364 1
363 1
1841 1
362 2
1840 1
361 1
1839 1
1838 1
360 1
1837 2
359 2
368 1
367 2
1845 1
382 2
1860 2
381 2
1859 2
1858 1
1856 2
378 2
377 2
1855 1
376 1
1854 1
1853 2
375 1
1852 1
374 1
1851 2
373 1
1850 1
372 1
1849 1
371 1
379 2
394 1
1872 1
393 1
1871 1
1870 1
392 1
1869 1
390 1
1867 1
389 1
1866 1
388 1
1865 1
387 2
1864 1
386 1
385 2
1863 1
384 2
1862 2
383 2
1861 2
406 1
1884 1
1883 2
405 1
404 1
1882 1
403 2
1881 1
1880 1
401 1
400 2
1878 1
399 2
1877 1
398 2
1876 1
397 1
1875 1
1874 1
396 2
395 1
1873 1
418 1
417 1
416 1
415 2
414 2
412 1
1889 1
411 1
410 1
1888 1
409 1
1887 1
408 1
1886 1
407 2
1885 1
430 2
429 1
428 2
427 1
426 2
425 2
423 1
422 1
421 2
420 1
419 1
442 2
441 2
440 1
439 1
438 2
437 2
436 1
434 2
433 1
432 1
431 1
2338 1
2337 1
445 2
444 1
443 1
2350 1
2349 1
2348 1
2346 1
2345 1
2344 1
2343 1
2342 1
2723 2
2341 2
2340 2
2724 2
2339 1
2725 2
2726 1
2727 2
2728 2
2729 1
2730 1
2731 1
2732 2
2362 1
2361 2
2360 2
2359 2
2357 1
2356 1
2355 1
2354 1
2734 1
2735 2
2353 2
2736 2
2352 1
2737 2
2351 1
2738 1
2739 2
2740 1
2741 2
2742 2
2743 2
2374 2
2373 2
2372 2
2371 1
2370 1
2368 1
2745 2
2367 1
2746 2
2366 1
2747 2
2365 1
2748 2
2364 2
2749 2
2363 1
2750 2
2751 2
2752 1
2753 2
2754 2
2386 1
2385 2
2384 1
2383 2
2382 2
2381 2
2756 2
2379 1
2757 2
2758 2
2378 1
2759 2
2377 1
2376 1
2760 2
2375 1
2761 2
2762 2
2763 2
2764 2
2765 2
2398 1
2397 1
2396 1
2395 2
2394 2
2393 2
2392 1
2767 2
2768 2
2769 2
2390 1
2770 2
2389 1
2771 2
2388 1
2772 2
2387 2
2773 2
2774 2
2775 2
2776 2
2410 2
2409 2
2408 1
2407 2
2406 1
2405 1
2404 1
2403 1
2778 1
2779 1
2780 1
2781 1
2782 2
2401 1
2783 1
2784 2
2400 2
2785 2
2399 2
2786 2
2787 2
2414 1
2422 2
2421 2
2420 2
2419 1
2418 1
2417 2
2416 1
2415 1
2789 2
2790 2
2791 2
2792 1
2793 2
2794 2
2795 2
2412 1
2796 2
2411 1
2797 2
2798 2
2426 1
2425 1
2434 1
2433 1
2432 1
2431 2
2430 1
2429 1
2800 2
2428 2
2427 2
2801 2
2802 2
2803 2
2804 2
2805 2
2806 2
2807 2
2808 2
2423 1
2809 2
2438 1
2437 1
2436 2
2445 1
2444 2
2443 2
2442 2
2441 2
2811 2
2812 2
2440 2
2439 1
2813 2
2814 2
2815 2
2816 2
2817 2
2818 2
2819 2
2820 2
2822 2
2823 2
2824 2
2825 2
2826 2
2827 2
2828 2
2829 2
2830 2
2831 2
1894 1
1893 1
1892 1
1901 2
1900 1
1899 1
1898 1
1897 1
1896 1
1895 1
1906 2
1905 1
1904 1
1903 1
1912 2
1911 2
1910 1
1909 1
1908 1
1907 1
1918 2
1917 2
1916 1
1915 2
1914 2
1923 1
1922 1
1921 1
1920 2
1919 2
1930 1
452 1
451 1
1929 2
1928 1
450 1
1927 1
449 2
448 1
1926 2
1925 2
457 2
1934 2
456 2
455 1
1933 1
1932 1
454 1
453 2
1931 1
1942 1
464 1
463 1
1941 1
1940 2
462 1
461 2
1939 1
460 1
1938 1
459 2
1937 1
1936 2
468 1
1945 2
467 1
466 1
1944 1
465 2
1943 1
1958 1
1954 1
476 2
475 1
1953 1
1952 1
474 1
1951 1
473 1
1950 1
472 1
471 2
1949 2
1948 2
470 1
1947 1
479 2
478 1
1956 1
1955 1
477 1
492 2
1970 1
1969 1
1966 1
488 1
1965 1
487 1
1964 2
486 2
485 1
1963 1
1962 1
484 1
1961 2
483 1
482 2
1960 1
1959 1
481 1
490 2
1967 1
489 2
1982 1
504 2
503 1
1981 2
1980 1
500 1
1978 1
499 1
1977 1
498 1
1976 1
1975 1
497 1
496 1
1974 1
495 2
1973 1
494 2
1972 1
1971 1
493 1
501 1
1994 1
516 2
1993 1
515 1
514 1
1992 1
1991 1
512 1
1989 1
511 2
1988 1
510 2
1987 1
509 2
1986 1
508 1
1985 1
507 2
1984 1
506 2
505 1
1983 1
528 1
527 1
526 2
525 2
523 2
522 2
2000 1
521 2
1999 2
520 1
1998 2
519 2
1997 2
1996 2
518 1
517 2
1995 1
540 2
539 1
538 1
537 2
536 1
534 2
533 1
532 1
531 2
530 1
529 1
552 1
551 1
550 1
549 1
548 1
547 2
545 2
544 2
543 2
542 2
541 2
2448 1
556 1
555 1
554 1
553 1
2460 1
2459 2
2456 2
2455 1
2454 1
2453 1
2452 2
2451 1
2450 1
2834 2
2835 1
2449 2
2836 1
2837 1
2838 1
2839 2
2840 2
2841 1
2842 1
2457 2
2843 1
2472 1
2471 1
2470 1
2468 1
2467 1
2466 2
2465 2
2464 2
2845 1
2463 2
2846 1
2462 2
2461 2
2847 1
2848 1
2849 1
2850 1
2851 1
2852 1
2853 1
2854 1
2484 2
2483 2
2482 2
2481 2
2479 2
2478 2
2477 2
2476 2
2856 1
2475 2
2857 1
2858 1
2474 2
2473 1
2859 1
2860 1
2861 1
2862 2
2863 2
2864 2
2865 2
2496 1
2495 1
2494 1
2493 2
2492 1
2490 1
2867 2
2489 1
2488 2
2868 2
2487 2
2869 2
2870 2
2486 2
2485 2
2871 2
2872 2
2873 2
2874 2
2875 2
2876 2
2508 2
2507 1
2506 1
2505 2
2504 2
2503 2
2878 1
2879 2
2501 2
2500 2
2880 1
2881 2
2499 1
2498 1
2882 1
2497 1
2883 2
2884 1
2885 2
2886 1
2887 1
2520 2
2519 1
2518 1
2517 1
2516 1
2515 1
2514 1
2889 1
2890 2
2891 1
2892 2
2512 2
2893 1
2511 1
2510 2
2894 1
2895 2
2509 2
2896 2
2897 2
2898 2
2530 2
2529 2
2528 2
2527 2
2526 2
2525 2
2900 2
2901 2
2902 2
2903 2
2904 2
2905 2
2523 2
2906 2
2522 1
2521 1
2907 2
2908 2
2909 2
2911 2
2912 2
2913 2
2914 2
2915 2
2916 2
2917 2
2918 2
2919 2
2920 2
2922 2
2923 2
2924 2
2925 2
2926 2
2927 2
2928 2
2929 2
2930 2
2931 2
2933 2
2934 1
2935 1
2936 1
2937 2
2938 2
2939 1
2940 1
2941 1
2942 1
2004 2
2003 2
2012 1
2011 1
2010 1
2009 2
2008 1
2007 2
2006 1
2005 2
2016 1
2015 1
2014 2
2023 1
2022 2
2021 2
2020 1
2019 2
2018 1
2017 2
2028 2
2027 2
2026 2
2025 1
2034 2
2033 2
2032 2
2031 2
2030 2
2029 2
562 2
2040 1
561 2
2039 1
560 2
2038 1
559 2
2037 2
2036 2
568 1
2045 2
567 1
566 2
2044 1
565 2
2043 1
2042 1
564 1
563 1
2041 2
574 2
2052 1
573 1
2051 1
572 2
2050 1
2049 1
571 1
570 2
2048 1
2047 1
579 1
578 1
2056 2
577 2
2055 1
2054 2
576 1
2053 2
575 1
586 1
2064 2
2063 2
585 2
2062 1
584 2
2061 2
583 2
2060 1
582 2
2059 1
581 2
2058 2
590 1
589 1
2067 1
2066 1
588 2
587 2
2065 2
2080 2
2076 1
598 2
597 2
2075 1
596 2
2074 2
2073 2
595 1
2072 2
594 1
593 1
2071 1
2070 1
592 1
2069 2
601 2
600 2
2078 1
2077 1
599 2
2092 2
614 2
2091 2
610 2
2088 1
609 1
2087 1
608 2
2086 2
607 2
2085 1
2084 1
606 2
605 2
2083 1
604 2
2082 1
603 1
2081 2
612 2
2089 1
611 2
626 2
2104 2
2103 2
625 2
2102 2
622 2
2100 2
2099 2
621 2
2098 2
620 1
2097 2
619 1
618 1
2096 2
2095 1
617 2
616 1
2094 1
2093 2
615 1
623 1
638 2
637 2
636 1
634 1
2111 2
633 1
2110 2
632 2
2109 2
631 2
2108 2
630 2
629 1
2107 2
2106 2
628 2
627 2
2105 2
650 2
649 1
648 1
647 1
645 1
644 1
643 1
642 1
641 1
640 1
639 2
662 1
661 1
660 1
659 1
658 2
656 1
655 2
654 2
653 2
652 2
651 2
667 1
666 2
665 1
664 1
663 2
2945 1
2946 2
2947 2
2948 2
2949 2
2950 2
2951 2
2952 2
2953 2
2954 2
2956 2
2957 2
2958 2
2959 1
2960 1
2961 2
2962 2
2963 2
2964 2
2965 2
1116 2
1115 2
2967 2
2968 2
2969 2
2970 1
2971 1
2972 1
2973 1
2974 1
2975 1
2976 1
1128 1
1127 1
1126 1
1124 1
1123 2
1122 1
1121 1
2978 2
1120 1
1119 2
2979 2
2980 1
1118 2
2981 2
1117 1
2982 2
2983 2
2984 2
2985 1
2986 1
2987 1
1140 1
1139 1
1138 1
1137 2
1135 2
1134 1
1133 1
2989 1
1132 1
2990 2
2991 1
1131 1
1130 2
2992 1
2993 2
1129 2
2994 1
2995 2
2996 2
2997 1
2998 2
1152 1
1151 2
1150 1
1149 1
1148 1
1146 1
3000 2
3001 2
1145 2
1144 2
3002 1
3003 2
1143 2
1142 1
3004 2
1141 2
3005 2
3006 2
3007 2
3008 2
3009 2
1164 1
1163 1
1162 1
1161 2
1160 2
1159 1
3011 2
3012 2
1157 2
3013 2
1156 1
3014 2
1155 1
3015 2
3016 1
1154 2
3017 2
1153 2
3018 1
3019 1
3020 1
1176 1
1175 1
1174 2
1173 2
1172 1
1171 2
1170 2
3022 2
3023 2
3024 1
3025 1
1168 2
3026 1
1167 1
3027 2
1166 1
3028 1
3029 1
1165 1
3030 2
3031 1
1188 1
1187 1
1186 1
1185 2
1184 1
1183 2
1182 2
3033 2
1181 1
3034 1
3035 2
3036 1
3037 1
3038 1
1179 2
3039 2
1178 2
3040 2
3041 2
1177 1
3042 2
1192 1
1200 2
1199 1
1198 1
1197 2
1196 2
1195 1
1194 1
3044 2
1193 2
3045 2
3046 2
3047 1
3048 2
3049 1
3050 1
3051 1
1190 1
3052 1
3053 1
1189 2
1204 1
1203 2
1212 2
1211 1
1210 1
1209 1
1208 1
1207 2
1206 2
1205 2
1201 2
1216 1
1215 2
1214 2
1223 1
1222 2
1221 1
1220 1
1219 2
1218 1
1217 1
2123 2
2114 2
2122 1
2121 1
2120 1
2119 2
2118 1
2117 2
2116 2
2115 2
2126 2
2125 2
2134 1
2133 1
2132 1
2131 1
2130 2
2129 1
2128 1
2127 2
2138 1
2137 1
2136 1
2145 1
2144 2
2143 2
2142 2
2141 2
2140 1
2139 1
672 1
2150 1
2149 1
671 1
670 1
2148 1
2147 2
679 1
678 1
2156 2
2155 2
677 1
2154 1
676 2
2153 1
675 1
2152 1
674 1
2151 2
673 1
2162 2
684 2
683 1
2161 1
2160 1
682 1
681 1
2159 2
2158 1
690 1
689 1
2167 1
2166 1
688 2
687 2
2165 2
686 2
2164 2
685 2
2163 2
2174 2
696 1
695 1
2173 1
694 1
2172 2
693 1
2171 2
692 1
2170 2
2169 1
701 1
700 2
2178 1
2177 1
699 2
2176 2
698 2
697 2
2175 2
708 1
2186 1
707 1
2185 2
706 1
2184 1
705 1
2183 1
2182 1
704 2
2181 1
703 2
2180 2
712 1
711 1
2189 2
710 1
2188 2
709 1
2187 1
2202 1
720 1
2198 2
2197 2
719 1
718 1
2196 1
717 1
2195 2
716 1
2194 1
715 1
2193 1
714 1
2192 1
2191 2
723 2
722 2
2200 2
721 2
2199 1
736 2
2214 1
2213 2
2210 2
732 1
2209 2
731 2
2208 2
730 1
2207 2
729 1
2206 2
728 1
727 2
2205 2
726 2
2204 2
725 2
2203 2
734 2
2211 2
733 2
748 2
747 2
744 2
2222 1
2221 1
743 2
2220 1
742 2
2219 1
741 1
2218 1
740 2
739 2
2217 1
738 2
2216 2
737 2
2215 1
745 1
760 2
759 2
758 2
756 2
755 2
754 2
753 2
752 1
751 2
750 2
749 2
772 1
771 2
770 1
769 1
767 2
766 1
765 1
764 1
763 2
762 2
761 1
778 1
777 2
776 1
775 2
774 2
773 1
3056 2
3057 1
3058 1
3059 2
3060 1
3061 1
3062 2
3063 2
3064 2
3065 1
3067 1
3068 2
3069 2
3070 1
3071 2
3072 1
3073 2
3074 2
3075 2
3076 1
1226 2
3078 2
3079 2
3080 1
3081 2
3082 2
3083 2
3084 1
3085 2
3086 2
3087 2
1238 1
1237 1
1234 1
1233 2
1232 1
1231 2
1230 1
1229 1
3089 2
1228 2
3090 2
3091 2
1227 2
3092 2
3093 1
3094 2
3095 1
3096 2
3097 2
3098 2
1235 2
1250 2
1249 2
1248 1
1246 1
1245 1
1244 1
1243 1
3100 2
1242 2
1241 1
3101 1
3102 1
1240 2
3103 1
1239 2
3104 2
3105 1
3106 1
3107 1
3108 2
3109 2
1262 1
1261 2
1260 2
1259 2
1257 2
1256 2
1255 2
3111 2
1254 2
3112 1
3113 1
1253 2
1252 1
3114 1
3115 2
1251 1
3116 1
3117 1
3118 1
3119 1
3120 1
1274 1
1273 2
1272 2
1271 1
1270 1
3122 1
1268 1
3123 1
1267 2
1266 1
3124 1
1265 1
3125 2
3126 2
1264 1
1263 1
3127 1
3128 2
3129 1
3130 1
3131 2
1286 2
1285 1
1284 1
1283 2
1282 2
1281 2
3133 1
3134 2
3135 2
1279 2
1278 2
3136 2
3137 1
1277 2
3138 2
1276 2
3139 2
1275 2
3140 2
3141 2
3142 1
1298 1
1297 1
1296 1
1295 2
1294 1
1293 1
1292 1
3144 1
3145 2
3146 1
3147 1
1290 2
3148 2
3149 2
1289 1
3150 2
1288 2
1287 1
3151 1
3152 1
3153 1
1310 1
1309 2
1308 1
1307 1
1306 1
1305 2
1304 1
3155 2
1303 1
3156 2
3157 2
3158 2
3159 2
3160 1
1301 1
3161 2
3162 1
1300 1
3163 1
1299 1
3164 2
1314 1
1322 1
1321 1
1320 2
1319 1
1318 1
1317 1
1316 1
1315 1
1312 1
1311 1
1326 1
1325 1
1334 2
1333 2
1332 2
1331 1
1330 2
1329 2
1328 2
1327 1
1323 1
782 2
781 1
790 1
789 1
788 1
787 1
786 1
785 1
784 1
783 1
794 1
793 1
792 1
801 2
800 1
799 1
798 1
797 1
796 1
795 1
806 1
805 1
804 2
803 1
812 2
811 2
810 2
809 1
808 2
807 2
818 2
817 1
816 2
815 2
814 2
823 1
822 1
821 1
820 2
819 2
830 1
829 2
828 1
827 1
826 1
825 1
834 2
833 2
832 2
831 2
842 1
841 1
840 1
839 2
838 2
837 1
836 1
845 1
844 1
843 1
858 1
854 2
853 2
852 2
851 1
850 1
849 2
848 2
847 2
856 1
855 1
870 2
869 1
866 2
865 2
864 2
863 2
862 2
861 1
860 2
859 2
867 1
882 2
881 1
880 2
878 1
877 2
876 2
875 2
874 2
873 1
872 2
871 2
889 2
888 2
887 2
886 2
885 2
884 1
883 2
3167 2
3168 1
3169 1
3170 1
3171 1
3172 1
3173 1
3174 2
3175 1
3176 1
3178 2
3179 2
3180 2
3181 1
3182 2
3183 2
3184 2
3185 2
3186 2
3187 2
3189 2
3190 2
3191 2
3192 2
3193 1
3194 2
3195 2
3196 1
3197 2
3198 2
1348 2
1344 1
1343 1
1342 1
1341 2
1340 2
1339 2
3200 1
1338 2
1337 2
3201 2
3202 1
3203 2
3204 1
3205 2
3206 1
3207 1
3208 2
1346 1
1345 1
3209 1
1360 1
1359 2
1356 1
1355 1
1354 1
1353 1
1352 1
3211 1
1351 1
1350 1
3212 1
3213 2
1349 2
3214 2
3215 2
3216 2
3217 1
3218 2
3219 1
3220 1
1357 1
1372 2
1371 1
1370 2
1368 1
1367 2
1366 2
1365 2
3222 2
1364 1
3223 2
1363 1
1362 1
3224 2
3225 2
1361 1
3226 2
3227 2
3228 2
3229 1
3230 1
3231 2
1384 2
1383 2
1382 2
1381 1
1379 2
1378 2
3233 1
1377 1
1376 1
3234 1
1375 2
3235 2
1374 1
3236 2
3237 2
1373 2
3238 2
3239 2
3240 1
3241 1
3242 1
1396 1
1395 2
1394 2
1393 2
1392 2
1390 2
3244 1
1389 1
3245 1
1388 1
3246 2
1387 1
3247 1
1386 2
3248 1
1385 2
3249 1
3250 2
3251 1
3252 2
3253 1
1408 1
1407 1
1406 2
1405 2
1404 2
1403 1
3255 2
3256 2
1401 1
3257 2
1400 1
3258 2
1399 1
3259 2
3260 1
1398 1
3261 1
1397 1
3262 1
3263 1
3264 2
1420 2
1419 1
1418 2
1417 2
1416 1
1415 1
1414 2
3266 1
3267 2
3268 1
3269 1
3270 2
1412 2
1411 1
3271 2
1410 1
3272 2
3273 2
1409 1
3274 1
3275 2
1432 2
1431 2
1430 2
1429 2
1428 2
1427 2
1426 2
1425 2
1423 1
1422 1
1421 2
1436 1
1444 2
1443 2
1442 2
1441 1
1440 2
1439 1
1438 1
1437 2
1434 2
1433 2
1445 1
3 2
14 2
25 2
36 2
47 2
58 2
69 2
80 1
91 1
102 1
114 1
125 2
136 1
147 2
158 1
169 2
180 2
191 2
202 2
213 2
225 2
236 2
247 2
258 2
269 2
280 2
291 2
302 2
313 2
324 2
336 2
347 2
358 2
369 2
380 2
391 2
402 2
413 2
424 2
435 2
901 1
447 2
458 2
469 2
480 2
892 1
491 2
502 2
513 2
524 2
535 2
546 2
900 1
899 2
898 1
897 1
896 1
895 1
894 1
893 1
558 2
569 2
580 2
591 2
904 1
602 2
613 2
903 1
624 2
635 2
646 2
657 2
912 2
911 1
910 1
909 1
908 2
907 1
906 2
905 1
669 2
680 2
691 2
702 2
713 2
916 2
724 2
915 1
735 2
914 1
746 2
757 2
768 2
923 2
922 1
921 2
920 1
919 2
918 2
917 1
780 2
791 2
802 2
813 2
824 2
835 2
846 2
928 1
857 2
927 2
868 2
926 1
879 2
925 2
934 2
933 1
932 2
931 2
930 2
929 2
891 2
902 2
913 2
924 2
935 2
946 2
957 2
940 2
968 2
979 2
939 2
938 2
990 2
937 2
936 2
945 2
944 1
943 1
942 1
941 1
1002 2
1013 2
1024 2
1035 2
1046 2
1057 2
1068 2
1079 2
952 2
1090 2
951 2
1101 2
950 2
949 1
948 2
947 2
956 2
955 2
954 2
953 2
964 1
963 1
962 1
961 1
960 2
959 2
958 1
967 1
966 1
965 1
980 2
976 2
975 2
974 2
973 2
972 2
971 2
970 2
969 2
978 2
977 2
992 1
991 1
988 2
987 1
986 1
985 1
984 1
983 1
982 1
981 1
989 2
1000 2
999 2
998 1
997 2
996 1
995 2
994 2
993 1