248 2
1726 2
1725 2
2556 2
2557 2
2558 2
244 1
1722 2
2559 2
1721 1
243 1
2560 2
242 1
1720 2
2561 2
241 2
1719 1
2562 2
240 1
1718 1
2563 2
239 2
1717 1
2564 2
1716 1
238 2
2565 2
1715 1
237 2
246 1
2 2
1723 2
245 2
113 2
224 2
335 2
446 2
557 2
668 2
779 2
890 2
1001 2
1738 1
260 1
259 1
1737 2
1736 2
2567 2
2568 2
2569 2
2570 2
256 1
1734 1
2571 2
255 1
1733 2
2572 2
254 1
1732 2
2573 2
1731 2
253 2
2574 2
252 2
1730 2
2575 2
251 2
1729 2
2576 2
1728 2
250 1
1727 2
249 1
1113 2
1224 2
257 2
1335 2
1446 2
1557 2
1668 2
1779 2
1890 2
2001 2
2112 2
272 2
1750 2
1749 1
271 1
1748 2
270 1
1747 1
2578 2
2579 2
2580 2
2581 2
2582 2
268 1
2583 2
1745 1
267 1
2584 2
266 1
1744 2
2585 2
265 1
1743 1
2586 2
1742 2
264 1
2587 2
263 1
1741 1
262 1
1740 2
1739 2
261 1
2224 2
2335 1
2446 2
2533 1
2544 1
2555 2
2566 2
2577 2
2588 1
2599 2
1762 1
284 2
1761 2
283 2
1760 2
282 2
2589 2
1759 2
281 2
2590 2
1758 1
2591 2
2592 2
2593 2
2594 2
2595 2
279 1
2596 2
278 2
1756 2
2597 2
277 2
1755 1
2598 2
1754 2
276 2
1753 1
275 2
1752 2
274 2
273 1
1751 1
2611 2
2622 2
2633 2
2644 1
2655 1
2666 1
2677 1
2688 2
2699 2
2710 2
1774 1
296 1
295 1
1773 2
2600 2
294 2
1772 1
2601 2
1771 1
293 2
2602 2
1770 1
292 2
2603 2
1769 1
2604 2
2605 2
2606 2
2607 2
2608 2
290 1
2609 2
289 2
1767 1
288 2
1766 1
287 1
1765 1
1764 2
286 2
1763 1
285 2
2722 2
2733 2
2744 2
2755 2
2766 2
2777 2
2788 2
2799 2
2810 2
2821 2
308 1
307 1
306 1
305 1
304 1
303 2
301 2
300 1
1778 1
1777 2
299 2
1776 1
298 2
297 1
1775 1
2833 2
2844 2
2855 2
2866 2
2877 1
2888 1
2899 2
2910 2
2921 1
2932 1
320 1
319 2
318 1
317 1
316 2
315 2
314 1
2944 2
2955 1
2966 2
2977 2
2988 2
2999 2
3010 1
3021 2
3032 1
3043 1
3055 1
3066 2
3077 2
3088 1
3099 1
3110 1
3121 2
3132 1
3143 2
3154 2
3166 1
3177 2
3188 2
3199 2
3210 2
3221 2
3232 2
3243 2
3254 2
3265 2
1674 2
1673 1
1672 2
1671 1
1670 2
1679 1
1678 2
1677 1
1676 2
1675 1
1686 2
1685 1
1684 2
1683 1
1682 1
1681 1
1690 1
1689 2
1688 2
1687 2
1698 2
1697 2
1696 2
1695 1
1694 1
1693 2
1692 1
1701 2
1700 2
1699 2
1714 1
232 2
1710 1
1709 2
231 2
230 1
1708 1
1707 1
229 1
1706 2
228 1
2551 2
227 2
1705 1
2552 2
1704 1
226 2
2553 2
1703 2
2554 2
235 2
1712 2
234 1
233 2
1711 1