1592 1
1588 1
1587 1
1586 2
1585 1
1584 1
1583 1
1582 2
1581 1
1590 1
1589 1
1604 1
126 1
1603 2
1600 1
122 1
121 1
1599 1
1598 1
120 1
1597 2
119 1
118 1
1596 1
1595 1
117 1
116 1
1594 1
115 1
1593 1
124 2
123 1
1601 2
1616 2
138 2
137 2
1615 2
1614 2
134 1
1612 2
1611 2
133 2
1610 2
132 1
1609 1
131 2
130 2
1608 1
129 2
1607 1
128 2
1606 1
1605 1
127 2
135 1
1628 1
150 2
1627 2
149 2
1626 1
148 2
1625 1
146 1
145 2
1623 2
1622 1
144 1
1621 1
143 2
142 1
1620 1
141 2
1619 2
140 1
1618 2
139 1
1617 2
1640 1
162 2
1639 1
161 1
1638 1
160 1
1637 1
159 2
1636 2
157 2
1634 1
156 1
1633 2
155 1
1632 1
154 2
153 1
1631 2
152 2
1630 2
1629 1
151 2
1040 2
1039 1
174 2
1652 2
1651 2
173 2
2002 1
1650 2
172 1
2013 2
171 1
1649 1
2024 1
1648 1
170 2
2035 2
1647 2
2046 2
2057 1
1050 2
2068 1
2079 2
1049 2
2090 2
1048 2
168 1
2101 2
1047 1
1645 2
167 1
1644 1
166 2
165 1
1643 1
164 1
1642 1
163 1
1641 1
1056 2
1055 2
1054 2
1053 2
1052 2
1051 2
186 2
1664 1
2113 2
185 2
1663 1
2124 2
184 2
1662 2
2135 2
183 1
1661 1
2146 2
182 1
1660 2
2157 2
181 1
1659 2
2168 2
1658 1
2179 2
2190 2
1062 1
2201 2
1061 2
1060 1
2212 2
1059 2
179 1
1058 2
178 1
1656 1
177 1
1655 1
176 1
1654 2
175 1
1653 1
1067 2
1066 2
1065 2
1064 2
1063 1
198 1
197 1
196 1
195 1
194 1
193 2
192 1
1074 2
1073 2
1072 1
1071 1
1070 1
190 1
1069 2
1667 1
189 1
1666 2
188 1
187 1
1665 2
1078 1
1077 2
1076 1
1075 1
210 1
209 2
208 1
207 1
206 1
205 2
204 2
203 2
1086 2
1085 2
1084 1
1083 1
1082 1
1081 1
201 2
1080 2
200 2
199 2
1089 2
1088 2
1087 1
214 2
1102 2
222 1
221 2
220 2
219 1
218 1
217 1
216 2
215 1
1098 1
1097 1
1096 1
1095 1
1094 1
1093 1
1092 1
212 2
1091 1
211 2
1100 1
1099 2
1110 2
1109 2
1108 2
1107 1
1106 2
1105 1
1104 1
1103 1
223 2
1111 2
2225 2
2236 2
2247 2
2258 2
2269 2
2280 2
2291 2
2302 2
2313 2
2324 2
2336 2
2347 2
2358 2
2369 2
2380 2
2391 2
2402 2
2413 2
2424 2
2435 2
2447 2
2458 2
2469 2
2480 2
2491 2
2502 2
2513 2
2524 2
2531 2
2532 2
1564 1
2534 2
1563 1
2535 2
1562 1
2536 1
1561 1
2537 2
1560 1
2538 1
1559 2
2539 1
2540 1
2541 1
2542 1
2543 1
1568 2
1567 1
1566 2
1565 1
2545 1
1576 2
2546 1
1575 2
2547 2
1574 2
2548 2
1573 2
2549 1
1572 2
2550 2
1571 2
1570 2
1579 2
1578 1
1577 1