1447 2
1454 1
1458 2
1453 1
1469 2
1452 2
1480 2
1451 2
1491 2
1450 1
1502 2
1449 1
1513 2
1448 1
1524 2
1535 2
1546 2
1457 1
1456 2
1455 2
1012 1
1011 2
1470 1
1558 2
1569 2
1466 2
1580 2
1 2
1465 1
1591 2
1112 2
1464 2
1602 2
1463 2
2223 2
1613 2
1462 1
2610 2
1624 2
1461 1
2721 2
1635 2
2832 2
1460 2
1646 2
1459 1
2943 2
1657 2
3054 2
1010 2
3165 2
1009 2
1008 1
1007 2
1006 1
1005 1
1468 2
1004 2
1467 1
1003 2
1023 1
1482 1
4 2
1481 2
1669 2
1680 2
1691 2
1478 2
1014 2
1702 2
1477 2
1713 2
1476 2
1724 2
1475 2
1735 2
1474 2
1746 2
1473 2
1757 2
1472 2
1768 2
1471 1
1022 1
1021 1
1020 1
1019 1
1018 2
1017 2
1016 2
1479 1
1015 2
16 2
1494 1
1493 1
15 1
1492 1
1780 2
1791 2
1802 2
1813 2
12 2
1490 2
1026 1
1824 2
11 2
1489 2
1835 2
1025 2
10 1
1488 2
1846 2
9 1
1487 2
1857 2
1486 2
8 1
1868 2
7 1
1485 2
1879 2
6 1
1484 2
1483 2
5 1
1034 1
1033 1
1032 1
1031 1
1030 1
1029 1
1028 2
13 1
1027 1
28 1
1506 2
27 1
1505 2
1504 2
26 2
1503 2
1891 2
1902 2
1913 1
1924 2
1935 2
24 1
1946 1
1038 1
23 1
1501 1
1957 2
1037 2
22 1
1500 1
1036 1
1968 1
1499 2
21 2
1979 2
20 1
1498 2
1990 2
1497 1
19 1
18 1
1496 1
17 2
1495 1
1045 1
1044 2
1043 1
1042 1
1041 1
40 1
1518 1
39 1
1517 2
1516 2
38 1
37 1
1515 1
1514 2
35 1
1512 2
34 2
33 1
1511 1
32 1
1510 2
1509 2
31 1
30 1
1508 2
29 1
1507 2
1530 1
52 1
1529 2
51 1
1528 2
50 1
1527 1
49 1
48 1
1526 1
1525 1
46 1
1523 1
45 2
44 2
1522 1
43 1
1521 1
1520 1
42 1
41 2
1519 1
1542 1
64 1
63 2
1541 1
62 1
1540 1
61 1
1539 1
60 1
1538 1
59 1
1537 1
1536 2
57 1
56 1
1534 2
1533 2
55 2
54 1
1532 1
53 1
1531 1
1554 2
76 2
1553 2
75 1
74 1
1552 2
1551 2
73 1
1550 2
72 1
1549 2
71 1
1548 2
70 2
1547 2
68 2
1545 2
67 1
1544 2
66 1
1543 1
65 1
88 1
87 2
86 1
85 2
84 1
83 2
82 1
81 1
79 1
78 1
1556 1
77 1
1555 1
92 1
100 1
99 1
98 1
97 1
96 1
95 1
94 2
93 1
90 1
89 1
104 1
103 2
112 1
111 1
110 1
109 1
108 1
107 2
106 2
105 2
101 2
1114 2
1125 2
1136 2
1147 2
1158 2
1169 2
1180 2
1191 2
1202 2
1213 2
1225 2
1236 2
1247 2
1258 2
1269 2
1280 2
1291 2
1302 2
1313 2
1324 2
1336 2
1347 2
1358 2
1369 2
1380 2
1391 2
1402 2
1413 2
1424 2
1435 2