2316 1
2315 2
2314 2
1860 2
382 2
2323 1
1859 2
381 2
2322 2
1858 1
2321 1
2320 2
2689 2
2319 1
2690 2
2318 2
2691 2
2317 2
2692 2
378 2
1856 2
2693 2
377 2
1855 1
2694 2
1854 1
376 1
2695 2
375 1
1853 2
2696 2
374 1
1852 1
2697 2
373 1
1851 2
2698 2
372 1
2328 2
2327 1
2326 2
2325 2
2334 1
2333 1
2700 2
2332 2
2331 1
2701 2
2702 2
2330 2
2329 1
2703 2
2704 2
2705 2
2706 2
2707 2
2708 2
2709 2
2711 2
2712 2
2713 2
2714 2
2715 2
2716 2
2717 2
2718 2
2719 2
2720 2
312 1
311 1
310 1
309 1
332 1
331 1
330 1
329 2
328 2
327 1
326 2
325 1
323 1
322 1
321 1
2228 1
2227 1
2226 2
334 2
333 2
2240 1
2239 2
2238 2
2237 2
2235 2
2234 1
2233 2
2612 2
2232 1
2613 2
2231 1
2230 1
2614 2
2615 2
2229 1
2616 2
2617 2
2618 2
2619 2
2620 2
2621 2
2252 2
2251 2
2250 2
2249 1
2248 2
1784 2
1783 2
2246 2
1782 2
2623 2
2245 1
1781 1
2624 2
2244 1
2243 1
2625 2
2242 1
2626 2
2241 2
2627 2
2628 2
2629 2
2630 2
1790 2
2631 2
1789 1
2632 2
1788 1
1787 2
1786 2
1785 2
2264 1
2263 1
2262 2
2261 1
2260 2
2259 2
1796 1
1795 1
2634 2
1794 1
2635 2
2257 2
1793 1
2256 2
2636 2
1792 1
2637 2
2255 2
2638 2
2254 2
2253 2
2639 1
2640 1
2641 1
2642 2
2643 2
1801 1
1800 1
1799 1
1798 1
1797 2
2276 2
2275 1
2274 1
2273 1
2272 1
2271 2
2270 1
1808 2
2645 2
1807 2
2646 2
1806 1
2647 2
1805 1
2268 2
2648 1
1804 1
2267 2
2649 2
1803 1
2266 2
2650 2
2265 1
2651 2
2652 1
2653 2
2654 1
1812 1
1811 2
1810 1
1809 1
2288 2
2287 2
2286 2
2285 2
2284 1
2283 2
2282 2
2281 1
2656 1
342 2
1820 1
2657 1
1819 1
341 2
2658 2
340 2
1818 2
2659 2
339 2
1817 1
2660 1
338 2
1816 2
2661 1
2279 1
1815 1
337 2
2278 1
2662 2
1814 1
2277 1
2663 2
2664 2
2665 1
346 1
345 1
1823 2
1822 1
344 1
343 1
1821 1
2292 1
2300 2
1836 2
2299 2
2298 1
2297 1
2296 1
2295 1
2294 1
2293 1
2667 1
2668 2
354 1
1832 2
2669 2
353 1
1831 2
2670 2
352 1
1830 2
2671 2
1829 1
351 1
2672 2
1828 2
350 1
2673 2
349 1
1827 1
2674 2
2290 1
348 1
1826 2
2675 2
2289 1
1825 2
2676 2
357 1
1834 1
356 1
355 2
1833 1
2304 1
2303 1
2312 2
370 1
1848 1
2311 1
1847 2
2310 2
2309 2
2308 2
2307 1
2306 1
2678 2
2679 2
2305 1
2680 2
1844 2
366 1
2681 2
1843 1
365 1
2682 2
1842 1
364 1
2683 2
1841 1
363 1
2684 2
362 2
1840 1
2685 2
1839 1
361 1
2686 2
360 1
1838 1
2687 2
2301 1
1837 2
359 2
368 1
1845 1
367 2