114 1
125 2
136 1
147 2
158 1
169 2
180 2
191 2
202 2
213 2
225 2
236 2
247 2
258 2
269 2
280 2
291 2
302 2
313 2
324 2
336 2
347 2
358 2
369 2
380 2
391 2
402 2
413 2
424 2
435 2
901 1
447 2
458 2
469 2
892 1
480 2
491 2
502 2
513 2
524 2
535 2
546 2
900 1
899 2
898 1
897 1
896 1
895 1
894 1
893 1
1372 2
1371 1
1370 2
558 2
569 2
580 2
591 2
1368 1
602 2
904 1
1367 2
903 1
613 2
1366 2
624 2
1365 2
635 2
3222 2
1364 1
646 2
1363 1
3223 2
657 2
3224 2
1362 1
3225 2
1361 1
3226 2
912 2
3227 2
911 1
3228 2
910 1
3229 1
909 1
3230 1
908 2
3231 2
907 1
906 2
905 1
1384 2
1383 2
1382 2
1381 1
669 2
680 2
691 2
702 2
713 2
724 2
916 2
1379 2
915 1
735 2
1378 2
746 2
914 1
3233 1
1377 1
757 2
3234 1
1376 1
768 2
3235 2
1375 2
1374 1
3236 2
3237 2
1373 2
3238 2
3239 2
923 2
3240 1
922 1
3241 1
921 2
3242 1
920 1
919 2
918 2
917 1
1396 1
1395 2
1394 2
780 2
1393 2
791 2
1392 2
802 2
813 2
824 2
835 2
928 1
846 2
927 2
857 2
1390 2
3244 1
868 2
926 1
3245 1
1389 1
925 2
879 2
1388 1
3246 2
3247 1
1387 1
1386 2
3248 1
3249 1
1385 2
3250 2
3251 1
3252 2
934 2
3253 1
933 1
932 2
931 2
930 2
929 2
1408 1
1407 1
891 2
1406 2
902 2
1405 2
913 2
1404 2
924 2
1403 1
935 2
946 2
957 2
940 2
968 2
3255 2
979 2
939 2
3256 2
990 2
938 2
1401 1
3257 2
937 2
3258 2
1400 1
936 2
1399 1
3259 2
1398 1
3260 1
1397 1
3261 1
3262 1
3263 1
3264 2
945 2
944 1
943 1
942 1
941 1
1420 2
1002 2
1419 1
1013 2
1418 2
1024 2
1417 2
1035 2
1416 1
1046 2
1415 1
1057 2
1414 2
1068 2
1079 2
3266 1
952 2
1090 2
3267 2
1101 2
951 2
3268 1
950 2
3269 1
949 1
1412 2
3270 2
948 2
1411 1
3271 2
947 2
1410 1
3272 2
3273 2
1409 1
3274 1
3275 2
956 2
955 2
954 2
953 2
1432 2
1431 2
1430 2
1429 2
1428 2
1427 2
1426 2
1425 2
964 1
963 1
962 1
961 1
960 2
1423 1
959 2
1422 1
958 1
1421 2
967 1
966 1
965 1
1436 1
1444 2
980 2
1443 2
1442 2
1441 1
1440 2
1439 1
1438 1
1437 2
976 2
975 2
974 2
973 2
972 2
971 2
1434 2
970 2
1433 2
969 2
978 2
977 2
992 1
991 1
988 2
987 1
986 1
985 1
984 1
983 1
982 1
1445 1
981 1
989 2
1000 2
999 2
998 1
997 2
996 1
995 2
994 2
993 1
3 2
14 2
25 2
36 2
47 2
58 2
69 2
80 1
91 1
102 1