1350 199 1
3151 199 1
1299 199 1
808 199 2
855 199 1
3150 200 2
1284 200 2
3144 203 2
1240 203 1
3140 203 1
787 204 1
851 205 1
1299 205 1
1301 206 2
860 206 2
1263 206 2
1322 206 2
3094 206 2
837 1 1
822 1 2
1241 207 2
1314 2 1
3168 2 1
3205 2 2
3159 4 2
1309 4 2
1259 4 2
1295 5 2
1293 5 1
1344 6 1
3164 6 1
3118 6 2
823 6 2
3181 6 1
885 8 2
889 10 2
1342 10 1
827 10 1
3148 10 2
3125 10 2
848 10 1
789 10 2
3130 10 2
820 10 2
1346 10 1
3146 12 1
819 12 2
1325 15 2
1355 15 1
1254 15 2
1273 15 2
3142 15 1
3170 15 1
1268 210 2
3148 210 2
850 210 1
1249 210 2
854 211 2
1290 211 2
3203 211 2
1331 211 2
784 211 1
3098 212 2
3198 215 2
3124 215 2
3149 215 2
3214 215 2
3169 215 1
1309 216 2
3197 216 2
889 19 2
3115 19 2
3103 19 2
793 217 2
3186 218 2
785 218 1
875 22 2
1289 22 2
3180 22 2
784 22 2
876 23 2
3174 24 2
865 24 2
888 24 2
3122 24 2
1278 24 2
1289 24 1
808 24 2
3123 25 1
870 25 2
3098 25 2
3203 30 1
1239 31 1
830 32 2
1246 33 1
863 33 2
3160 33 2
3161 33 2
1348 33 2
1359 33 2
1281 33 2
1235 33 2
859 34 2
3216 34 2
786 34 2
1342 35 1
3105 35 2
3196 35 1
866 36 2
3147 36 2
1351 36 1
3200 36 1
1272 37 2
1303 37 2
1344 37 2
3156 37 2
1256 37 2
1268 37 2
852 37 2
1253 37 2
1277 37 2
3161 37 2
836 37 2
848 37 2
1287 37 2
3140 37 2
3129 37 1
799 37 2
3182 37 2
834 37 2
843 37 2
3214 38 2
1282 39 2
1327 39 2
3198 40 2
3135 40 2
884 40 2
1348 40 2
800 40 1
3131 40 2
3171 41 1
3124 42 1
3136 44 2
3137 44 1
829 45 2
828 45 2
839 45 2
3160 45 2
850 45 1
1277 45 1
1265 45 1
1251 45 2
3117 45 2
1327 45 2
867 45 1
3163 46 2
1308 46 1
1332 46 2
1318 46 1
1348 47 2
1307 47 1
3155 47 1
888 47 1
3111 47 1
1278 47 2
3137 47 1
837 47 1
1338 47 2
1252 47 1
3162 47 1
1323 47 1
3179 47 2
3204 47 1
797 47 1
845 47 1
3185 47 2
1250 47 2
1321 47 1
1296 47 1
1320 47 2
880 47 1
805 47 1
1352 47 1
850 47 1
3189 47 1
1311 47 1
3220 47 1
856 47 1
792 48 2
3158 48 1
3100 48 2
874 49 1
792 51 2
3123 52 2
1353 52 2
3153 52 2
1345 54 2
1241 55 1
3184 55 2
1325 56 1
1323 57 1
3196 58 2
1272 59 2
3217 60 1
3201 62 2
790 62 2
1304 62 1
1315 62 1
787 64 1
810 64 2
1329 64 2
3176 68 2
1300 68 2
844 68 2
862 70 2
3191 70 1
3160 71 2
1262 71 1
1266 73 2
1263 73 1
790 73 1
1333 73 2
1304 73 2
1281 76 2
794 76 2
818 76 2
817 76 2
841 76 1
815 76 1
887 76 2
814 76 1
3136 76 2
1339 76 2
1251 76 1
3120 76 1
819 76 2
1298 76 1
881 76 2
1272 76 2
1317 76 2
3211 76 1
3101 76 1
3189 76 2
1311 76 1
3128 76 2
786 76 2
809 76 1
1357 76 2
831 76 2
866 78 1
1331 78 1
851 79 1
3139 80 2
877 81 1
1248 81 1
852 82 2
1353 82 1
1288 82 2
3168 82 1
3208 82 1
1326 83 1
1286 83 1
1333 83 1
1307 83 1
1305 83 1
794 83 1
1343 83 1
1257 83 1
889 83 1
1340 83 1
861 83 1
1276 83 1
3139 83 1
3163 83 1
3178 83 1
3116 83 1
3141 83 1
3141 83 1
3119 83 1
823 83 1
823 83 1
3206 83 1
3096 83 1
3183 83 1
3183 83 1
845 83 1
3184 83 1
1345 83 1
3187 83 1
1274 83 1
858 83 1
1297 83 1
1321 83 1
1270 83 1
1246 83 1
3145 83 1
853 83 1
1268 83 1
3149 83 1
873 83 1
872 83 1
1239 83 1
1263 83 1
3215 83 1
788 83 1
812 83 1
3107 83 1
3108 83 1
3173 83 1
1350 84 2
886 87 2
3202 87 1
3129 87 2
786 87 1
3170 87 1
781 89 1
1339 90 2
1253 92 2
1251 92 1
3106 92 1
821 93 1
842 94 1
842 94 1
1356 94 1
806 94 1
806 94 2
3122 94 1
3101 94 2
1312 94 1
1360 94 2
1285 94 1
3118 94 1
3206 94 1
821 94 1
1325 96 1
1286 96 1
1283 96 2
1328 96 2
818 96 2
3133 96 1
816 96 2
859 96 2
3182 96 1
3183 96 1
1248 96 2
1294 96 1
1293 96 2
3144 96 2
782 96 2
1245 96 2
1244 96 1
875 96 2
1242 96 1
826 96 1
825 96 2
871 96 2
3192 96 2
787 96 2
3195 96 2
3197 96 2
783 96 1
1260 96 2
1341 96 2
1341 96 1
1341 96 2
3111 96 2
837 96 2
885 96 2
885 96 2
1338 96 2
1252 96 2
3162 96 2
836 96 1
1337 96 2
3202 96 1
3164 96 2
3164 96 2
3205 96 2
797 96 2
1346 96 2
796 96 2
3209 96 2
1322 96 1
1359 96 2
1271 96 2
1270 96 1
1316 96 2
1356 96 2
1267 96 2
1266 96 2
3211 96 1
1312 96 2
3127 96 2
847 96 1
3128 96 2
812 96 2
3168 96 1
3169 96 2
809 96 2
3171 96 2
3171 96 2
3220 96 2
1256 98 1
3213 98 1
3119 98 2
1257 99 2
3134 99 2
862 99 1
3193 99 2
1259 99 2
3108 99 2
1288 101 2
884 101 2
881 101 2
1262 102 1
3114 222 1
3180 222 1
3118 222 1
1337 104 2
3095 104 1
827 106 1
3205 107 2
830 109 1
3139 110 2
3114 111 1
1300 111 2
1294 111 1
3155 113 2
1252 115 1
1311 115 1
1310 115 1
1249 115 1
1261 115 2
3131 115 1
3206 115 2
871 117 2
1260 117 1
1271 117 1
3120 117 1
1279 119 2
838 119 1
860 119 2
816 123 2
3172 123 2
814 124 2
3137 124 1
3138 124 2
830 125 2
886 125 2
1334 125 2
3192 125 2
3159 126 2
860 126 2
1288 126 2
3201 126 1
3190 126 2
1293 126 1
799 127 1
3218 127 2
3195 127 2
831 127 2
863 128 1
883 128 2
3093 128 1
880 128 2
3181 128 2
811 128 2
807 128 2
3157 129 2
792 129 1
1279 129 2
825 129 2
1265 129 1
3102 129 1
3202 129 1
3204 129 1
1346 129 1
853 130 2
1266 130 1
3114 130 1
3190 130 2
789 130 1
3184 130 2
1285 132 1
3194 132 1
1354 133 1
828 133 2
1326 134 2
3175 134 1
1285 134 1
1328 134 2
3155 134 2
3133 134 1
864 134 1
815 134 2
1276 134 1
3180 134 2
800 134 1
3095 134 1
798 134 1
796 134 1
844 134 1
1298 134 2
1273 134 2
1292 134 1
1315 134 1
806 134 2
3144 134 2
829 134 1
1267 134 2
847 134 2
3128 134 2
3153 134 1
812 134 2
3107 134 2
832 134 1
862 136 2
877 137 2
1332 137 2
833 137 2
3185 137 2
1298 138 2
869 138 2
1261 138 2
1284 138 2
1281 138 2
3156 138 2
805 138 2
886 138 2
3125 138 1
1338 138 1
872 138 2
3151 138 2
1349 138 2
3103 138 1
3129 138 1
3194 138 2
834 138 2
3108 138 2
3207 138 1
3219 138 2
797 138 1
808 138 2
3185 138 2
3173 138 2
1334 140 1
1260 140 2
1282 140 2
1327 140 1
1290 141 2
1352 141 1
3094 141 2
811 141 2
815 142 2
3104 142 2
795 142 1
3111 143 1
3125 143 2
3100 144 2
849 144 2
1264 144 1
1287 144 1
870 144 2
1307 144 2
3194 144 2
820 144 2
3175 145 1
1331 145 1
1306 145 1
3133 145 1
828 145 1
852 145 2
1244 145 2
887 145 2
1351 145 1
1275 145 2
3152 145 2
3142 145 1
3096 145 2
785 145 1
3145 146 2
3151 146 1
3191 146 2
3219 146 1
1316 146 1
1314 148 1
3148 148 2
3096 148 2
3172 148 1
816 149 1
3159 149 2
3149 149 2
1357 149 2
855 149 1
3112 151 2
1257 223 2
1255 223 2
3200 223 1
1264 223 2
882 223 2
3167 223 2
799 223 1
844 223 1
3173 223 2
1355 153 1
878 224 1
1278 224 2
1290 224 1
3138 224 2
877 228 2
873 155 1
1350 155 1
1250 155 2
1333 155 1
788 155 1
855 155 1
3146 156 2
1304 156 2
3101 157 2
3167 157 2
810 157 2
3157 158 1
839 158 2
1243 158 2
826 158 2
3112 158 2
1239 158 2
1310 158 2
1297 158 2
3106 158 2
3193 158 1
1317 158 1
1235 158 2
3203 159 2
1357 159 1
1241 160 1
827 162 1
782 163 2
3094 163 2
3106 163 1
876 166 2
1308 167 1
866 169 2
865 169 2
3145 169 2
1343 169 1
3135 169 2
3161 169 2
3200 169 1
882 169 2
801 169 2
1306 169 1
818 170 2
881 170 2
1332 170 2
843 170 2
814 171 2
3215 171 2
1339 172 2
3126 172 2
3097 172 2
795 172 1
803 174 2
782 175 2
1279 175 2
851 175 1
3102 175 1
1249 175 2
1273 175 2
821 175 2
1320 230 2
3134 176 2
804 176 2
3100 176 2
3103 176 1
1345 176 1
1303 177 2
854 231 2
3176 231 1
1244 231 1
1340 231 1
836 231 1
1323 231 2
798 231 1
794 233 2
825 233 1
3181 233 1
1354 234 2
1275 234 2
795 234 1
3175 235 2
869 235 2
869 235 2
1284 235 2
1283 235 2
1330 235 2
1329 235 2
865 235 2
3135 235 2
3136 235 2
3138 235 2
1276 235 2
859 235 2
3140 235 2
3178 235 2
3095 235 2
822 235 2
3098 235 2
819 235 2
3187 235 2
1292 235 2
1292 235 2
781 235 2
3146 235 2
876 235 2
1243 235 2
874 235 2
1289 235 2
3150 235 2
872 235 2
1287 235 2
3189 235 2
3152 235 2
788 235 2
3193 235 2
834 235 2
3109 235 2
785 235 2
833 235 2
784 235 2
832 235 2
3197 235 2
1308 235 2
1344 235 2
3157 235 2
888 235 2
1342 235 2
1255 235 2
839 235 2
887 235 2
3113 235 2
1301 235 2
3115 235 2
801 235 2
3119 235 2
845 235 2
3208 235 2
3209 235 2
1322 235 2
1360 235 2
1320 235 2
1319 235 2
1319 235 2
1317 235 2
1315 235 2
805 235 2
853 235 2
804 235 2
1354 235 2
3123 235 2
803 235 2
3124 235 2
1264 235 2
3212 235 2
3127 235 2
1349 235 2
3213 235 2
3214 235 2
811 235 2
3217 235 2
3219 235 2
856 235 2
807 235 2
1253 236 2
3174 178 2
781 178 1
1242 178 2
838 178 2
826 237 1
1351 237 1
1334 237 2
790 237 2
1360 237 1
1359 237 2
3142 237 1
3131 237 2
1316 237 1
1243 179 1
1265 179 1
3198 180 2
1296 180 1
1282 180 2
1318 180 2
1328 180 2
878 180 1
1245 180 1
817 180 1
1255 180 2
803 180 1
3147 180 1
3112 180 1
3113 180 1
1240 180 2
884 180 1
1337 180 2
883 180 1
800 180 1
3109 180 2
796 180 2
783 180 1
843 180 1
867 180 2
867 180 1
882 182 1
3105 182 1
3211 183 1
1274 183 2
832 183 2
874 184 1
861 184 2
1275 184 2
3167 184 2
809 184 2
1326 186 2
1286 186 2
1261 186 2
1295 186 2
1356 186 2
3158 186 2
840 186 2
1267 186 2
849 186 2
847 186 2
3216 186 2
3218 186 2
810 186 2
3169 188 1
3186 189 1
1254 189 2
1321 189 1
1296 189 1
1330 189 2
820 189 2
3134 190 2
3122 190 2
875 190 2
3116 190 1
842 238 2
3158 238 1
1314 192 2
854 192 2
838 192 2
861 192 1
3179 192 2
1248 192 1
3204 192 2
3174 240 2
3176 240 2
870 240 2
1283 240 2
1330 240 2
1329 240 2
817 240 2
864 240 2
863 240 2
1277 240 2
3178 240 2
3093 240 2
3093 240 2
3141 240 2
3179 240 2
822 240 2
1235 240 2
3187 240 2
1250 240 2
1297 240 2
880 240 2
1295 240 2
1294 240 2
1246 240 2
878 240 2
1245 240 1
829 240 2
3147 240 2
1242 240 2
873 240 2
3102 240 2
1240 240 2
3150 240 2
871 240 2
3104 240 2
3104 240 2
3152 240 2
3190 240 2
3105 240 2
3153 240 2
789 240 2
3192 240 2
3107 240 2
3195 240 2
3196 240 2
783 240 2
831 240 2
1310 240 2
1309 240 2
1259 240 2
1306 240 2
1305 240 2
3156 240 2
793 240 2
841 240 2
841 240 2
1343 240 2
1256 240 2
840 240 2
840 240 2
1340 240 2
3113 240 2
1301 240 2
3115 240 2
3163 240 2
1299 240 2
3201 240 2
3116 240 2
801 240 2
3120 240 2
798 240 2
3207 240 2
3208 240 2
3209 240 2
1274 240 2
858 240 2
1271 240 2
1270 240 2
1318 240 2
1355 240 2
804 240 2
1353 240 2
1352 240 2
849 240 2
3126 240 2
3126 240 2
1312 240 2
3212 240 2
1349 240 2
3130 240 2
3130 240 2
3216 240 2
3170 240 2
3218 240 2
856 240 2
3172 240 2
3220 240 2
807 240 2
3182 193 2
3207 193 2
1300 242 2
3097 242 2
864 243 1
1262 243 1
883 245 2
833 248 2
3097 194 1
3215 249 2
1303 249 1
793 252 2
3212 252 1
3186 195 2
1254 195 2
858 195 1
3117 195 1
3217 195 1
3109 195 2
848 196 2
3127 196 1
3213 196 2
3117 196 2
1305 196 2
1319 197 1
3162 198 1
3191 198 2