133 199 2
1574 199 2
1584 199 1
1631 199 2
201 199 1
1614 199 2
215 199 2
1071 203 2
1103 203 1
194 203 1
218 203 1
2057 203 1
1559 204 2
207 204 1
1643 205 1
2002 205 2
1098 206 1
1612 206 2
1610 206 2
2537 206 2
190 206 2
1606 206 1
210 206 2
206 206 1
2380 207 2
184 2 2
2447 4 1
121 4 1
2458 4 2
1070 4 1
129 4 2
176 4 1
175 4 2
187 4 2
1039 4 2
2380 5 2
1592 5 1
1567 5 1
204 5 2
1050 209 2
131 209 2
187 209 1
1648 209 2
199 6 2
196 6 1
1639 7 1
2057 7 2
1564 10 2
1109 10 2
2502 10 2
1640 10 2
1102 10 2
184 10 2
2157 10 2
1634 12 2
1104 12 2
1074 13 1
2336 15 1
2247 15 1
2513 15 1
203 15 2
2269 210 2
1577 17 1
1599 211 1
2542 211 2
1572 214 2
1612 216 2
1058 216 2
1596 216 1
207 216 1
130 19 2
201 19 2
1595 19 1
1100 19 1
1060 22 1
2369 22 2
140 22 2
137 22 2
1056 22 1
220 23 2
1574 24 2
2347 24 2
1645 24 2
2502 24 2
161 24 2
2413 24 2
1650 24 2
1067 24 2
195 24 1
205 24 2
134 25 2
179 25 1
1105 25 1
1638 25 1
182 26 1
1085 32 2
1080 32 2
152 32 2
1616 32 2
116 33 2
1570 33 2
211 33 2
174 33 2
2543 33 1
1064 33 2
2179 33 2
1605 34 1
1628 34 2
196 34 2
192 34 2
1075 34 1
1595 35 2
2391 35 1
1567 35 1
2547 36 2
1640 37 2
1102 37 2
1651 37 2
196 37 2
219 37 2
181 37 2
1659 37 2
2046 37 2
1588 37 2
134 37 2
2534 37 1
1587 37 2
2201 37 2
1097 37 2
1071 37 2
1094 37 2
2538 37 2
1572 37 2
165 37 2
1629 37 1
135 37 2
1086 39 2
1104 40 1
1577 40 1
1084 41 1
176 44 2
171 44 2
1611 45 1
1575 45 2
2549 45 1
1627 45 2
1648 45 1
2447 46 2
172 46 1
1111 46 2
185 47 2
2135 47 1
204 47 2
1586 47 2
2536 47 1
2347 47 2
1082 47 1
1560 47 1
153 47 1
1105 47 1
151 47 1
2402 47 1
1604 47 1
150 47 2
1626 47 1
171 47 1
2013 47 1
219 47 1
1074 47 2
1599 47 1
145 47 2
145 47 2
1623 47 2
1598 47 1
1096 47 1
1597 47 2
2101 47 2
1645 47 2
142 47 1
1595 47 1
1093 47 1
140 47 2
163 47 1
1052 47 2
1076 47 1
123 47 1
1608 48 1
156 52 2
179 52 2
2225 52 2
2236 52 2
201 52 2
165 52 2
160 53 1
1633 55 2
1088 55 2
192 55 2
215 55 1
1633 59 1
1051 59 2
1644 60 1
2324 60 2
193 60 2
1622 62 1
1588 64 2
145 64 2
2090 64 2
160 64 1
1082 65 2
1083 70 1
162 70 1
141 71 2
1653 71 1
1649 71 1
153 72 1
1564 73 2
1619 73 1
1093 73 2
220 73 1
138 76 2
1662 76 2
183 76 1
2190 76 2
1110 76 2
2538 76 2
1560 76 1
2540 76 1
2540 76 2
2541 76 2
2435 76 2
1590 76 1
1111 76 2
198 76 2
149 76 2
173 76 2
2057 76 2
1074 76 2
1098 76 2
1623 76 1
168 76 2
1096 76 2
2458 76 2
2548 76 2
1071 76 1
2225 76 2
2236 76 2
1619 76 1
1643 76 2
1667 76 2
139 76 2
2513 76 2
2532 76 2
2313 76 2
1053 76 2
1099 76 2
2002 77 1
1062 78 2
208 78 1
1070 79 1
1605 79 1
1645 80 1
1589 80 1
1562 82 1
1609 82 2
1621 82 1
155 82 1
2550 82 1
1629 82 2
1641 82 1
1663 82 2
1052 82 2
1592 83 1
162 83 1
1587 83 1
155 83 1
2358 83 1
2358 83 1
1631 83 1
1080 83 1
214 83 1
1604 83 1
1603 83 1
1651 83 1
217 83 1
1048 83 1
1096 83 1
119 83 1
1095 83 1
1644 83 1
2480 83 1
1094 83 1
117 83 1
1594 83 1
115 83 1
1053 83 1
1614 83 1
183 83 1
2157 83 1
1658 83 1
1658 83 1
133 83 1
1109 83 1
1608 83 1
1058 83 1
1106 83 1
129 83 1
177 83 1
1655 83 1
128 83 1
1104 83 1
127 83 1
2543 83 1
1067 83 1
1066 83 1
1064 83 1
135 83 1
1111 83 1
150 83 1
148 83 1
148 83 1
1626 83 1
1072 83 1
143 83 1
1620 83 1
1618 83 1
139 83 1
2269 83 1
2291 83 1
1666 86 2
2548 87 2
118 87 2
186 87 2
1663 87 1
183 87 2
1600 88 1
1594 88 2
142 89 2
1055 89 2
200 92 2
2269 92 2
1603 92 1
1064 92 2
134 93 1
118 93 1
1607 93 1
126 93 2
137 93 1
205 93 1
1039 93 1
126 94 1
2113 94 2
1062 94 1
1073 94 2
2458 94 1
1584 94 1
1632 94 1
2491 94 2
2491 94 2
1666 94 2
151 94 2
1089 94 1
1589 94 2
1039 94 1
1075 94 2
1616 96 2
161 96 2
185 96 1
208 96 2
182 96 1
2146 96 2
181 96 1
1108 96 2
154 96 2
1632 96 1
1106 96 2
177 96 2
1559 96 2
1582 96 2
176 96 1
175 96 2
2435 96 2
1087 96 2
126 96 2
220 96 2
195 96 1
2024 96 1
192 96 2
216 96 1
1623 96 2
2547 96 1
1575 96 2
144 96 2
168 96 2
1072 96 2
167 96 2
2549 96 2
1047 96 2
1573 96 1
1620 96 2
1667 96 2
189 96 2
1618 96 2
164 96 1
115 96 2
115 96 1
2280 96 2
2524 96 2
2531 96 1
2302 96 1
1601 96 2
1051 96 2
156 99 2
120 99 2
2480 99 2
1607 99 1
210 99 1
222 99 1
221 99 2
2046 99 1
1654 100 2
1047 101 1
1643 101 2
149 101 2
2302 101 2
1649 101 1
2212 102 2
152 102 2
1656 222 1
189 222 1
221 222 1
1065 222 1
2035 222 1
222 104 1
1663 104 1
128 105 1
1629 106 1
1637 108 1
1579 109 1
175 111 2
2542 111 1
1636 111 2
1078 113 1
1050 115 1
2358 115 2
116 115 1
1639 115 2
184 115 2
218 115 1
217 115 2
1573 117 2
1092 117 1
206 117 1
1053 118 2
2546 119 1
1598 120 1
1040 122 2
1628 123 2
1626 123 1
2035 123 1
1585 124 1
1095 124 1
1642 124 1
187 124 1
1641 124 1
152 125 1
2391 125 2
2402 125 2
1084 126 2
2536 126 2
1091 126 1
2413 126 2
1603 126 2
159 126 2
218 126 2
1089 126 2
1048 127 2
1106 127 2
1618 127 2
1592 127 1
1610 128 2
1596 128 1
1654 128 1
1067 128 1
1066 128 2
1579 128 1
2068 129 1
2247 129 2
2541 129 1
1660 129 1
2079 130 2
131 130 2
2380 130 2
1103 130 1
1060 131 2
119 131 1
128 131 2
170 131 2
122 132 1
2212 132 2
1630 132 2
1054 132 2
1052 132 2
1662 133 2
203 133 2
1640 134 2
2124 134 2
1637 134 1
1661 134 1
2135 134 2
206 134 1
1062 134 2
157 134 2
2535 134 2
1059 134 2
1107 134 1
2537 134 1
200 134 2
199 134 2
1568 134 2
135 134 1
214 134 2
1649 134 2
2024 134 1
193 134 1
215 134 1
2545 134 2
2546 134 2
2079 134 2
144 134 2
119 134 2
1621 134 1
2236 134 2
2480 134 2
212 134 2
2258 134 2
2280 134 2
1077 134 2
124 134 2
123 134 1
1051 134 2
1081 135 2
1092 136 2
150 136 1
138 136 2
1559 137 2
1076 137 1
1589 137 1
194 138 2
1098 138 2
1110 138 2
2068 138 2
1576 138 2
1599 138 2
120 138 2
1108 138 2
1610 138 2
1095 138 2
1561 138 2
1560 138 2
1093 138 2
1056 138 2
1568 138 2
1605 140 1
186 140 2
1639 140 1
197 140 1
1578 140 1
1598 141 1
141 141 2
172 141 2
1601 141 2
214 142 2
2469 142 2
1571 142 2
1641 142 1
2424 142 2
203 142 2
174 143 1
197 144 1
2324 144 2
1634 145 1
131 145 2
2537 145 2
1632 145 2
1655 145 1
2302 145 2
2013 145 2
182 145 1
1100 145 1
124 145 1
1040 145 2
132 146 1
211 146 2
163 146 2
138 146 1
1614 146 2
2101 148 1
195 148 1
1625 149 1
1099 149 1
223 151 1
1636 151 2
1621 223 1
1644 223 1
216 223 2
1601 223 1
1110 153 1
1617 153 2
209 153 2
1650 153 2
1572 224 2
1581 224 2
1660 224 2
2179 224 2
157 227 2
171 227 1
146 155 1
1607 155 1
1091 155 1
172 155 1
1078 155 1
1576 156 2
1059 156 2
1609 156 2
1081 156 2
1089 156 2
149 158 1
2002 158 1
181 158 1
1658 158 1
1097 158 1
121 158 1
1586 158 2
1609 158 2
166 158 2
1583 158 1
1606 158 2
1654 158 2
151 158 2
2424 158 2
1088 158 2
1634 159 1
1562 159 1
1642 159 2
1627 159 2
1647 159 2
216 159 1
1054 162 2
211 163 1
1077 163 2
1666 164 1
2469 166 2
1075 166 1
1097 169 1
1049 169 2
1049 169 2
1563 169 1
2336 169 2
2090 169 2
1620 169 1
1664 169 2
2369 171 2
140 171 1
2391 171 2
2046 171 2
1109 172 2
1059 172 2
1107 172 2
1638 172 2
2190 175 2
178 175 2
166 175 2
1667 175 1
1665 175 1
1652 175 2
161 175 1
170 175 2
133 176 2
1083 176 1
2491 176 2
2413 176 2
197 176 1
1648 176 1
2068 231 2
1583 231 2
2532 231 2
129 234 2
162 235 2
159 235 2
207 235 2
1636 235 2
1085 235 2
1587 235 2
1084 235 2
156 235 2
1083 235 2
1585 235 2
1633 235 2
1081 235 2
2369 235 2
1080 235 2
1582 235 2
2424 235 2
1590 235 2
1087 235 2
1604 235 2
1652 235 2
222 235 2
221 235 2
2013 235 2
1647 235 2
217 235 2
122 235 2
122 235 2
1600 235 2
1049 235 2
168 235 2
1597 235 2
1597 235 2
167 235 2
2469 235 2
1094 235 2
166 235 2
117 235 2
117 235 2
1092 235 2
164 235 2
164 235 2
212 235 2
2502 235 2
1091 235 2
1593 235 2
1593 235 2
2513 235 2
2524 235 2
2531 235 2
1056 235 2
1055 235 2
1055 235 2
123 235 2
1616 235 2
1664 235 2
2113 235 2
1615 235 2
137 235 2
1661 235 2
1661 235 2
1660 235 2
2157 235 2
2168 235 2
1061 235 2
1611 235 2
1611 235 2
1108 235 2
1562 235 2
132 235 2
179 235 2
130 235 2
178 235 2
1656 235 2
1656 235 2
1655 235 2
127 235 2
1066 235 2
1566 235 2
1566 235 2
1566 235 2
1063 235 2
1628 235 2
1625 235 2
2545 235 2
146 235 2
1073 235 2
1575 235 2
1072 235 2
1622 235 2
2549 235 2
2550 235 2
2550 235 2
1571 235 2
189 235 2
2247 235 2
188 235 2
1665 235 2
1665 235 2
2280 235 2
2291 235 2
1076 235 2
1563 178 1
154 178 2
1617 178 2
2535 237 2
1048 237 2
1107 237 1
1583 237 1
199 237 2
2291 237 2
2024 237 2
190 179 1
141 179 2
2531 179 2
186 180 2
210 180 1
159 180 2
2190 180 1
157 180 2
1061 180 2
1060 180 1
178 180 2
177 180 1
1630 180 2
1581 180 1
127 180 2
1653 180 1
2402 180 2
2542 180 2
1088 180 2
194 180 1
1576 180 2
143 180 2
167 180 1
142 180 2
188 180 1
2258 180 1
1570 180 2
1617 180 2
163 180 1
2524 180 2
2532 180 2
139 182 1
2347 184 2
1069 184 2
1563 186 2
130 186 2
1581 186 2
198 186 2
2124 186 2
1625 186 2
144 189 1
1659 189 2
2545 189 2
2135 190 2
121 238 1
1582 238 2
1588 192 1
1058 192 2
1630 192 2
1606 192 2
2258 192 2
2124 192 2
1659 192 2
1579 192 1
209 240 2
209 240 2
160 240 2
1638 240 2
208 240 2
1637 240 2
204 240 2
1086 240 2
1086 240 2
1085 240 2
2336 240 2
155 240 2
1082 240 2
154 240 2
153 240 2
200 240 2
2435 240 2
1590 240 2
1087 240 2
1102 240 2
1652 240 2
173 240 2
173 240 2
1651 240 2
1650 240 2
219 240 2
170 240 2
2035 240 2
1647 240 2
1050 240 2
1600 240 2
2079 240 2
2447 240 2
2090 240 2
120 240 2
2101 240 2
1047 240 2
118 240 2
1596 240 2
165 240 2
116 240 2
1594 240 2
212 240 2
1054 240 2
1100 240 2
124 240 2
1099 240 2
1664 240 2
1615 240 2
1615 240 2
185 240 2
1662 240 2
2146 240 2
2168 240 2
2168 240 2
2179 240 2
1564 240 2
1612 240 2
2534 240 2
2201 240 2
2201 240 2
1061 240 2
2212 240 2
132 240 2
2536 240 2
1561 240 2
1561 240 2
1608 240 2
2538 240 2
1105 240 2
2539 240 2
2539 240 2
2540 240 2
1103 240 2
1653 240 2
223 240 2
1568 240 2
1065 240 2
1065 240 2
1063 240 2
1063 240 2
1565 240 2
1565 240 2
1565 240 2
1627 240 2
148 240 2
193 240 2
2546 240 2
2547 240 2
1574 240 2
1622 240 2
2548 240 2
1573 240 2
2225 240 2
1070 240 2
190 240 2
1069 240 2
1619 240 2
188 240 2
2313 240 2
2313 240 2
1078 240 2
2324 240 2
1077 240 2
1578 240 2
1578 240 2
1577 240 2
146 242 1
1040 242 2
143 243 2
1584 243 1
2113 243 2
2543 246 2
1069 248 2
2539 251 1
2534 252 1
1631 195 2
2541 195 1
1593 195 1
174 195 2
2535 196 2
223 196 2
1073 197 2
1570 197 2
2146 197 2
205 197 2
1586 198 2
1585 198 2
1571 198 2
1642 198 1
198 198 1
1567 198 1