2210 199 2
2222 199 1
755 199 2
2192 199 1
690 199 1
3073 200 2
3071 203 1
1217 203 1
2211 204 2
756 205 2
706 205 1
707 206 1
727 206 2
3041 206 2
3068 206 2
1186 206 1
700 206 2
700 206 2
1172 206 1
1218 206 1
733 206 2
3022 1 2
753 1 2
3026 1 1
2119 1 1
2162 2 2
754 2 2
3076 4 1
744 4 2
2120 4 1
701 4 1
3034 5 2
3040 5 2
3029 5 1
1174 5 2
2132 5 1
711 5 1
3078 209 2
3042 209 1
770 6 2
1171 6 1
674 6 1
3050 7 2
737 7 2
2204 10 2
2122 10 2
747 10 2
1198 10 2
3058 10 2
699 10 2
2177 10 2
3049 11 2
2144 11 2
3089 12 2
1188 12 1
2144 12 2
1216 15 1
730 15 1
1179 15 1
736 15 2
2202 15 1
697 15 2
2139 15 2
3087 15 2
2206 210 2
2206 210 2
1168 210 2
2123 210 1
761 210 2
2121 210 2
759 210 2
2142 210 2
675 210 2
2211 210 2
1181 210 1
1221 17 1
751 215 2
1218 215 1
2137 216 1
2172 216 2
3051 216 1
1179 216 1
1188 216 2
2174 19 2
2159 19 1
3090 19 2
2192 19 2
3086 19 2
695 218 1
2136 22 1
3051 22 1
738 22 2
701 22 1
1220 22 1
3063 22 2
673 22 1
720 23 1
1167 23 2
3033 23 2
2213 24 2
1183 24 2
749 26 1
1203 27 1
3056 32 2
3085 32 2
3034 33 1
2136 33 1
1195 33 1
2177 33 1
2122 34 2
719 35 1
1231 35 2
2171 35 1
1175 35 1
771 35 1
722 35 2
673 35 2
2150 36 2
2221 36 1
3039 36 2
1183 37 2
1206 37 2
2114 37 2
695 37 2
3035 37 2
3035 37 2
3047 37 2
766 37 2
2170 37 2
2205 37 2
1165 37 2
1177 37 2
2191 37 2
1189 37 2
688 37 2
3087 37 2
1203 38 1
706 38 2
679 38 1
2196 40 1
689 40 1
2177 40 1
1194 40 1
1201 41 2
712 41 1
2185 44 2
3041 44 2
756 45 2
2209 45 2
1232 45 1
1165 45 2
1173 45 2
2140 45 1
685 45 1
2217 46 1
3030 46 2
1192 47 1
3044 47 2
3047 47 2
704 47 2
775 47 2
1228 47 1
1190 47 1
3069 47 2
3070 47 1
3074 47 1
3075 47 1
685 47 2
2187 47 1
1210 47 1
769 47 1
1207 47 1
672 47 1
3034 47 1
2222 47 1
2173 47 1
2172 47 1
3036 47 1
715 47 1
1177 47 1
3082 47 1
2132 47 1
700 47 2
2178 47 1
673 47 1
697 47 2
3070 48 2
2137 52 1
763 52 2
750 52 2
1237 52 1
3072 52 2
710 52 2
2183 55 1
725 55 2
3053 55 2
2130 55 2
3065 57 1
690 59 1
769 59 1
1194 59 1
2139 59 1
743 60 2
706 60 1
734 60 1
2138 61 1
2125 62 2
1175 62 2
726 65 2
3065 67 1
2153 68 2
755 70 2
694 70 1
2169 70 1
714 70 1
1196 70 1
2149 71 1
747 71 2
2166 71 2
777 73 2
690 73 1
2127 73 2
2165 74 1
1201 75 1
1200 76 2
1219 76 2
1217 76 2
2186 76 2
3046 76 2
756 76 2
707 76 1
2183 76 1
776 76 2
703 76 2
727 76 2
750 76 2
1227 76 2
1165 76 1
1189 76 1
3053 76 2
3053 76 1
3092 76 2
3069 76 1
2121 76 1
2143 76 2
2118 76 2
2141 76 2
2163 76 2
1204 76 1
748 76 2
1183 76 2
1207 76 2
1182 76 2
2198 76 2
744 76 2
2222 76 1
2149 76 1
671 76 2
2148 76 1
2147 76 2
765 76 1
716 76 1
740 76 2
1179 76 2
3078 76 2
2178 76 2
2176 76 2
745 76 2
708 78 1
670 78 1
736 78 2
771 78 2
3072 78 1
730 79 1
689 80 1
1204 82 1
1188 82 1
1193 82 1
730 82 1
681 82 1
2171 82 1
705 82 1
2215 82 2
1201 82 2
2155 82 2
677 82 1
2117 82 1
2115 82 2
1238 83 1
2214 83 1
2162 83 1
683 83 1
683 83 1
2161 83 1
777 83 1
1231 83 1
681 83 1
3050 83 1
3052 83 1
2204 83 1
3091 83 1
2120 83 1
2118 83 1
2165 83 1
2115 83 1
748 83 1
1209 83 1
743 83 1
742 83 1
2216 83 1
738 83 1
3056 83 1
3060 83 1
3063 83 1
2175 83 1
1216 83 1
1215 83 1
1214 83 1
708 83 1
3023 83 1
3026 83 1
704 83 1
2182 83 1
3067 83 1
3069 83 1
3031 83 1
2189 83 1
672 83 1
2198 83 1
719 83 1
2196 83 1
1178 83 1
679 83 1
2155 83 1
676 83 1
3085 83 1
723 83 1
723 83 1
674 83 1
721 83 1
693 84 1
3060 84 2
1229 85 2
2181 86 1
717 87 2
2182 87 1
2158 87 1
1173 87 2
3062 88 2
3050 89 1
3090 90 2
1182 90 2
2187 90 1
3022 92 2
696 92 1
2161 92 1
727 92 2
3081 92 2
699 92 2
3075 92 2
2174 93 2
677 93 2
2150 94 1
2220 94 1
741 94 1
751 94 2
3059 94 1
712 94 1
686 94 1
710 94 1
1238 96 2
736 96 2
1199 96 2
1199 96 2
732 96 1
2158 96 2
3089 96 1
2120 96 2
2119 96 2
686 96 2
2164 96 2
2115 96 2
685 96 2
1206 96 2
2126 96 2
741 96 1
2170 96 2
738 96 2
3057 96 2
3057 96 1
3061 96 2
2128 96 2
760 96 2
1173 96 1
1172 96 1
1219 96 2
2186 96 2
3024 96 2
2184 96 1
753 96 2
703 96 2
750 96 2
2142 96 2
2189 96 2
2188 96 2
2202 96 1
1185 96 2
769 96 2
720 96 1
2149 96 1
671 96 1
718 96 2
766 96 2
3037 96 2
765 96 1
765 96 2
3038 96 1
2193 96 2
3079 96 2
2191 96 2
2191 96 2
761 96 1
3082 96 2
2154 96 2
3085 96 2
2151 96 2
721 96 1
1216 97 1
2205 97 2
771 97 2
695 99 1
3036 99 1
764 99 2
2133 99 1
1221 102 2
2169 220 1
3039 221 1
2210 222 1
751 222 1
2192 222 1
3064 103 2
3083 103 2
1215 104 2
2209 104 2
2166 104 1
675 104 1
1192 106 2
3024 106 1
749 106 2
2144 106 2
697 106 2
718 109 2
3079 109 1
2145 111 1
711 111 1
2129 111 1
1214 113 2
1186 114 1
2220 115 2
2219 115 1
705 115 1
1167 115 1
725 115 2
3082 115 2
2140 115 1
1227 116 2
2116 116 1
3023 118 2
1174 118 2
1181 118 1
1222 120 2
3029 123 2
745 123 1
3031 124 1
2165 124 2
675 124 1
3061 124 1
764 125 2
2217 125 2
770 125 1
3074 125 2
1204 126 2
2185 126 2
3090 126 2
734 126 2
2195 127 2
2193 127 1
731 128 1
2195 128 2
3038 128 1
3039 128 2
2145 128 1
2119 128 2
2173 129 1
719 129 1
2147 129 2
728 129 1
2202 129 1
2143 129 1
3075 129 1
1232 130 1
2169 130 2
774 130 2
698 130 2
1234 131 1
2195 131 2
3091 131 2
722 131 2
684 132 1
731 132 2
3028 132 1
2214 132 1
774 133 2
3071 133 2
1196 134 2
2114 134 2
755 134 2
2208 134 1
777 134 1
729 134 2
2206 134 2
3028 134 1
3052 134 1
3067 134 1
2167 134 1
2166 134 2
1185 134 2
1184 134 1
2221 134 2
694 134 2
2220 134 2
2147 134 2
740 134 2
764 134 1
3080 134 1
678 134 2
3059 134 2
3084 134 2
2154 134 1
2128 134 1
2152 134 2
2200 134 1
3063 134 2
2117 135 2
1234 136 2
2183 136 1
3028 136 1
2133 136 2
1193 136 2
762 137 2
2216 137 2
2156 137 2
3045 137 2
1226 138 2
2214 138 2
1199 138 2
770 138 2
1171 138 2
767 138 2
671 138 2
2171 138 2
753 138 2
2158 138 2
726 138 2
1177 138 2
2215 138 1
3083 138 2
2164 138 2
698 138 2
2175 138 2
2211 138 2
739 139 1
758 139 2
2199 140 1
1215 141 2
741 141 2
763 141 2
3041 141 1
2138 142 1
1233 142 1
767 142 2
678 142 1
2208 143 2
3044 144 2
3064 145 1
1192 145 1
772 145 1
2213 145 1
718 145 2
739 145 2
762 145 2
3079 145 1
3042 145 2
2132 145 1
2143 145 2
2178 145 1
3073 145 2
2184 146 1
1211 146 1
2181 148 1
3029 148 1
2153 148 1
2153 148 1
2197 149 2
715 149 1
2156 149 2
1232 223 2
687 223 2
2161 153 2
3037 153 2
1178 153 2
687 153 2
754 224 1
3025 224 2
752 224 2
1228 224 2
1233 225 2
2137 227 2
1184 227 1
674 227 1
2200 227 2
2175 227 2
677 154 2
748 155 2
1193 155 1
708 155 1
720 155 2
3049 155 1
728 155 1
692 155 1
2170 155 1
740 155 1
3092 155 1
2167 155 1
2129 155 1
723 155 2
3046 156 2
1190 156 2
1223 156 1
1223 156 2
2140 156 2
2152 156 2
2138 157 2
683 157 2
759 157 2
696 158 2
3024 158 1
729 158 2
3027 158 1
1166 158 1
2180 158 2
1208 158 1
709 158 2
709 158 1
3076 159 1
3058 159 1
3061 159 1
2176 162 2
3048 163 2
3070 163 2
714 164 1
2187 166 2
1186 168 2
2196 169 1
3092 169 2
2134 169 2
3081 169 2
676 169 2
2180 170 1
752 171 1
1196 171 2
2129 171 1
696 172 1
2136 172 1
3026 172 2
760 172 2
1226 172 2
676 172 2
1170 172 2
2151 172 2
2159 175 1
3045 175 2
1230 176 1
2188 176 2
2173 177 1
3040 177 1
3081 231 2
2114 233 2
778 233 1
754 233 1
703 233 2
1184 233 1
1238 235 2
1200 235 2
2213 235 2
1195 235 2
1234 235 2
3047 235 2
778 235 2
778 235 2
2160 235 2
2160 235 2
682 235 2
682 235 2
1231 235 2
681 235 2
2207 235 2
729 235 2
776 235 2
776 235 2
1230 235 2
728 235 2
1229 235 2
1229 235 2
2205 235 2
1190 235 2
726 235 2
1227 235 2
2167 235 2
688 235 2
2163 235 2
733 235 2
1203 235 2
1212 235 2
1212 235 2
1211 235 2
1207 235 2
1206 235 2
1205 235 2
2126 235 2
2174 235 2
2125 235 2
743 235 2
694 235 2
693 235 2
693 235 2
692 235 2
2218 235 2
2217 235 2
737 235 2
3056 235 2
2134 235 2
2134 235 2
3057 235 2
2133 235 2
3058 235 2
2131 235 2
2130 235 2
2130 235 2
2127 235 2
3065 235 2
1214 235 2
760 235 2
1223 235 2
1222 235 2
1222 235 2
758 235 2
1170 235 2
1218 235 2
3023 235 2
707 235 2
2185 235 2
2184 235 2
3025 235 2
1168 235 2
704 235 2
1166 235 2
3068 235 2
3030 235 2
3031 235 2
2145 235 2
3072 235 2
2189 235 2
2139 235 2
709 235 2
3076 235 2
772 235 2
1187 235 2
1185 235 2
672 235 2
3035 235 2
2197 235 2
3036 235 2
2148 235 2
2148 235 2
717 235 2
717 235 2
3038 235 2
2194 235 2
2193 235 2
3040 235 2
3080 235 2
3080 235 2
3042 235 2
3086 235 2
2152 235 2
722 235 2
721 235 2
2199 235 2
3037 236 1
747 236 1
2160 178 1
749 178 2
679 178 1
670 237 1
2207 237 2
3025 237 1
2204 237 2
678 237 2
1197 237 2
1197 237 2
2118 237 2
2117 237 2
1219 237 2
1205 237 2
745 237 2
758 180 2
3033 180 2
2126 180 2
684 180 2
732 180 1
744 180 2
731 180 2
2221 180 1
2159 180 2
739 180 2
774 180 2
3067 180 1
3091 180 1
2215 180 1
701 180 1
3084 180 2
2141 180 2
2116 180 2
710 180 1
3087 180 2
2151 180 2
2199 180 1
1189 183 2
2198 184 2
1220 184 1
1182 184 2
3089 186 1
1198 186 2
1208 186 2
2141 186 2
705 188 2
3051 189 1
773 189 2
2163 189 2
3022 190 2
732 190 1
1233 190 2
1167 190 1
1230 238 1
3046 192 2
2128 192 1
2123 240 2
2123 240 2
1200 240 2
1237 240 2
1198 240 2
1197 240 2
3044 240 2
3045 240 2
2162 240 2
2210 240 2
3048 240 2
3048 240 2
2208 240 2
3049 240 2
2207 240 2
775 240 2
775 240 2
1228 240 2
3052 240 2
773 240 2
773 240 2
2203 240 2
2203 240 2
725 240 2
2122 240 2
2121 240 2
689 240 2
688 240 2
687 240 2
2164 240 2
686 240 2
734 240 2
733 240 2
1212 240 2
1211 240 2
1210 240 2
1210 240 2
1209 240 2
1209 240 2
1208 240 2
1205 240 2
2125 240 2
2172 240 2
742 240 2
742 240 2
2219 240 2
692 240 2
2218 240 2
2216 240 2
2131 240 2
2131 240 2
3060 240 2
699 240 2
3062 240 2
3062 240 2
2176 240 2
2127 240 2
3064 240 2
1175 240 2
759 240 2
1221 240 2
1220 240 2
1171 240 2
1170 240 2
2186 240 2
2182 240 2
752 240 2
3027 240 2
3027 240 2
2181 240 2
1166 240 2
3068 240 2
3030 240 2
712 240 2
2188 240 2
1226 240 2
772 240 2
1187 240 2
3033 240 2
2150 240 2
2197 240 2
767 240 2
766 240 2
2194 240 2
716 240 2
715 240 2
763 240 2
3078 240 2
1178 240 2
714 240 2
762 240 2
2156 240 2
3083 240 2
3084 240 2
2154 240 2
3086 240 2
2200 240 2
684 242 2
761 242 2
1237 243 1
1174 243 2
2142 243 2
3073 243 2
711 243 1
3059 246 1
3074 246 2
698 248 2
2116 194 1
737 250 1
1194 251 2
2219 252 1
2194 252 2
2218 252 2
1187 252 2
682 195 2
3071 195 2
1195 195 1
1217 195 1
2209 196 1
2155 196 1
1172 196 1
670 197 1
1168 198 2
716 198 1
2180 198 1
2203 198 2
1181 198 1