2368 199 1
2805 199 2
2363 199 1
2362 199 1
1895 199 1
1877 203 1
2360 203 2
2372 203 2
450 204 1
1889 205 1
2339 205 1
2750 205 2
1866 206 2
1866 206 2
1888 206 1
2773 206 2
439 206 2
2443 206 2
1897 206 1
2812 206 2
2406 2 1
2731 2 2
421 208 1
2808 208 2
2353 4 2
2341 4 2
2786 4 2
2751 4 2
1895 4 1
2811 5 2
2814 209 2
1849 209 1
2405 209 2
2428 209 1
2356 6 1
2783 6 2
2363 6 2
1872 6 2
2392 7 2
417 8 2
2822 9 1
2778 10 2
2771 10 2
2748 10 2
430 10 1
1901 10 2
2775 10 2
2372 10 2
1870 10 2
2729 10 2
2439 10 1
1906 12 2
2346 15 1
2365 15 2
2796 15 2
2761 15 2
2742 15 2
1894 210 2
2779 210 1
1917 210 1
2400 210 2
2822 210 2
2381 210 2
1919 210 2
2789 211 2
385 215 2
2376 215 1
2409 215 2
430 19 2
2751 19 2
2764 20 2
1878 22 1
1869 22 2
2416 22 1
431 23 1
2830 24 2
440 24 2
2440 24 2
1849 32 1
1861 32 2
2763 32 2
2395 32 2
2778 33 1
2746 33 2
2423 33 1
1900 33 2
1923 33 1
2430 33 1
2393 33 2
389 34 2
2767 34 1
2736 34 2
2797 34 2
2730 34 1
2812 34 2
2772 35 2
2411 35 1
439 35 1
2407 37 2
1916 37 2
1877 37 2
2757 37 2
2781 37 2
1876 37 2
445 37 2
2783 37 2
2807 37 2
1850 37 2
420 37 2
444 37 2
2376 37 2
371 37 2
2397 37 2
2370 37 1
2392 37 2
1906 37 2
2814 37 2
2768 37 2
411 37 2
1864 37 1
2770 37 2
1885 37 2
2725 37 2
2727 37 2
2423 38 2
2409 38 1
2767 40 1
2356 41 1
1904 41 1
2737 41 2
2825 43 1
1876 44 2
452 45 1
396 45 1
2383 45 2
2415 45 2
2826 46 1
1850 46 2
2337 46 2
2801 46 2
405 47 1
1883 47 1
2337 47 1
403 47 1
427 47 1
1880 47 1
2823 47 1
2404 47 2
1894 47 2
2827 47 2
1917 47 2
2780 47 1
1914 47 2
2831 47 1
1874 47 1
443 47 1
2423 47 1
1900 47 1
1922 47 1
2374 47 2
2371 47 1
1867 47 1
2368 47 1
2816 47 2
387 47 2
2390 47 1
385 47 2
2389 47 1
2795 47 2
384 47 2
2748 47 1
431 47 1
2387 47 2
2726 47 1
2731 47 1
2815 52 2
2434 52 2
404 52 1
1912 52 2
2431 52 2
2823 52 1
450 55 1
2366 55 1
433 55 1
2364 55 2
2820 55 2
2737 55 1
394 55 1
2750 55 2
392 55 1
2348 55 1
2371 55 1
2393 55 2
397 56 2
1869 57 1
418 58 2
2426 59 1
434 59 2
2770 60 2
414 60 2
2756 62 2
2773 62 2
2361 62 2
417 62 2
423 64 2
393 64 1
387 65 1
2388 65 2
1888 67 2
2364 68 2
2445 68 2
2779 70 1
2377 70 2
416 70 1
1922 70 1
1861 71 2
1865 72 1
2379 73 2
2724 73 2
1882 73 2
1900 73 1
2361 74 2
403 76 2
425 76 2
2428 76 2
2800 76 2
2829 76 2
2379 76 2
2378 76 2
396 76 2
2760 76 2
371 76 1
1873 76 1
2739 76 2
1898 76 2
1919 76 2
418 76 1
441 76 2
2373 76 2
2444 76 2
2444 76 2
414 76 2
438 76 2
437 76 2
2811 76 2
2392 76 1
2813 76 2
389 76 1
411 76 1
2745 76 2
1927 76 1
410 76 2
410 76 1
409 76 2
2365 76 1
408 76 2
2754 76 2
2362 78 1
2357 79 2
1921 79 1
2349 81 1
1905 82 1
2804 82 2
2436 82 2
421 82 1
2401 82 2
445 82 2
2340 82 1
419 82 2
1870 82 2
2408 82 2
2430 82 2
2743 82 2
430 83 1
2338 83 1
428 83 1
2360 83 1
426 83 1
425 83 1
1918 83 1
401 83 1
2357 83 1
1893 83 1
1893 83 1
2804 83 1
1916 83 1
2355 83 1
2735 83 1
444 83 1
2784 83 1
1873 83 1
2375 83 1
2761 83 1
2399 83 1
2763 83 1
2436 83 1
2374 83 1
2422 83 1
2373 83 1
438 83 1
2394 83 1
2346 83 1
1906 83 1
1930 83 1
2345 83 1
388 83 1
412 83 1
1865 83 1
2343 83 1
2367 83 1
2793 83 1
386 83 1
1864 83 1
2390 83 1
2390 83 1
1863 83 1
2389 83 1
432 83 1
2724 83 1
2412 83 1
2774 83 1
2774 83 1
2400 84 1
392 84 1
2419 84 1
2441 84 2
2826 87 2
2338 87 1
2418 87 1
1914 88 2
409 88 2
2398 88 2
393 89 1
421 90 2
405 90 1
2776 90 2
2803 92 2
1915 92 2
2795 92 1
2724 92 1
422 93 1
2819 93 1
2349 94 1
2432 94 1
2359 94 2
1881 94 1
2827 94 2
2815 94 2
2756 94 2
412 94 1
1903 94 1
2399 94 2
2728 94 2
1910 94 1
2743 94 1
1907 94 1
2360 96 1
2826 96 2
2828 96 2
2355 96 1
422 96 2
2782 96 2
2352 96 2
2784 96 1
2351 96 2
2399 96 2
1899 96 2
1899 96 2
1898 96 2
1872 96 2
2421 96 1
2420 96 2
1869 96 2
436 96 1
2789 96 2
2791 96 2
2368 96 2
2793 96 2
2793 96 2
2366 96 2
2794 96 1
2412 96 1
1861 96 1
2749 96 2
2752 96 2
2752 96 2
2752 96 2
2754 96 2
1910 96 2
2386 96 2
2433 96 2
2384 96 1
1881 96 2
2756 96 2
2805 96 2
2806 96 2
1875 96 2
1875 96 2
1874 96 2
2760 96 2
1873 96 2
2397 96 2
2397 96 2
2395 96 2
2344 96 2
1889 96 2
449 96 2
1885 96 1
2725 96 2
2731 96 2
2732 96 2
2357 99 1
2759 99 1
2362 99 1
2723 100 2
2417 100 2
2818 101 2
2385 101 2
2741 101 2
399 219 2
2400 102 2
412 220 2
2734 222 1
1884 103 2
2792 104 1
2794 104 2
2396 104 1
1874 105 2
2403 106 1
2803 107 2
1889 111 2
403 111 1
1909 111 1
451 113 1
2805 113 1
399 115 2
1915 115 2
2343 115 1
2817 115 2
2412 115 1
2798 115 1
1912 115 2
1896 115 1
1917 118 1
2813 118 2
2790 119 2
1887 119 1
395 120 2
2371 120 1
1905 123 2
411 123 2
2438 124 1
2828 124 2
2760 124 2
2782 125 1
2807 125 2
2420 125 1
440 125 1
2406 125 2
2824 125 2
389 126 1
1927 126 2
2377 126 1
2786 127 2
2445 127 1
2743 127 2
2824 127 2
1893 128 1
422 128 2
398 128 1
2796 128 2
407 128 1
2738 128 2
1901 128 1
2728 128 2
2765 128 2
2370 128 1
2428 128 2
2825 128 2
1928 129 1
407 129 2
436 129 2
423 130 1
2818 130 2
1863 130 1
2764 130 2
2817 131 2
2443 131 2
1922 131 1
2798 132 2
417 132 1
2443 132 2
2382 132 2
2418 132 1
2346 133 2
2341 133 2
2398 133 1
2425 134 1
2407 134 2
2381 134 2
2404 134 2
2427 134 2
1918 134 2
2356 134 2
2758 134 2
397 134 1
420 134 1
2737 134 2
2739 134 2
2739 134 2
2787 134 2
1919 134 2
2437 134 1
415 134 2
2419 134 1
2393 134 2
2440 134 1
2439 134 2
2813 134 2
1928 134 2
2816 134 2
449 134 2
434 134 2
2723 134 2
2819 134 2
438 135 2
1862 136 2
2727 136 2
2831 137 1
418 137 2
442 138 2
2361 138 2
426 138 2
2405 138 1
2440 138 2
2439 138 2
390 138 1
2779 138 2
1904 138 2
2745 138 2
1865 138 2
2769 138 2
2354 138 2
2746 138 2
2831 138 2
420 138 2
2363 138 2
2797 138 2
2411 138 1
2738 138 2
2775 138 2
2753 138 2
1908 138 2
1920 138 2
1850 139 2
400 140 2
383 140 1
1923 140 1
2395 140 2
1866 141 2
2342 141 2
2375 141 2
429 141 1
2437 142 1
1878 142 1
1911 142 2
2753 142 2
2797 144 2
429 144 1
390 145 2
1905 145 1
2437 145 2
410 145 1
1872 145 2
406 145 1
2386 145 1
2422 145 2
1899 145 1
2430 145 1
1909 145 2
1896 145 1
2815 146 1
439 146 1
1910 146 2
2403 146 1
2778 147 1
1908 147 2
451 148 1
2781 148 1
408 148 1
395 148 1
2726 148 2
1928 149 1
1886 149 1
2785 149 2
394 149 1
2825 149 2
2410 223 2
1882 223 2
2742 223 2
434 153 2
1887 153 2
2802 224 1
2806 224 1
1914 224 2
1880 224 1
2417 224 2
428 225 1
2745 226 2
2339 226 2
2342 227 1
2429 227 1
386 154 2
390 155 1
401 155 1
385 155 1
371 155 1
1884 155 1
2350 155 1
2726 155 1
2421 155 1
2404 155 1
1929 156 2
1929 156 2
2792 156 1
2751 156 2
399 157 2
2758 157 1
2748 157 2
1883 157 2
1892 158 2
388 158 1
2816 158 2
397 158 2
2759 158 2
2771 158 1
2339 158 2
2398 158 2
2417 158 2
2441 158 1
2401 159 1
2772 159 2
419 159 1
2801 159 1
2781 163 1
1887 163 2
2422 163 2
442 163 1
2787 163 2
2431 163 2
387 166 2
2747 167 2
2427 167 2
1877 168 2
2817 169 2
2808 169 2
2785 169 2
1923 169 1
2370 169 1
2431 170 2
2765 170 2
401 171 1
429 171 2
2408 171 1
416 171 1
1896 171 1
2438 172 2
2814 172 2
433 172 2
2784 172 1
432 172 2
1886 172 2
2822 172 2
2429 172 2
436 172 2
1907 172 2
2803 174 2
1916 174 1
2389 174 1
2385 174 2
2425 175 2
2436 175 2
2377 175 2
2364 175 2
2350 175 1
2759 176 2
2418 176 1
2740 231 2
2765 231 2
2730 232 2
1897 232 2
2432 233 1
2776 233 2
379 233 1
2359 235 2
2359 235 2
2823 235 2
1892 235 2
2829 235 2
2734 235 2
2354 235 2
2830 235 2
2353 235 2
2735 235 2
2352 235 2
1849 235 2
2351 235 2
2738 235 2
2741 235 2
2742 235 2
1897 235 2
1895 235 2
2374 235 2
393 235 2
1871 235 2
2373 235 2
392 235 2
1867 235 2
388 235 2
1904 235 2
2367 235 2
1903 235 2
2747 235 2
384 235 2
383 235 2
383 235 2
2750 235 2
1912 235 2
1911 235 2
1911 235 2
1908 235 2
1884 235 2
2385 235 2
1882 235 2
2383 235 2
1878 235 2
2379 235 2
1915 235 2
2758 235 2
396 235 2
395 235 2
2761 235 2
2762 235 2
2763 235 2
2764 235 2
1921 235 2
1920 235 2
1920 235 2
2396 235 2
415 235 2
2768 235 2
2769 235 2
1888 235 2
2388 235 2
2772 235 2
407 235 2
2776 235 2
2410 235 2
2407 235 2
2780 235 2
423 235 2
2401 235 2
2785 235 2
2787 235 2
2414 235 2
2414 235 2
442 235 2
441 235 2
440 235 2
2420 235 2
2419 235 2
437 235 2
2789 235 2
2790 235 2
2792 235 2
2411 235 2
2798 235 2
2426 235 2
2426 235 2
2425 235 2
2434 235 2
2337 235 2
2800 235 2
2427 235 2
2801 235 2
2802 235 2
445 235 2
2807 235 2
444 235 2
443 235 2
2350 235 2
2445 235 2
2348 235 2
2442 235 2
2812 235 2
2345 235 2
2818 235 2
2819 235 2
2340 235 2
2820 235 2
2727 235 2
2732 236 1
1903 178 2
1863 178 1
2376 178 1
1930 237 2
2770 237 2
1862 237 1
2740 237 1
427 237 1
2403 237 1
1927 179 1
2394 179 2
2414 180 1
1871 180 1
405 180 2
2384 180 1
2383 180 2
433 180 1
2353 180 2
2735 180 2
432 180 1
2340 180 2
2820 180 2
2773 180 2
2387 180 1
379 180 2
379 180 2
2729 182 1
2378 183 2
2341 183 2
2749 183 2
2780 184 1
450 184 2
2808 184 2
2351 184 2
2408 184 1
1898 184 1
2433 186 2
2349 186 2
427 186 2
1880 186 2
2381 186 2
1918 186 2
2767 186 2
2794 186 2
2783 186 2
384 186 2
2725 186 2
2730 186 2
1907 186 2
1929 188 2
2386 188 1
2791 189 1
2366 189 1
404 189 1
2740 189 1
2348 189 1
2415 189 1
1894 238 1
452 192 1
2768 192 2
2771 192 2
1870 192 1
2728 192 1
425 192 2
1876 239 2
415 239 1
2441 239 2
2410 240 2
428 240 2
426 240 2
2406 240 2
2405 240 2
2824 240 2
2827 240 2
2828 240 2
1892 240 2
2355 240 2
2734 240 2
2830 240 2
2352 240 2
2736 240 2
2786 240 2
1901 240 2
2741 240 2
394 240 2
1871 240 2
2421 240 2
437 240 2
2416 240 2
2416 240 2
2790 240 2
1867 240 2
2791 240 2
2367 240 2
386 240 2
2746 240 2
2747 240 2
2795 240 2
1862 240 2
2796 240 2
431 240 2
2749 240 2
2753 240 2
2754 240 2
1909 240 2
406 240 2
406 240 2
2338 240 2
2434 240 2
1883 240 2
2433 240 2
404 240 2
2384 240 2
2432 240 2
1881 240 2
2382 240 2
2382 240 2
2429 240 2
2800 240 2
400 240 2
2804 240 2
2757 240 2
2757 240 2
398 240 2
2378 240 2
2806 240 2
1875 240 2
443 240 2
2375 240 2
2809 240 2
2809 240 2
2809 240 2
2762 240 2
2762 240 2
2438 240 2
2396 240 2
414 240 2
2394 240 2
2442 240 2
2811 240 2
452 240 2
1930 240 2
2345 240 2
451 240 2
2344 240 2
2344 240 2
2343 240 2
2769 240 2
449 240 2
2342 240 2
2723 240 2
408 240 2
1886 240 2
2388 240 2
2387 240 2
2774 240 2
2775 240 2
2729 240 2
2732 240 2
2802 193 2
1864 242 1
400 243 2
2782 243 2
2829 244 1
2365 247 1
2415 194 2
1885 250 2
398 252 2
2354 252 2
409 195 2
2444 195 2
2409 196 1
2372 196 2
419 197 2
441 197 1
2442 197 2
1921 197 1
2736 198 2
416 198 1