2680 199 2
1806 199 1
1794 199 2
2241 199 2
2248 200 2
355 200 2
351 202 1
2279 202 1
1844 203 1
1814 203 1
2712 203 2
2306 203 1
2652 205 1
2629 205 1
312 206 2
1792 206 1
1814 206 2
2240 206 1
2653 206 2
2272 206 2
346 206 2
2701 206 2
1823 206 2
2696 207 1
1804 2 1
2266 2 2
326 2 2
1854 4 2
1815 4 2
2242 4 1
2260 4 2
355 4 2
1785 4 2
2329 4 1
2670 5 2
2635 5 2
360 5 1
1800 5 1
2621 5 2
2695 209 2
2292 6 2
2624 6 2
1786 6 2
2267 7 2
2687 7 2
1837 7 2
1845 8 2
2328 10 2
1796 10 1
353 10 2
2613 10 2
322 10 2
2632 10 2
1833 10 2
2292 12 2
1829 12 1
374 12 2
1828 12 2
354 13 1
1839 13 1
1842 15 1
373 15 2
2243 15 1
310 15 2
1860 15 2
370 15 1
2620 15 2
2632 15 2
2702 15 2
377 210 2
2268 210 2
2268 210 2
2636 210 2
2276 210 2
2273 210 1
1788 210 1
2259 210 2
343 210 1
2674 16 2
2665 16 2
2289 211 1
2704 215 2
2245 215 1
2330 215 2
353 216 1
376 216 2
1851 216 2
2229 216 1
368 216 2
2645 19 2
2231 20 1
2631 218 2
2235 22 2
2277 22 2
1858 22 1
368 22 1
310 23 2
375 24 1
2325 24 2
2660 24 2
2637 24 2
2685 24 2
2615 24 1
2631 24 2
2309 24 2
2331 24 2
1786 24 2
2679 24 2
2671 25 2
2274 25 2
2331 25 2
325 25 1
2237 28 1
2327 32 2
372 32 1
309 32 1
2316 33 1
1854 33 1
2637 33 2
2262 33 2
2282 33 2
2287 34 2
2305 34 2
2634 35 2
2624 35 1
2275 35 1
2630 35 1
2310 35 2
2642 35 2
346 35 1
2691 35 2
2251 36 2
2304 37 2
2315 37 2
2326 37 2
2276 37 2
2287 37 2
1858 37 2
2226 37 2
2250 37 2
328 37 2
2272 37 1
2284 37 2
2330 37 2
2330 37 2
342 37 2
2717 37 2
1795 37 1
364 37 2
2671 37 2
2612 37 2
2684 37 1
337 37 2
2241 37 2
2642 37 2
2251 41 2
343 44 1
378 45 2
1820 45 1
2693 45 2
2646 45 1
2695 45 2
2619 45 2
1822 45 2
2682 46 2
2675 46 2
2297 46 1
2323 47 1
2299 47 2
2249 47 1
2713 47 1
2693 47 2
352 47 1
2244 47 1
2243 47 1
2649 47 2
2632 47 2
2288 47 1
1848 47 1
1847 47 1
2333 47 1
2309 47 2
2702 47 2
2657 47 1
1843 47 1
365 47 1
2234 47 1
1841 47 1
2612 47 2
2638 47 2
360 47 1
2664 47 1
2643 47 2
2620 47 1
1822 47 1
1844 48 1
2683 48 2
1839 48 2
310 48 2
2714 51 2
2717 52 2
1819 55 1
363 55 1
1782 58 1
2311 58 1
2298 58 2
2315 59 1
2684 59 1
2676 59 1
2238 59 1
2293 59 2
2246 60 2
326 60 1
2682 62 2
2640 62 1
2634 64 1
2640 64 2
1788 64 1
1831 68 2
2312 68 2
2239 68 2
2690 68 2
2305 68 2
327 70 2
2646 73 2
2690 73 2
2278 74 2
2228 76 1
2300 76 2
2227 76 1
2274 76 2
2689 76 2
2295 76 2
377 76 2
2694 76 2
2623 76 2
2623 76 2
1829 76 2
2625 76 2
349 76 1
349 76 1
2698 76 2
2626 76 1
348 76 1
2700 76 2
2306 76 1
2678 76 2
1796 76 1
2659 76 2
1792 76 1
338 76 1
2662 76 2
2686 76 2
321 76 2
1800 76 1
2268 78 1
2673 78 2
355 78 1
2284 79 1
2231 80 2
1819 82 2
2669 82 2
2683 82 2
363 82 1
2255 82 2
1827 82 2
1826 82 2
2227 82 1
1858 82 1
346 82 1
1811 82 1
2314 83 1
2252 83 1
2252 83 1
2226 83 1
2298 83 1
2297 83 1
2714 83 1
1832 83 1
376 83 1
376 83 1
2670 83 1
1853 83 1
1805 83 1
312 83 1
2648 83 1
350 83 1
373 83 1
2267 83 1
2242 83 1
2626 83 1
2265 83 1
2675 83 1
1790 83 1
2325 83 1
1847 83 1
2309 83 1
2700 83 1
2307 83 1
2307 83 1
2701 83 1
325 83 1
340 83 1
2707 83 1
2707 83 1
1793 83 1
1841 83 1
2232 83 1
362 83 1
337 83 1
361 83 1
2230 83 1
2254 83 1
2687 83 1
359 83 1
1801 83 1
1821 83 1
2665 84 1
2654 84 1
1851 87 2
2687 87 2
2312 87 2
2331 88 2
2660 89 2
2227 89 2
1810 89 2
2696 90 2
2648 90 1
2273 90 1
345 90 1
344 90 1
2696 92 1
2242 92 1
2264 92 2
2700 92 2
2315 94 1
2681 94 1
2682 94 2
2695 94 2
2233 94 2
2245 94 1
1804 94 2
2684 94 2
1840 94 1
1860 94 2
2288 94 1
1834 94 1
2314 96 1
2314 96 1
2275 96 2
2226 96 2
2274 96 1
2692 96 2
1808 96 1
375 96 2
1853 96 2
1852 96 2
374 96 1
1803 96 2
1809 96 1
2326 96 2
2334 96 2
2237 96 2
2285 96 2
2332 96 2
2282 96 2
2329 96 2
2235 96 2
2705 96 2
341 96 2
1818 96 2
2232 96 2
2613 96 2
2614 96 2
2614 96 2
2616 96 1
2616 96 2
344 96 2
343 96 1
2249 96 2
2711 96 2
2667 96 2
353 96 2
311 96 2
2290 96 2
1826 96 1
2241 96 2
2627 96 2
1825 96 1
357 96 2
356 96 2
1785 96 1
1833 96 2
2304 96 2
332 96 1
1848 96 2
2679 96 2
2681 96 1
2256 96 1
2638 96 2
2253 96 2
2301 96 2
2641 96 1
1800 96 2
2652 97 1
2270 97 2
2306 98 2
2624 99 2
309 99 2
2630 99 2
2308 99 2
2621 99 2
2712 101 2
2298 102 2
2260 102 2
1785 102 2
2295 221 2
1788 222 1
2718 104 2
2237 104 2
2277 106 2
2239 106 2
2289 109 2
1831 111 2
1841 111 2
338 111 2
2230 111 1
2615 111 2
1859 111 1
2283 111 2
2329 111 1
366 112 2
2661 112 1
2263 112 1
2717 115 2
2246 115 2
2662 115 1
344 115 1
1786 115 2
2263 116 2
357 117 1
1831 118 1
2675 118 2
351 119 1
2328 123 2
1828 123 1
2674 123 2
1801 123 2
1812 123 2
1834 123 2
1803 124 1
2664 124 2
1810 124 1
1845 125 2
2671 126 2
2647 126 1
2709 126 2
382 126 2
2618 126 2
1797 126 2
2709 127 2
330 127 2
2272 127 1
328 127 2
2691 127 2
2676 128 2
2332 128 2
2318 128 2
2656 129 1
2720 129 2
1838 129 1
2676 129 2
2299 129 2
331 129 1
2327 130 1
2718 130 2
2618 130 1
1823 130 2
366 131 1
372 131 1
1826 131 2
2631 131 2
2296 131 2
2668 132 2
364 132 1
362 132 2
2697 132 1
2697 132 1
2278 132 1
2627 132 2
365 133 1
2662 133 2
2715 133 1
2667 133 2
2299 134 2
2273 134 2
2293 134 1
2692 134 2
2692 134 2
378 134 2
2716 134 2
354 134 1
1807 134 2
2669 134 2
1854 134 2
2694 134 2
1782 134 2
352 134 2
2650 134 2
348 134 2
1825 134 2
2628 134 2
1789 134 2
356 134 2
2304 134 2
2303 134 1
2325 134 2
330 134 1
2286 134 2
2308 134 2
2703 134 2
1796 134 1
1819 134 2
1843 134 1
2706 134 2
1794 134 2
2659 134 2
1840 134 1
323 134 1
2254 134 2
2686 134 2
321 134 1
2253 134 2
2643 134 2
2621 134 2
342 136 2
2638 136 2
1808 137 2
339 137 2
2628 137 2
2286 137 2
2319 137 1
331 138 2
2262 138 2
2711 138 2
2689 138 2
2259 138 2
1832 138 2
1795 138 2
1807 138 2
2672 138 2
2255 138 2
334 138 2
2301 138 2
1822 138 2
2319 139 2
1829 140 1
2276 140 2
2287 140 2
331 140 1
2318 140 2
2246 141 2
2641 141 2
2654 141 2
1856 142 2
1806 142 1
2628 142 2
1799 142 1
2317 142 2
341 143 2
2256 143 2
338 144 2
1838 144 1
2627 144 2
2328 145 2
2297 145 1
2320 145 2
2690 145 1
2317 145 2
2293 145 2
366 145 1
2645 145 2
2718 145 2
1818 145 2
1781 145 1
323 145 2
2641 145 1
2653 145 1
2654 145 1
2334 146 1
326 146 2
1804 148 1
2660 148 1
2243 148 1
2661 148 1
382 148 2
2303 149 2
2233 149 2
2283 149 2
345 149 1
2680 151 2
333 223 2
2284 223 1
2706 152 1
2665 152 2
1855 153 1
2244 224 2
337 224 2
2626 224 2
1860 224 2
2264 225 2
342 227 2
2636 227 2
1812 227 2
2294 228 1
1855 155 1
340 155 1
2708 155 2
2617 155 1
2321 155 1
2711 155 1
2620 155 1
2319 155 1
2679 155 1
1837 229 2
2292 156 2
2645 156 2
1817 156 2
370 156 2
2271 156 2
1811 156 2
2294 156 2
378 157 2
1789 157 2
1853 158 2
2719 158 2
1817 158 2
2232 158 2
360 158 1
2251 158 1
2630 158 2
2249 158 2
327 158 1
2678 158 1
2635 159 2
1852 159 1
334 159 2
333 159 2
1845 159 1
2652 161 1
1814 162 1
2648 163 1
2636 163 2
2673 163 2
361 163 1
372 163 2
1799 163 1
1816 165 1
1783 169 2
1830 169 2
1805 169 2
2231 169 2
2639 169 1
2616 169 2
1801 169 1
2691 169 1
2656 170 2
2245 170 1
322 171 1
1787 171 2
2668 172 1
1806 172 2
2234 172 2
364 172 1
2279 172 2
2685 172 2
2642 172 2
2321 172 2
2285 172 2
329 172 2
2305 172 2
2282 174 2
375 175 2
330 175 2
1820 176 2
2698 176 2
1837 176 2
329 176 2
2713 176 2
351 231 1
2672 231 2
2262 231 1
2647 233 2
1827 233 1
1811 233 1
2681 234 2
2301 234 2
2316 235 2
2316 235 2
2323 235 2
381 235 2
381 235 2
1859 235 2
2320 235 2
2318 235 2
2693 235 2
2646 235 2
2647 235 2
374 235 2
2649 235 2
2267 235 2
2697 235 2
1803 235 2
2650 235 2
2651 235 2
2651 235 2
2651 235 2
2265 235 2
2653 235 2
2327 235 2
2326 235 2
2288 235 2
2239 235 2
2238 235 2
2281 235 2
2235 235 2
2657 235 2
2658 235 2
2658 235 2
2658 235 2
2706 235 2
340 235 2
2707 235 2
1817 235 2
339 235 2
2612 235 2
2708 235 2
2708 235 2
1816 235 2
1816 235 2
1815 235 2
2229 235 2
2229 235 2
2615 235 2
2663 235 2
2617 235 2
2619 235 2
345 235 2
2252 235 2
2248 235 2
2713 235 2
2294 235 2
2667 235 2
2715 235 2
2716 235 2
1784 235 2
1784 235 2
1784 235 2
354 235 2
1782 235 2
352 235 2
2719 235 2
2719 235 2
2720 235 2
2720 235 2
1828 235 2
311 235 2
2625 235 2
2673 235 2
349 235 2
2290 235 2
1789 235 2
1787 235 2
356 235 2
2312 235 2
370 235 2
2311 235 2
2310 235 2
2310 235 2
2261 235 2
2261 235 2
327 235 2
2259 235 2
1844 235 2
1795 235 2
2634 235 2
1794 235 2
1842 235 2
1842 235 2
2257 235 2
2635 235 2
2256 235 2
1839 235 2
2254 235 2
2686 235 2
2639 235 2
2639 235 2
359 235 2
1799 235 2
1798 235 2
1798 235 2
368 235 2
367 235 2
2300 178 2
1856 237 2
1820 237 1
2698 237 2
2663 237 2
2663 237 2
309 237 2
1836 237 2
2317 237 2
2668 179 2
2685 179 2
2281 179 1
2263 180 1
2322 180 2
2334 180 1
2238 180 2
2250 180 2
2333 180 1
329 180 2
2260 180 1
2296 180 1
2296 180 1
2308 180 2
2271 180 2
2678 180 1
2281 180 1
2704 180 1
1834 180 1
1797 180 2
367 180 2
1830 181 2
2670 181 2
367 184 2
1783 186 2
2669 186 2
1843 186 2
2623 186 2
312 186 2
1840 186 2
1859 186 2
2629 186 2
2257 188 1
2322 188 2
2689 188 1
2244 189 1
1848 189 1
2619 189 2
2234 190 1
2661 190 1
2629 190 1
341 238 2
363 238 2
1808 192 1
2649 192 2
323 192 1
2320 192 1
2228 240 2
382 240 1
2275 240 2
2323 240 2
381 240 2
2322 240 2
2321 240 2
2271 240 2
2270 240 2
1856 240 2
1807 240 2
1855 240 2
377 240 2
1852 240 2
1851 240 2
334 240 2
2650 240 2
2266 240 2
2266 240 2
333 240 2
2265 240 2
1812 240 2
1810 240 2
1809 240 2
1809 240 2
2240 240 2
2286 240 2
2333 240 2
2332 240 2
2283 240 2
2701 240 2
2702 240 2
2703 240 2
2703 240 2
2656 240 2
2704 240 2
2657 240 2
2705 240 2
1818 240 2
2279 240 2
2230 240 2
2614 240 2
2664 240 2
2617 240 2
2618 240 2
1821 240 2
1821 240 2
1836 240 2
1836 240 2
2250 240 2
2248 240 2
2712 240 2
2295 240 2
2714 240 2
2715 240 2
2716 240 2
1783 240 2
1830 240 2
1781 240 2
1781 240 2
350 240 2
311 240 2
2625 240 2
2290 240 2
2289 240 2
1825 240 2
1790 240 2
1787 240 2
357 240 2
1833 240 2
2303 240 2
332 240 2
332 240 2
2264 240 2
2311 240 2
1847 240 2
2261 240 2
328 240 2
2307 240 2
325 240 2
2680 240 2
365 240 2
2257 240 2
2683 240 2
1793 240 2
1793 240 2
1792 240 2
362 240 2
2255 240 2
2637 240 2
361 240 2
322 240 2
1838 240 2
2253 240 2
359 240 2
2640 240 2
2643 240 2
1798 240 2
1797 240 2
2228 193 1
373 243 2
2270 243 2
2709 245 2
2613 249 2
2233 250 2
321 250 2
2278 251 1
2705 252 1
1827 252 2
1815 252 2
2277 252 1
2659 195 2
1832 196 2
339 196 2
1805 197 1
2672 197 2
348 197 2
2300 197 2
1790 197 2
2694 198 2
350 198 2
2674 198 2
2240 198 1
2285 198 2
1823 198 1