2788 199 2
1744 199 1
2699 199 1
288 199 2
1741 199 1
286 199 2
1692 199 1
2112 199 2
1751 199 1
1714 199 2
2888 199 2
251 202 2
335 204 2
272 204 2
250 205 1
1694 206 1
276 206 1
1763 206 1
296 206 2
2590 1 2
248 2 2
3088 2 1
3010 3 1
2569 208 1
265 4 1
2699 4 1
1731 5 1
307 5 1
3143 209 2
254 209 1
2855 209 2
289 6 2
255 8 1
3077 8 2
2607 9 2
113 10 2
251 10 2
2564 10 2
1716 10 2
1738 10 2
1760 10 2
2866 10 2
2559 11 2
1686 12 1
2821 12 2
1723 12 2
2899 14 2
1709 15 2
290 15 1
2799 15 2
2609 15 2
240 15 2
2877 15 1
2596 210 2
286 210 2
295 210 1
3232 210 2
2567 210 2
2622 210 2
113 211 2
2446 214 2
243 215 1
290 215 1
264 215 1
308 215 1
1446 216 2
1721 216 1
2555 216 2
306 216 1
1688 216 2
3110 19 1
315 21 1
2710 22 1
2551 22 2
1727 22 2
1725 22 2
306 22 2
2579 22 2
2562 23 1
2622 23 2
668 24 2
1776 24 2
1739 24 2
1675 24 2
2533 25 1
3210 32 2
1707 33 1
305 33 1
2579 33 1
2592 33 2
230 34 2
1696 34 2
2733 34 2
232 35 2
241 35 1
2001 35 2
303 35 2
1742 36 2
1682 36 1
1726 37 2
1771 37 2
2603 37 2
2604 37 2
2569 37 2
2606 37 2
1674 37 2
2572 37 2
266 37 2
2561 37 2
301 37 2
1754 37 2
1728 37 2
262 37 2
262 37 2
262 37 2
2565 37 2
249 37 2
297 37 2
3055 37 2
3177 37 2
1679 37 2
2633 37 2
1723 37 2
3132 37 2
244 40 2
3055 40 2
224 41 2
1679 43 2
1718 44 1
1685 45 2
2573 45 2
2566 45 2
2598 45 2
3210 45 2
2570 46 2
2584 46 2
1729 46 2
2655 47 1
295 47 1
294 47 2
1771 47 1
316 47 1
2603 47 2
2556 47 1
2558 47 2
1745 47 1
1745 47 1
1697 47 2
290 47 1
265 47 1
2586 47 2
263 47 1
1763 47 1
2977 47 2
1675 47 1
1699 47 2
2777 47 2
2777 47 1
446 47 2
2810 47 2
307 47 1
1736 47 1
2589 47 1
255 47 1
2595 47 2
277 47 2
301 47 1
1707 47 1
1754 47 2
1753 47 1
1777 47 1
227 47 2
2844 47 2
266 48 2
229 48 1
1709 52 2
288 52 2
2001 52 2
242 55 1
335 55 2
239 55 2
3177 55 2
307 55 1
2833 55 1
2575 56 1
1718 57 2
1777 59 1
3177 59 2
2592 59 1
257 59 2
1745 60 2
2810 60 2
227 60 2
1761 60 2
255 62 2
1753 62 2
1715 62 2
295 62 1
1772 62 2
246 64 2
240 68 2
318 68 1
260 70 1
1684 71 2
248 73 1
3210 73 2
1712 73 1
1714 74 1
282 74 2
2666 76 2
2710 76 2
1749 76 1
2602 76 2
1770 76 1
1769 76 2
315 76 1
2605 76 2
268 76 1
1698 76 2
1673 76 2
2586 76 2
1717 76 1
239 76 2
237 76 2
261 76 1
3243 76 2
2555 76 2
446 76 2
2588 76 2
890 76 2
1759 76 2
2590 76 2
304 76 1
2568 76 2
1733 76 2
279 76 2
253 76 2
277 76 2
1776 76 1
1712 76 1
2574 78 2
318 78 2
1771 78 1
1712 78 2
557 79 2
1733 80 2
1721 82 1
224 82 2
1695 82 1
252 82 1
300 82 2
1727 82 2
1748 82 2
317 82 1
315 82 2
2556 82 2
2604 82 1
233 82 2
2001 83 1
272 83 1
1748 83 1
2601 83 1
2601 83 1
2580 83 1
2581 83 1
2607 83 1
1696 83 1
288 83 1
1694 83 1
2563 83 1
1693 83 1
238 83 1
1764 83 1
246 83 1
3254 83 1
557 83 1
668 83 1
779 83 1
2599 83 1
260 83 1
1001 83 1
281 83 1
303 83 1
256 83 1
256 83 1
1709 83 1
231 83 1
254 83 1
278 83 1
1684 83 1
1708 83 1
1731 83 1
1730 83 1
300 83 1
1682 83 1
299 83 1
299 83 1
1728 83 1
298 83 1
1704 83 1
273 83 1
1775 83 1
3099 83 1
3110 83 1
235 83 1
234 83 1
257 83 1
2587 84 1
2600 87 2
303 87 2
2609 89 1
229 90 1
2576 90 2
1762 90 1
1752 92 1
2944 92 1
259 92 1
2644 92 1
1722 93 1
1779 94 2
1890 94 2
2112 94 1
260 94 1
1725 94 1
2600 94 1
306 94 1
2594 94 2
1673 94 1
1756 94 2
1696 94 2
230 94 1
1708 94 1
264 94 1
1764 94 2
3077 94 1
235 94 2
1675 94 1
2666 96 1
2688 96 2
2600 96 2
2602 96 1
2556 96 2
2559 96 2
2607 96 2
242 96 2
1720 96 1
241 96 1
2561 96 2
1766 96 1
2562 96 2
1716 96 2
1716 96 2
1715 96 1
1678 96 1
1676 96 1
2766 96 2
113 96 2
1001 96 1
304 96 2
1734 96 1
1733 96 2
2572 96 1
1729 96 2
1681 96 2
298 96 2
249 96 2
1775 96 2
2855 96 2
1690 96 1
2866 96 2
2877 96 2
1687 96 2
1446 96 2
1557 96 2
1890 96 2
1750 96 2
320 96 2
319 96 1
270 96 1
1747 96 2
268 96 2
2582 96 2
2586 96 2
1741 96 1
1693 96 1
2944 96 2
2944 96 2
2224 96 2
2988 96 2
2335 96 2
3043 96 1
2594 96 2
2595 96 2
1707 96 2
1706 96 2
227 96 2
1752 96 2
274 96 2
226 96 2
3121 96 2
1689 97 2
1777 98 2
2688 99 2
1731 99 1
1677 99 2
2580 99 2
3121 99 1
1699 99 2
3132 99 2
3265 100 2
267 100 2
1769 100 2
1672 101 2
890 101 2
314 101 2
2577 102 2
1726 102 2
3265 222 1
267 222 1
230 222 1
304 222 1
2777 104 2
1770 104 1
2585 106 2
234 106 1
245 106 2
1697 107 2
2602 107 2
3154 111 2
1767 111 1
1730 111 2
1725 111 2
316 111 2
1692 113 1
1753 115 1
3166 115 1
1727 115 1
297 115 1
2866 115 2
1113 115 2
2655 118 1
2932 120 1
2552 121 1
1760 123 1
2677 124 1
289 124 2
234 124 1
2446 124 2
3043 125 2
264 125 2
1770 125 1
1113 125 2
2566 126 2
282 126 2
2733 126 2
1769 126 1
1778 127 1
320 127 1
2755 127 2
1673 128 2
3166 128 1
1774 128 2
1737 128 1
1748 128 2
1747 128 1
2224 128 2
1686 129 2
2688 129 2
1695 129 1
265 129 1
252 129 2
238 129 2
2605 129 2
257 129 2
1674 130 2
229 130 2
261 130 2
3110 130 2
3132 130 1
3066 131 2
2224 131 2
1685 133 1
1695 133 1
294 133 2
1758 133 2
2755 133 2
779 134 2
890 134 2
2578 134 2
292 134 2
2567 134 2
2604 134 2
314 134 2
232 134 2
2583 134 2
1719 134 2
1743 134 2
1767 134 1
301 134 2
252 134 2
1740 134 2
1740 134 2
1763 134 1
2554 134 2
3221 134 2
1678 134 2
3121 134 2
1722 135 2
228 135 2
1758 135 2
2560 136 1
2932 136 1
245 136 1
287 137 1
2966 137 2
1676 137 2
2 137 2
1557 138 2
2558 138 2
2583 138 2
2584 138 2
2562 138 2
2563 138 2
263 138 2
2565 138 2
285 138 2
3199 138 2
1678 138 2
2988 138 2
245 138 2
3254 138 2
2821 138 2
259 138 2
1759 138 2
2593 138 2
1685 138 1
276 138 2
275 138 2
274 138 2
2833 138 2
2644 138 2
233 138 2
3021 140 1
1778 140 1
2588 140 1
2544 141 1
2577 141 2
1773 141 2
1761 141 1
1690 141 1
3254 141 2
1686 142 2
2932 142 2
2566 142 2
1765 142 1
1704 142 1
273 142 1
228 143 1
2598 144 2
1762 144 1
2557 144 2
2899 145 1
240 145 1
1741 145 2
1681 145 1
1728 145 2
1752 145 2
286 145 1
237 145 2
259 145 1
1723 145 2
3010 145 2
2544 146 1
2611 146 2
1001 149 2
2677 151 1
1739 151 2
2999 151 2
1335 223 1
1755 223 2
1762 223 1
279 153 1
2608 224 2
1773 224 2
2722 224 2
1766 225 1
226 225 2
2666 227 1
292 227 1
2589 228 2
2570 155 1
1668 155 2
1670 155 2
1670 155 2
2587 155 2
296 155 1
3188 155 2
319 155 2
1772 155 2
2603 155 2
2 155 2
2585 156 2
283 156 2
305 156 2
1759 156 1
277 157 2
1778 157 1
272 157 2
2591 157 1
3143 158 2
224 158 2
2788 158 1
3032 158 2
1738 158 1
1773 158 2
2591 158 2
2592 158 2
2606 158 2
1755 158 2
2598 158 2
300 158 2
2587 158 2
238 158 2
1703 158 2
3188 158 2
2999 158 2
1692 159 1
1720 163 2
242 163 1
2585 163 2
1729 163 2
305 163 1
1699 163 1
1701 165 2
2644 165 1
1737 166 2
281 166 2
1743 168 2
1710 169 1
2921 169 1
1743 169 1
276 169 2
1705 169 1
3188 169 2
1772 169 1
3199 169 1
3166 170 1
1687 170 2
2578 171 2
2533 172 2
267 172 1
1683 172 2
253 172 2
2821 172 2
3099 172 2
2988 172 2
2580 172 2
2573 174 2
2555 175 1
1742 175 2
668 175 2
1749 175 1
2744 175 2
2999 175 2
1683 176 1
1751 176 1
1890 231 2
235 231 2
2112 233 2
1335 234 2
2557 235 2
244 235 2
243 235 2
2559 235 2
1720 235 2
241 235 2
2564 235 2
237 235 2
3232 235 2
3243 235 2
2 235 2
446 235 2
557 235 2
779 235 2
1737 235 2
1736 235 2
2567 235 2
2568 235 2
2570 235 2
2571 235 2
2571 235 2
1732 235 2
253 235 2
2573 235 2
2574 235 2
2575 235 2
2575 235 2
2576 235 2
1224 235 2
1779 235 2
1750 235 2
271 235 2
271 235 2
1749 235 2
270 235 2
1747 235 2
2582 235 2
2583 235 2
1740 235 2
1739 235 2
2577 235 2
284 235 2
1761 235 2
1760 235 2
281 235 2
2589 235 2
1758 235 2
2590 235 2
2594 235 2
278 235 2
278 235 2
1756 235 2
1756 235 2
2597 235 2
2597 235 2
1754 235 2
274 235 2
2611 235 2
2633 235 2
2655 235 2
2710 235 2
1774 235 2
293 235 2
2605 235 2
2606 235 2
1672 235 2
1671 235 2
1671 235 2
1671 235 2
1765 235 2
285 235 2
2744 235 2
1677 235 2
2755 235 2
1676 235 2
2766 235 2
2799 235 2
308 235 2
308 235 2
1684 235 2
1683 235 2
1682 235 2
1681 235 2
2833 235 2
2844 235 2
2877 235 2
1688 235 2
2910 235 2
319 235 2
317 235 2
314 235 2
1694 235 2
2955 235 2
1701 235 2
3032 235 2
3032 235 2
1710 235 2
1708 235 2
2551 235 2
2551 235 2
2552 235 2
226 235 2
2553 235 2
2554 235 2
3077 235 2
3088 235 2
3099 235 2
233 235 2
250 236 2
3199 236 2
2722 178 2
3021 237 2
1779 237 2
228 237 2
287 237 1
1705 237 1
298 237 2
1775 237 1
2766 237 2
2596 179 2
2599 179 2
2591 179 2
296 180 1
318 180 1
317 180 1
2557 180 2
2581 180 2
244 180 2
1744 180 2
266 180 1
2608 180 2
289 180 2
1717 180 1
239 180 2
3221 180 2
1701 180 2
246 180 1
3243 180 1
3021 180 1
2810 180 2
1738 180 1
2568 180 2
2569 180 2
1734 180 1
1734 180 1
2597 180 2
297 180 1
3066 180 2
1113 180 2
1224 180 1
232 184 2
1755 184 2
263 184 1
1688 184 2
2888 184 1
1446 186 2
1774 186 2
283 186 2
1736 186 2
1674 186 2
231 186 2
2561 186 2
1719 186 2
1742 186 2
1670 186 2
1776 186 2
273 186 2
1703 186 2
3066 186 2
2844 186 2
2633 186 2
2955 188 2
1697 189 1
2955 189 1
2888 189 1
1711 189 1
1711 189 1
3265 190 2
2560 190 2
1767 190 1
2977 190 2
2609 238 2
1690 238 2
1715 192 2
1726 192 2
2966 192 2
3221 192 2
2446 192 2
3143 240 2
3154 240 2
3154 240 2
2699 240 2
248 240 2
294 240 2
293 240 2
2601 240 2
292 240 2
1722 240 2
2558 240 2
1721 240 2
2560 240 2
2608 240 2
1672 240 2
1718 240 2
1766 240 2
1717 240 2
2563 240 2
2564 240 2
285 240 2
2565 240 2
2722 240 2
1679 240 2
2733 240 2
3232 240 2
2799 240 2
256 240 2
2571 240 2
2572 240 2
1730 240 2
2574 240 2
299 240 2
250 240 2
2576 240 2
249 240 2
2855 240 2
1689 240 2
1689 240 2
1687 240 2
1335 240 2
2910 240 2
1557 240 2
2921 240 2
2921 240 2
1668 240 2
1668 240 2
1750 240 2
320 240 2
271 240 2
270 240 2
2578 240 2
2579 240 2
2581 240 2
268 240 2
2582 240 2
1698 240 2
1698 240 2
1744 240 2
1693 240 2
261 240 2
2335 240 2
2335 240 2
1700 240 2
1700 240 2
3010 240 2
2533 240 2
2544 240 2
2588 240 2
2599 240 2
284 240 2
284 240 2
1714 240 2
283 240 2
2593 240 2
279 240 2
2595 240 2
231 240 2
2596 240 2
1706 240 2
275 240 2
275 240 2
1705 240 2
2552 240 2
1751 240 2
2553 240 2
1703 240 2
2554 240 2
3055 240 2
3088 240 2
2611 240 2
2744 193 2
243 241 1
2788 242 2
282 243 2
287 250 2
2966 250 2
251 251 1
293 251 1
1719 252 2
2977 252 1
1677 252 2
2584 195 2
335 195 2
1732 195 2
1732 195 2
1704 195 1
2553 195 2
1700 195 2
1711 195 2
3043 196 1
1706 196 2
1765 196 1
1764 196 2
316 196 2
1710 197 1
254 197 2
2622 197 2
2593 197 2
2899 198 2
2910 198 2
2677 198 1
1224 198 2