1013     2
1037     2
1062     2
1065     1
1072     2
1082     2
1115     2
1121     2
1133     2
1135     1
1186     2
1196     2
1201     1
1207     2
1208     1
122    2
1220     2
1225     2
123    2
1264     2
1278     1
1281     2
1291     2
1295     1
1299     2
1300     2
1301     2
1311     2
1316     1
1353     1
1360     2
1366     1
1373     1
1393     2
140    2
1403     1
1405     2
1440     2
1442     2
1468     2
1471     2
1476     2
1479     1
1500     1
1501     2
1502     2
1504     1
1517     1
1518     2
1525     2
1528     1
161    2
1612     2
162    2
1628     1
1629     2
1632     1
1633     1
1634     2
1635     1
1636     1
1637     2
1638     2
1639     2
1640     1
1641     2
1642     1
1643     2
1646     1
1648     1
1656     1
1660     1
1661     2
1673     2
1676     2
1677     2
1678     2
1679     2
1680     2
1681     1
1682     2
1683     2
1689     1
1696     1
1697     1
170    2
1716     1
1751     1
1753     2
1764     1
1768     2
1784     1
1799     2
18   2
1854     2
1857     2
1859     2
1865     2
1873     1
1875     1
188    2
1883     2
19   2
1900     1
1908     1
1918     1
1921     2
1922     1
1935     1
1936     1
194    2
1943     2
1960     1
1961     1
1986     2
1987     2
1988     2
1995     1
20   2
200    2
2001     2
2023     2
2024     2
2029     1
2034     2
2037     2
2038     1
2039     2
2040     2
2041     2
2042     2
205    2
2055     2
2056     1
2076     2
2079     2
2080     2
21   1
2155     1
216    2
2196     2
22   2
2204     2
224    2
2252     2
2254     1
2283     1
2293     1
23   1
2305     1
2325     1
2327     1
2334     2
2359     2
2362     2
2365     1
2368     1
2372     2
2387     2
2390     2
2397     2
2399     1
24   2
2404     2
2406     2
2410     1
2411     2
2432     2
2436     2
2438     1
2463     1
2482     2
2492     2
2499     2
2504     2
2510     1
2512     2
2517     2
2523     2
2524     2
2539     1
254    1
2564     2
2578     1
258    2
2586     2
2594     2
2598     2
2609     1
2611     2
2613     1
2619     2
2623     2
2635     2
2636     2
2637     2
2645     2
267    2
270    1
2701     2
271    2
2710     1
2711     2
2733     2
2735     1
2750     1
2760     1
2764     1
2766     2
2780     1
2782     1
2784     1
2787     1
2788     1
2789     1
2818     1
2880     2
2881     2
2897     2
2898     2
2902     1
2925     2
2958     2
296    2
2961     2
297    2
2986     1
2987     1
3001     2
3007     2
3016     2
3036     1
3037     2
3038     2
3039     2
304    2
305    2
3069     1
3083     2
3087     1
3093     1
3103     1
312    1
313    2
3130     2
3132     2
3140     2
3166     1
3167     1
3169     1
3170     1
3172     1
3175     2
3182     2
3188     1
3208     2
3209     2
3210     2
3236     2
3237     2
3248     1
332    2
334    1
335    2
341    1
352    2
428    2
432    2
433    2
434    2
469    2
500    2
504    1
511    2
533    2
551    2
565    2
583    2
592    2
593    1
596    2
608    1
622    1
633    2
637    2
654    1
665    2
666    2
688    2
69   2
693    2
694    2
697    2
700    2
719    1
722    2
732    1
733    2
734    2
748    1
770    1
771    2
772    2
773    1
785    2
805    1
807    2
809    2
817    2
825    2
827    2
829    2
832    2
857    2
86   1
88   2
892    2
893    2
894    1
919    1
92   2
920    1
928    2
933    1
942    2
948    1
959    2
1027     2
1041     2
1042     2
1050     2
1054     1
1059     2
1067     2
1077     1
1080     1
1091     2
1092     2
1110     2
1127     1
1128     2
1137     1
1148     2
1163     2
1166     2
1169     1
1170     1
1174     1
118    2
119    1
1191     2
1204     2
1227     2
1230     2
1233     2
1235     2
1250     1
1277     1
1282     2
1289     1
1296     2
1304     1
1305     1
1306     1
1308     1
131    2
1321     2
1322     1
1328     1
1351     1
1355     2
1392     2
1398     1
1407     1
1416     2
1421     2
1428     2
1431     1
1433     1
1434     2
1435     2
1443     2
1444     1
145    1
1452     1
1459     1
1473     2
1494     2
1499     1
1514     2
1529     2
1541     2
1544     1
1545     1
155    2
1554     1
1561     2
1582     1
1621     1
1622     1
1623     2
1630     1
1651     1
1654     2
1659     2
1662     2
1685     2
1691     1
1692     1
1702     2
1705     1
171    2
1712     2
1713     2
1715     1
173    2
1740     1
1744     1
1759     1
176    2
1786     1
1793     2
1803     2
1814     1
1829     1
183    2
1834     2
1849     2
1869     2
1877     2
1881     1
1892     2
1919     1
1926     2
1928     2
1929     1
1933     1
1940     1
1951     2
1953     2
196    2
1963     2
1974     1
1993     1
2010     2
2017     2
2018     1
202    2
2058     2
2069     1
2075     1
2085     1
2095     2
2117     2
2128     2
2137     2
2163     2
2169     1
2172     2
2179     2
2184     1
2185     1
2188     2
2193     2
2194     2
2200     2
2206     2
2208     2
2231     1
2238     2
2261     2
2262     2
2264     1
2306     2
2329     2
2338     2
2343     1
2351     2
2377     2
2385     2
2393     2
2401     1
2408     1
2414     2
2418     2
2420     1
2447     1
2450     2
2459     2
2465     2
2471     1
2473     2
2479     2
2483     2
2484     2
2487     2
2502     2
2505     1
2522     2
2525     2
2526     2
2536     2
2545     2
2547     2
2571     2
2581     2
2589     1
261    1
2610     2
2620     2
2631     1
2641     2
2642     1
2652     2
266    1
2664     2
2677     1
2679     2
2680     2
2685     2
269    1
2700     2
2708     1
2714     1
2734     2
2755     1
2757     1
2793     1
2804     2
2813     2
2814     1
2817     2
2822     2
2824     2
2855     2
2858     1
2859     1
2860     1
2882     2
2886     1
2887     1
2901     2
2913     2
2923     1
293    2
2937     2
2940     2
2942     1
2948     1
2984     1
2985     2
2988     1
2989     2
30   1
3004     1
3014     2
3015     1
3018     1
302    2
3059     2
3063     2
3064     1
3084     2
3085     2
3092     1
3100     2
3104     2
3115     2
3129     2
3137     2
3142     2
3143     1
3163     1
3179     1
3193     2
3207     2
3216     2
3217     2
3242     2
3260     1
3267     1
3270     1
3271     1
338    1
369    2
370    2
378    2
385    2
388    1
398    2
407    2
408    2
41   2
421    2
437    2
461    2
464    2
465    2
466    2
467    2
468    2
472    1
478    2
479    2
480    2
481    2
482    2
483    2
497    2
498    2
505    2
513    1
517    2
521    2
527    2
539    2
557    2
581    2
582    2
585    2
605    2
62   2
629    2
630    2
631    2
635    2
646    2
668    1
672    2
718    2
721    2
751    1
760    1
810    2
856    2
859    2
861    2
871    2
875    2
886    2
897    1
898    2
912    1
923    1
924    1
926    2
930    1
934    2
935    2
940    1
945    2
946    2
958    2
965    1
97   2
1007     1
1024     2
1026     2
1030     1
1032     2
1033     2
1039     2
1040     2
1049     1
105    2
1056     2
1069     1
1097     2
1098     1
110    1
1100     2
1103     2
1111     1
1114     2
1120     2
1123     2
1144     2
1150     1
1156     2
1172     1
1173     1
1175     1
1188     2
1193     2
1200     1
124    2
1243     2
1245     1
1246     2
1251     2
1262     1
1265     1
1280     2
1285     1
1287     1
1290     2
132    2
1348     1
135    2
1356     2
1371     2
1372     1
1375     1
1397     1
1399     1
1466     2
1477     2
1493     1
1498     2
1506     1
1519     1
1520     2
1537     2
1540     2
1547     1
1552     2
1562     1
1564     2
1567     2
1583     2
1587     2
1588     2
1590     1
1599     1
1602     1
1616     2
1625     2
1627     1
1647     2
1653     2
1688     1
1698     2
1706     1
1729     2
1730     2
1747     1
1748     2
1752     1
1766     2
1771     2
1774     2
1775     2
1776     1
1782     2
1808     1
1819     2
184    2
1841     1
1852     2
1855     2
1860     1
1884     1
1891     1
1906     2
191    2
1913     2
192    2
1931     2
1939     1
1944     2
1945     2
1946     2
1947     1
1948     2
1949     2
195    2
1950     2
1962     2
1965     2
1991     2
2004     2
201    1
2012     1
2014     2
2032     1
2051     2
2061     2
2062     2
2083     2
2097     1
2114     2
2115     2
2118     2
2119     1
2122     2
2151     2
2152     2
2173     2
2174     1
2177     1
2178     1
2183     2
2195     2
2229     1
2247     2
2275     1
2276     2
2277     2
2284     2
2287     2
2288     2
2289     1
2314     2
2326     2
2333     2
234    2
2341     1
2342     1
2353     1
2380     2
2384     1
240    2
2409     2
2426     1
2431     2
2441     1
2442     1
2443     1
2444     1
2462     2
2500     2
2511     1
2534     1
2537     1
2556     2
2568     2
2569     1
2575     2
2591     1
2600     1
2615     2
2616     2
2618     1
263    2
2646     2
2647     2
2651     1
2676     2
2699     1
2707     2
2709     2
2716     2
272    1
2722     2
2723     2
2728     1
2737     2
2738     2
2739     1
2744     2
2747     1
2753     1
2754     1
2786     1
2792     1
2795     1
2807     1
2821     2
2836     2
2847     2
2851     1
2852     1
2861     1
2867     1
2868     2
2871     2
2929     1
2934     1
2938     1
294    2
2957     2
2964     1
2979     1
3003     2
3006     2
3008     2
303    2
3062     1
3098     1
3101     1
3102     1
3110     2
3112     1
3114     1
3116     2
3127     2
3131     2
3144     2
3145     2
3171     2
3176     2
3178     2
318    1
3181     2
3186     2
3196     2
3199     2
3200     2
3203     1
3211     2
3218     2
3245     2
3263     1
3264     1
331    1
336    2
337    1
362    1
393    2
43   1
430    2
439    1
447    2
448    2
449    2
452    2
457    2
474    2
476    2
499    1
51   2
512    2
515    2
520    2
526    1
532    2
55   2
553    1
56   2
570    2
574    2
575    1
595    2
599    1
602    1
61   2
611    1
628    2
639    1
642    1
65   1
656    1
67   2
68   2
696    2
704    2
705    2
710    2
711    2
714    1
715    2
716    2
72   2
726    2
73   2
74   2
746    2
765    2
783    1
797    2
814    2
816    2
818    2
823    2
840    2
860    1
877    2
89   2
890    2
895    2
905    2
915    2
925    2
932    1
937    1
938    2
944    1
954    2
966    2
969    2
99   2
998    1
1020     2
1028     2
1068     1
1084     1
1101     1
1109     2
1113     2
1116     2
1119     2
1132     2
114    1
1140     2
1149     2
115    2
1155     1
116    2
117    2
1181     1
1183     1
1184     1
1195     1
1202     2
1228     1
1244     2
1247     2
1248     1
1252     2
1271     1
1284     2
1312     2
1313     2
1319     2
1324     2
1341     2
1342     1
1343     2
1362     2
1365     1
1367     2
1377     2
1384     1
1410     1
142    2
143    2
1439     1
1456     2
146    2
1463     2
1483     1
149    1
150    2
1503     2
151    2
152    2
1531     2
1535     2
1538     2
1558     1
1566     1
1569     2
1571     1
159    2
1598     1
1603     1
1609     1
1614     1
1615     2
1620     1
1652     2
1693     1
1694     2
1699     1
1714     1
1742     1
1754     1
1756     2
1763     2
177    2
1770     2
1773     1
1777     2
178    2
1789     2
179    2
1797     2
1800     2
1811     1
1821     2
1822     1
1825     2
1827     2
1835     2
1844     2
1863     1
1864     1
1870     1
1887     2
1896     2
1901     1
1909     1
1938     1
197    1
198    1
1989     2
199    2
1997     2
1999     2
2000     2
2002     2
2016     2
2027     2
2028     2
2053     2
2054     1
2063     2
2064     2
2065     2
2066     1
2077     2
2081     1
2082     1
2092     1
2094     2
2102     2
2109     2
2110     1
2134     2
2139     2
2140     2
2167     1
217    2
2170     1
2181     2
2192     2
2223     1
2250     2
2253     2
227    2
2279     1
228    2
229    2
2290     1
2292     1
2298     2
230    2
231    2
2339     2
2346     2
2367     1
2381     2
2386     1
2395     1
2405     1
241    2
2412     1
2419     2
2434     2
2470     1
2476     2
2480     2
2481     2
249    1
2521     2
2548     1
2563     1
2572     2
2577     2
2579     2
2625     2
2626     1
2627     1
2630     1
2632     1
264    1
2643     2
2658     2
2665     1
2672     1
2693     2
2702     2
2703     1
2715     2
2724     2
2726     2
274    2
2746     1
2767     1
2768     1
2769     1
2771     1
2772     1
279    2
2801     2
2819     2
282    2
2833     1
2839     2
2864     2
2876     2
2888     2
2903     2
2905     2
2906     2
2907     2
2908     2
291    2
2932     1
2936     1
2947     1
2952     2
2953     2
2962     2
2963     1
2966     1
2978     1
2990     2
2995     1
2997     2
3000     1
3011     2
3012     2
3020     1
3033     1
3045     1
3055     2
3056     2
3060     2
308    1
3086     2
3094     1
3096     1
310    2
3123     1
3141     1
3162     1
3189     1
3190     1
3205     1
3212     2
322    1
3220     1
3223     1
3225     2
3226     2
3227     2
3228     2
3229     2
323    2
3230     2
3234     2
3238     1
3255     1
3256     1
3262     1
364    2
366    1
368    2
372    2
377    2
389    1
390    1
391    1
392    1
394    2
397    2
400    2
402    1
404    1
414    2
42   2
423    2
424    2
425    2
426    2
446    2
451    1
460    1
490    2
491    2
502    2
523    2
524    2
57   1
579    2
58   2
59   1
591    2
614    1
616    1
618    1
626    2
627    2
64   2
667    2
685    1
686    2
699    1
703    2
724    2
727    1
730    2
744    2
745    2
75   2
753    2
757    2
76   2
761    2
762    2
763    1
77   2
777    1
778    2
793    2
802    1
819    2
820    2
828    2
838    2
842    2
843    1
854    2
858    2
885    2
952    2
955    2
957    2
987    2
100    2
1001     1
1017     2
102    2
1025     2
103    2
1034     2
104    2
1055     2
106    1
1066     2
1071     2
1079     1
1090     2
111    1
1112     1
1118     2
113    2
1136     2
1139     2
1142     1
1146     2
1157     2
1158     2
1159     2
1160     2
1177     1
1180     2
1198     2
1219     2
1226     1
1268     1
1269     2
1270     2
1275     2
1283     2
1292     1
1293     2
1294     2
1314     1
1318     2
1326     1
134    2
1344     2
1363     1
1379     2
1396     1
1409     2
1412     1
1419     1
1437     1
1438     2
1448     1
1449     1
1451     1
1464     2
1467     2
1497     1
1513     2
1556     2
1557     2
1572     2
1573     2
1574     2
1575     2
1576     1
1577     1
1578     1
1584     2
1585     2
1600     2
1619     2
1626     2
1649     1
1671     2
1684     2
1700     1
1704     1
1709     2
1724     2
1725     2
1738     1
1743     2
175    2
1750     1
1765     2
1778     2
1780     1
1792     2
1794     2
1795     2
1796     2
1798     2
1805     2
1815     2
1816     2
182    2
1830     2
1840     2
1843     2
185    1
1851     2
1853     1
1858     1
1868     2
1872     1
1880     2
1895     2
1898     2
1899     1
190    2
1930     2
1954     1
1964     2
2021     2
2036     1
2049     1
2059     2
2060     2
2067     1
2071     2
2073     2
2136     2
2153     2
2158     1
2168     2
2202     1
2210     2
2211     1
2213     1
2221     1
2234     1
2239     2
2240     1
2249     2
2251     2
2259     1
2272     2
2347     2
2352     1
2354     1
2371     1
2374     2
2375     1
2382     1
239    2
2392     2
2402     2
2407     1
2413     1
2417     1
2421     2
2423     1
2446     1
2454     2
2460     1
2478     2
250    1
2513     2
2514     2
2515     2
2516     2
2519     1
2520     1
2528     2
253    2
2538     2
2546     2
256    2
2560     2
2561     2
2562     1
2576     2
2584     2
2590     1
2592     2
260    1
2607     2
2621     1
2640     1
2663     1
2669     2
2751     2
2759     1
2761     1
2775     1
2776     1
2794     1
2799     1
2806     2
2835     1
2849     2
285    2
2850     2
2854     1
2863     2
2889     1
2890     1
2891     1
2892     1
2893     1
2894     1
2895     1
2896     1
29   1
2909     2
2910     2
2911     2
2915     2
2917     1
2924     1
2951     2
2954     2
2955     2
2956     2
298    2
2991     1
3017     2
3043     1
3044     2
3052     2
306    2
3065     2
3070     1
3071     1
3072     1
3074     1
3091     2
3106     2
3119     2
3122     2
3133     2
3149     2
3150     2
3155     2
3197     2
3198     2
321    2
3219     2
3258     1
3259     1
326    1
3268     1
3272     1
346    2
347    2
351    2
357    2
358    1
376    1
379    2
412    2
415    2
416    2
429    2
442    2
450    1
455    2
484    2
485    1
493    1
494    1
495    1
503    2
507    1
508    2
509    2
522    2
529    2
540    2
550    1
563    1
578    2
589    1
590    1
607    2
610    2
617    2
620    2
625    1
63   2
641    2
643    1
645    2
649    1
653    2
657    2
658    2
659    2
660    2
669    1
673    1
687    2
691    1
692    2
71   1
712    1
738    2
780    1
787    2
792    2
796    2
808    2
811    2
826    2
849    2
866    1
874    1
880    1
881    2
896    1
90   2
904    1
91   2
917    1
939    1
949    2
95   2
953    1
956    2
960    1
968    2
976    2
977    2
978    1
979    1
985    1
1002     2
1003     1
1004     1
101    2
1015     2
1019     2
1051     1
1053     1
1057     2
1058     1
1060     1
1074     1
1087     2
1094     2
11   2
1106     2
1117     2
1129     2
1134     2
1171     1
1190     1
1194     1
1199     2
1215     1
1216     2
1221     1
1232     1
1234     1
125    1
126    2
1267     1
127    2
1279     2
128    1
129    2
1298     2
130    2
1309     2
1352     1
1358     2
1368     2
1383     2
1388     1
139    2
1390     1
1394     1
1413     1
1414     1
1425     1
1445     1
1446     1
1447     2
1450     2
1453     2
1460     2
1465     2
147    2
1481     2
1482     1
1492     2
1521     2
1527     2
1532     1
1533     1
1534     2
1546     1
1550     1
1551     2
156    2
1563     2
1608     1
1610     1
1624     1
1644     1
1650     1
1663     1
1668     2
1669     2
1670     2
1672     2
169    2
1721     2
1722     2
1723     2
1727     2
1733     1
1737     2
1739     1
1741     1
1767     2
1781     1
1807     2
1820     2
1831     2
1836     1
1837     2
1838     2
1845     2
1850     2
1862     2
1866     2
1874     2
1876     2
1878     2
1882     2
1886     2
1890     2
1905     2
1910     1
1912     1
1942     2
1992     1
2005     1
2006     2
2008     1
2009     2
2011     2
2026     1
203    2
204    2
2052     1
2057     1
2072     1
2074     2
2078     2
2103     1
2107     1
2108     1
2111     1
2123     1
2133     2
2156     1
2159     2
2171     1
2176     2
2197     1
220    1
2209     1
221    1
2217     1
2218     1
2219     2
222    1
2220     2
223    1
2230     1
2232     2
2235     2
2236     1
2241     2
2242     2
2244     2
2245     2
2246     2
226    2
2267     1
2268     1
2273     2
2278     1
2285     1
2296     2
2297     2
2312     1
2313     1
232    2
2322     2
2323     2
2324     2
2328     1
2332     2
2345     1
2349     1
235    2
2356     2
236    1
2360     1
2361     1
237    1
2373     2
2383     1
2389     2
2429     1
2437     2
2449     2
2457     1
2458     1
2468     2
2474     2
2485     2
2490     2
2495     2
2497     2
251    2
2555     1
2559     2
2567     2
2570     2
2582     2
2593     1
2622     1
2629     2
2634     2
2638     2
2650     2
2656     2
2673     2
2682     2
2689     2
2694     1
2718     2
2719     1
2720     1
2721     1
2741     1
2752     2
2765     1
278    2
28   1
280    1
2802     2
2809     2
2820     2
2828     2
2829     2
283    2
2830     1
2831     2
2832     2
2845     1
2846     2
2848     2
2862     1
2866     1
2872     2
2879     2
2884     2
2900     2
2930     1
2960     2
2970     1
2971     1
2972     2
2973     2
2996     2
3  1
3047     1
3050     2
3051     2
3061     1
3067     2
3068     2
3075     1
3076     1
3089     1
3099     1
3105     2
3109     1
3124     2
3125     2
3147     1
3153     2
3168     1
3177     1
319    2
3194     2
32   1
3202     1
3213     2
3214     2
3224     2
3233     1
3246     1
3251     1
329    1
339    2
353    1
354    1
359    1
36   1
361    2
38   2
386    2
440    1
453    2
456    1
477    2
519    2
52   1
542    2
552    2
554    2
558    2
594    2
606    2
652    1
670    2
701    2
713    2
739    1
740    1
742    2
747    1
769    1
78   1
788    1
794    2
799    2
812    2
813    1
831    2
839    2
846    1
852    2
855    1
864    2
865    1
868    2
87   2
872    1
876    2
911    2
921    2
96   1
967    2
970    1
981    1
986    2
989    2
1  1
1005     2
1006     2
1014     1
1031     1
1036     2
108    1
1083     2
1088     2
1126     2
1147     2
1187     1
1192     1
1222     1
1236     2
1237     1
1238     1
1239     1
1240     2
1249     2
1253     2
1254     2
1255     2
1256     1
1260     2
1261     2
1288     2
13   2
1303     2
1310     1
1320     1
1338     2
1339     2
1340     2
1357     2
136    2
137    2
1370     1
138    2
1391     2
14   2
1406     2
1411     1
1429     1
1441     2
1469     2
1475     2
148    1
1480     2
1484     2
1485     1
1486     2
1487     1
1488     2
1489     2
1490     1
15   2
1507     1
1508     2
1515     1
1522     1
153    2
1542     2
1549     1
1555     2
1592     1
1593     2
1595     2
1605     1
1606     2
1607     2
1611     2
1645     1
1664     2
1665     1
1687     2
1701     1
1703     1
1708     1
1734     2
1746     1
1755     2
1760     2
1761     1
1772     2
1788     1
180    2
1804     1
181    2
1832     2
1842     2
1871     2
1923     1
1927     1
1932     1
1937     1
1975     1
1994     2
2  2
2013     2
2015     2
2030     2
2031     1
2043     2
2044     2
2045     1
2046     1
2047     1
2048     1
2070     2
2105     1
2113     1
2116     1
2124     1
2126     2
2129     1
2135     2
2142     2
2143     1
2144     2
2145     2
2146     2
2147     2
2148     2
2149     2
2150     2
2154     1
2166     1
2180     1
2182     1
2207     1
2214     2
2222     1
2228     2
2237     1
2243     2
2257     2
2258     1
2269     2
2271     1
2291     2
2302     1
233    2
2340     2
2348     1
2355     2
2363     2
2366     1
2378     2
2379     2
2391     1
2396     2
2403     1
2427     1
2430     1
2456     1
2467     2
2469     1
247    2
2489     2
2491     1
2494     2
2518     2
252    1
2531     1
2535     2
2550     2
2551     2
2554     2
2557     2
2558     2
2583     2
259    2
2617     1
2648     1
2655     1
2657     1
2662     1
2670     2
2675     1
2678     2
2690     1
2705     2
2706     2
2717     1
273    1
2732     1
2742     2
2743     1
2763     2
2773     1
2774     1
2783     1
2805     1
2808     1
2810     2
2853     2
2870     2
288    2
2885     2
289    1
2912     2
2916     1
2918     1
2919     1
2922     2
2946     1
2967     2
2968     2
2975     1
2976     2
2980     1
299    2
2994     1
3019     2
3022     2
3023     2
3024     2
3025     1
3026     2
3027     2
3028     2
3029     2
3034     2
3040     2
3046     2
3088     1
3090     2
3107     2
3108     1
3118     1
3136     2
3146     2
3152     1
3159     2
3191     1
320    2
3204     2
3206     2
3215     2
3221     1
3241     1
325    2
3252     1
3257     1
3261     1
3265     1
333    2
343    1
349    1
350    1
363    1
4  2
401    1
403    2
411    2
418    2
422    2
427    1
443    1
444    1
454    1
458    2
46   1
463    2
47   1
471    1
475    2
5  2
516    1
525    2
530    2
537    2
543    2
546    1
547    2
549    1
559    2
560    2
561    2
572    2
597    1
6  2
60   2
644    2
648    2
651    2
680    2
681    2
682    2
683    2
684    2
695    1
7  2
728    2
729    1
735    2
743    2
756    2
767    1
768    2
782    2
786    2
8  2
800    2
834    2
836    1
845    2
870    2
882    1
883    1
887    1
9  2
900    1
901    1
903    1
908    2
916    1
951    2
963    1
964    1
990    1
991    2
992    1
993    1
994    2
995    2
1008     1
1009     1
1012     2
1018     2
1022     2
1029     2
1038     1
1045     2
1048     2
107    2
1081     1
1099     2
1104     1
1107     2
1131     2
1141     2
1153     2
1154     1
1161     2
1162     2
1164     1
1165     2
1167     1
1168     1
12   2
121    1
1210     2
1211     2
1212     2
1224     2
1229     2
1241     1
1242     2
1266     2
1297     2
1315     2
1317     2
1325     2
1337     1
1346     2
1354     2
1369     1
1380     2
1385     2
1387     1
1389     2
1395     2
1402     2
1408     2
1430     2
144    2
1455     1
1457     2
1458     1
1462     2
1472     2
1474     2
1505     1
1516     2
1523     2
1524     1
1526     2
1536     2
1565     2
1596     2
163    2
164    2
165    2
1657     1
1658     2
166    2
1686     1
1690     1
17   2
1718     2
1726     1
1728     1
1731     2
174    2
1745     1
1757     1
1762     1
1779     1
1787     1
1790     2
1806     2
1812     2
1817     1
1818     1
1823     2
1826     1
1856     1
186    2
1885     2
1889     2
1893     2
1907     1
1911     2
1917     2
1920     2
1924     2
1941     1
1972     2
2003     2
2007     2
2025     1
2068     2
2088     1
2089     2
209    2
2090     2
2099     1
210    2
2100     1
2101     2
2106     1
211    2
2112     1
212    2
2127     1
213    2
2130     2
2138     2
214    2
215    2
2160     1
2162     1
2175     2
2187     2
2189     1
2190     1
2201     2
2205     1
2212     1
2215     2
2216     2
2226     2
2233     2
2260     2
2266     2
2274     1
2295     2
2303     2
2308     2
2317     2
2318     2
2344     1
2350     1
238    2
2400     2
2422     2
2424     1
2425     2
2428     2
2433     1
2466     2
2472     2
2493     2
25   1
2506     2
2541     2
2542     2
255    2
2552     2
2573     2
2580     1
2595     1
2596     2
26   2
2608     1
2624     2
2639     2
2644     2
265    1
2666     2
2674     2
268    2
2697     2
27   1
2725     2
2736     2
2758     1
276    2
2777     1
2778     1
2785     1
2791     1
281    2
2812     1
2837     1
2838     2
2856     2
286    1
2865     2
2874     2
2875     1
2883     2
292    1
2926     1
2931     1
2935     1
2944     1
295    2
2965     1
2974     2
2983     2
2998     2
300    1
3005     1
301    2
3021     2
3030     2
3031     2
3049     1
3066     1
309    2
3097     1
31   1
3134     1
3135     2
3148     1
315    1
3154     2
3157     2
3161     1
3180     1
3183     2
3184     2
3187     2
3195     2
3232     2
3235     1
3240     2
3249     1
3250     1
3253     1
3254     1
3269     1
3273     1
3274     1
33   2
348    1
35   2
360    2
371    2
380    1
387    2
39   2
40   2
409    2
420    1
435    1
436    2
445    2
45   2
459    1
470    2
473    2
487    2
489    2
50   2
501    2
510    1
53   2
555    2
556    2
568    2
569    2
576    2
577    2
584    2
598    1
600    1
601    2
604    1
609    1
619    1
621    1
623    2
624    2
636    2
663    1
671    1
674    2
675    2
676    1
677    2
678    1
679    2
689    1
698    2
70   2
709    2
736    2
737    2
741    1
766    2
801    2
806    2
815    2
821    2
824    2
83   1
833    2
837    2
84   2
848    2
85   2
850    2
851    1
853    2
862    1
867    2
878    2
879    1
884    2
888    1
899    1
922    1
941    2
950    2
962    2
973    2
974    2
980    1
984    2
996    2
997    1
10   2
1000     1
1010     2
1016     2
1021     2
1023     2
1035     2
1047     2
1052     2
1063     2
1070     2
1076     2
1085     2
1089     2
1093     2
1096     1
1105     1
112    2
1122     2
1145     1
1151     2
1152     2
1182     2
1185     1
1197     2
1205     2
1206     2
1217     2
1218     2
1223     2
1231     1
1257     1
1259     1
1272     1
1273     1
1274     1
1276     2
1302     1
1307     1
1323     2
1329     2
1330     1
1331     1
1332     1
1333     1
1334     1
1335     1
1336     1
1364     1
1374     2
1376     2
1381     1
1386     2
1400     1
141    2
1417     1
1420     1
1422     2
1423     2
1426     2
1432     1
1436     2
1470     1
1495     1
1496     1
1510     1
1512     2
1543     1
1579     1
1580     2
1586     2
1601     2
1604     2
1617     1
1618     2
1631     2
1667     2
1711     1
1719     1
1732     1
1736     1
1758     2
1769     2
1785     2
1801     1
1809     1
1810     2
1813     1
1824     2
1833     2
1839     2
1848     2
1867     2
187    2
1879     1
189    2
1894     2
1914     1
1915     1
1916     1
1925     1
193    2
1934     1
1952     1
1967     2
1968     2
1969     1
1970     2
1971     2
1976     2
1977     2
1990     2
1996     2
2019     2
2020     2
2022     2
2033     2
2035     2
206    2
2084     2
2086     1
2087     1
2093     1
2121     2
2125     2
2131     2
2132     2
2157     2
2161     2
2164     2
2165     2
218    1
2186     2
219    2
2224     1
2225     1
2227     1
2248     2
225    2
2256     2
2263     2
2270     1
2294     2
2299     1
2307     2
2309     1
2311     2
2315     2
2316     1
2336     2
2357     1
2358     1
2369     1
2388     2
2394     2
2416     2
2435     2
2439     2
2464     2
2475     2
248    2
2488     1
2498     2
2503     1
2527     2
2529     2
2530     1
2533     2
2540     1
2543     1
2544     2
2574     2
2601     2
2605     2
2606     2
2612     2
2614     2
262    2
2653     1
2654     2
2659     2
2668     2
2671     2
2681     1
2698     1
2712     2
2713     2
2727     1
2729     1
2730     2
275    2
2756     1
2790     1
2796     2
2797     1
2798     1
2800     2
2803     1
2823     2
2825     2
2826     2
2827     2
2834     2
284    2
2840     1
2857     2
2869     1
287    1
2873     1
2877     2
2878     1
2899     1
290    1
2904     1
2914     1
2927     2
2928     1
2939     1
2943     1
2945     1
2950     2
2959     1
2977     2
2993     2
2999     1
3009     2
3010     2
3013     2
3048     1
3053     2
3054     2
3057     1
3073     2
3078     1
3079     1
3080     1
3081     2
3082     1
3095     2
311    2
3111     1
3117     2
3121     2
3139     2
314    2
3156     2
3158     2
316    1
3160     2
317    2
3201     2
3222     2
3239     1
3243     2
3244     1
3266     1
3275     1
328    2
340    1
344    2
365    2
367    2
373    2
374    2
381    2
382    2
383    2
384    2
405    1
410    2
417    2
419    2
431    2
438    2
462    1
486    1
492    2
506    2
531    2
536    2
541    1
544    2
548    1
580    2
586    2
587    2
588    2
603    2
612    2
613    2
615    1
632    2
634    2
640    2
647    2
655    2
661    2
662    1
690    2
702    1
717    1
720    2
725    1
731    2
754    2
759    2
764    2
774    2
781    2
795    1
80   2
803    2
830    2
863    2
869    1
873    2
909    2
910    2
914    2
918    2
927    2
929    2
961    1
975    2
98   2
988    1
999    2
1011     2
1043     2
1044     1
1046     2
1061     2
1064     2
1073     1
1075     1
1078     2
1086     2
109    1
1095     1
1102     2
1108     1
1124     2
1125     2
1130     2
1138     2
1143     2
1176     1
1178     2
1179     2
1189     1
120    2
1203     1
1209     2
1213     1
1214     2
1258     1
1263     2
1286     1
1327     2
133    2
1345     2
1347     1
1349     2
1350     1
1359     1
1361     1
1378     2
1382     2
1401     1
1404     1
1415     1
1418     1
1424     2
1427     1
1454     1
1461     2
1478     2
1491     1
1509     2
1511     1
1530     1
1539     2
154    2
1548     1
1553     2
1559     1
1560     1
1568     1
157    2
1570     2
158    2
1581     1
1589     2
1591     2
1594     2
1597     2
16   2
160    2
1613     2
1655     1
1666     2
167    2
1674     1
1675     2
168    2
1695     1
1707     1
1710     2
1717     2
172    1
1720     1
1735     2
1749     2
1783     2
1791     2
1802     1
1828     2
1846     1
1847     1
1861     2
1888     1
1897     1
1902     1
1903     1
1904     2
1955     2
1956     2
1957     2
1958     2
1959     2
1966     1
1973     1
1978     2
1979     2
1980     2
1981     2
1982     2
1983     2
1984     2
1985     2
1998     2
2050     2
207    2
208    1
2091     2
2096     1
2098     1
2104     1
2120     1
2141     2
2191     2
2198     2
2199     2
2203     2
2255     2
2265     2
2280     2
2281     2
2282     1
2286     2
2300     2
2301     1
2304     2
2310     1
2319     1
2320     2
2321     1
2330     2
2331     2
2335     2
2337     2
2364     2
2370     2
2376     1
2398     1
2415     1
242    1
243    1
244    2
2440     1
2445     1
2448     1
245    1
2451     2
2452     1
2453     2
2455     2
246    1
2461     2
2477     2
2486     1
2496     2
2501     2
2507     2
2508     2
2509     2
2532     2
2549     2
2553     2
2565     2
2566     2
257    2
2585     1
2587     2
2588     1
2597     2
2599     1
2602     2
2603     2
2604     1
2628     2
2633     1
2649     2
2660     2
2661     1
2667     1
2683     2
2684     2
2686     2
2687     2
2688     2
2691     2
2692     2
2695     2
2696     1
2704     2
2731     2
2740     1
2745     1
2748     1
2749     2
2762     1
277    1
2770     1
2779     1
2781     2
2811     1
2815     1
2816     1
2841     1
2842     2
2843     1
2844     2
2920     2
2921     2
2933     1
2941     2
2949     2
2969     1
2981     2
2982     1
2992     1
3002     2
3032     2
3035     1
3041     1
3042     1
3058     1
307    1
3077     1
3113     1
3120     2
3126     2
3128     1
3138     2
3151     2
3164     2
3165     2
3173     2
3174     2
3185     1
3192     2
3231     2
324    1
3247     1
327    2
330    2
34   2
342    2
345    1
355    2
356    2
37   2
375    2
395    1
396    1
399    2
406    2
413    2
44   1
441    2
48   1
488    1
49   2
496    1
514    1
518    2
528    2
534    2
535    2
538    2
54   1
545    1
562    1
564    2
566    2
567    1
571    1
573    2
638    2
650    2
66   2
664    2
706    2
707    2
708    2
723    1
749    2
750    1
752    1
755    2
758    2
775    1
776    1
779    1
784    2
789    2
79   1
790    2
791    1
798    2
804    1
81   2
82   1
822    1
835    2
841    2
844    2
847    2
889    1
891    2
902    2
906    1
907    1
913    2
93   1
931    2
936    1
94   2
943    2
947    2
971    2
972    1
982    1
983    2
