335    0
3103     1
2080     1
2390     1
2733     0
2539     1
2760     0
3170     0
188    1
1366     0
2387     0
1403     0
3169     0
1648     1
433    0
608    0
332    0
341    0
2079     1
1133     1
2293     0
3130     0
2327     1
2764     0
1468     1
2645     1
654    0
1316     0
1865     0
2898     1
2897     1
2986     1
432    1
511    1
2362     1
1908     1
2432     0
2880     1
2881     1
69   0
2155     1
2365     0
2594     1
2818     1
2987     1
3069     0
2436     0
2512     0
205    1
2492     1
3007     1
700    0
1072     1
666    1
2510     0
162    1
200    1
1628     1
771    1
919    1
2925     1
3210     1
3248     1
1360     1
3209     1
3208     1
1697     0
2034     0
2305     0
3016     0
2397     1
665    1
2204     1
633    1
1311     0
829    1
161    1
3172     0
1220     1
1500     1
1696     1
305    1
596    1
1918     0
2410     1
1502     1
1673     1
1501     1
2076     0
832    1
2961     0
1405     1
1676     1
2041     1
857    0
1661     1
722    1
785    0
1013     0
1037     1
2637     0
2636     0
1632     0
1986     0
1677     1
1987     0
732    0
1504     0
1679     1
1678     1
593    1
694    1
1799     1
1660     1
2404     0
817    1
1854     1
2902     1
1768     0
1857     1
2623     0
959    1
122    1
1988     1
3175     0
1680     1
3140     1
500    1
583    1
622    0
1764     0
2196     0
1961     0
1921     0
1656     1
2598     1
827    1
1634     0
2780     0
1681     1
2039     1
2399     0
1682     1
2037     0
2782     0
123    1
2038     0
3167     1
1291     1
942    1
2040     0
224    1
254    1
140    1
1440     1
1873     1
2438     0
1633     0
2564     1
3083     1
258    1
1065     0
170    1
1683     0
1528     0
592    1
1135     0
688    1
1186     1
1225     1
1995     0
748    0
334    0
3182     1
1636     0
1635     0
1638     0
1637     0
1639     0
3237     1
3236     1
2958     0
565    1
697    0
352    1
2523     0
2482     0
1641     0
1640     0
1643     0
1642     0
1062     0
2586     1
1278     0
1646     0
1517     1
2609     1
1264     0
3188     0
1875     1
933    1
1471     1
948    0
2325     1
2463     0
2001     1
1115     1
313    1
1900     1
312    1
2499     0
434    1
2635     0
2055     0
469    1
216    1
304    1
2368     0
2735     0
928    1
1518     0
2504     1
1784     0
1300     1
1299     1
2578     0
1301     1
805    0
1943     1
893    1
3087     0
1479     1
2517     1
733    1
2056     0
2042     1
88   1
3036     0
551    0
2254     0
3001     0
2406     0
92   1
1716     0
2766     1
1121     1
1629     0
1442     1
1295     0
2611     0
2359     1
533    1
894    1
809    0
1281     1
637    1
18   1
19   1
1935     0
772    0
1525     0
1936     0
2524     1
2619     0
2711     0
1393     0
1689     1
825    1
2334     1
734    1
23   1
24   1
2613     0
20   1
21   1
22   1
1960     1
773    0
1373     0
1612     0
770    1
2411     1
892    1
920    1
194    1
2784     0
2372     0
1196     1
2787     0
807    1
2788     0
2710     0
3166     1
428    1
2029     0
1353     0
296    1
297    1
1207     1
693    0
2252     1
719    1
3038     1
3037     1
86   1
1201     1
3039     1
2750     0
1751     0
267    1
1859     1
504    1
2024     1
1082     1
2701     0
1753     1
1208     0
3132     1
3093     1
270    1
2789     0
271    1
1922     0
2023     0
2283     1
1476     1
1883     0
3059     0
2069     0
2700     0
3270     1
2942     0
2351     1
1786     1
269    1
1691     0
2172     1
505    1
183    1
302    1
2652     0
1834     1
1919     0
871    1
923    1
2680     0
176    1
2679     0
1974     0
2471     0
2414     1
2484     1
930    0
2734     1
2483     1
2545     0
1662     1
1166     0
2882     1
2261     1
2988     1
1230     0
2262     1
1803     0
2231     0
1398     0
1407     0
119    1
646    0
2824     1
886    1
2757     0
3129     0
1545     1
1544     1
557    1
1227     0
945    1
2685     0
478    1
581    1
480    1
1392     1
479    1
1651     1
483    1
2128     1
1080     0
482    1
481    1
2989     1
2525     1
926    1
1929     0
1308     0
2855     1
1322     0
629    1
630    1
1110     0
1659     1
1849     1
2479     1
1877     1
2085     0
398    1
605    1
1744     1
1321     0
3137     0
2571     1
668    1
131    1
2075     1
1814     0
421    1
2420     0
2813     1
2913     0
3100     0
30   1
1869     0
1444     0
1963     0
407    1
2526     1
41   1
3115     1
1054     1
3092     0
266    1
1702     0
2923     0
3104     1
2814     0
2117     0
721    1
1328     1
2793     0
2536     1
2641     1
173    1
2169     0
2465     1
859    0
1623     0
1622     0
1630     1
1759     0
3260     0
1127     0
1621     0
631    1
1137     0
468    1
810    0
467    1
466    1
1435     1
527    0
2581     1
2418     0
718    1
1892     0
2505     0
3216     1
934    0
1421     1
464    1
2985     1
465    1
1042     0
1148     0
378    1
1459     0
2984     1
1091     0
2804     1
1174     0
760    1
2200     1
497    1
3015     0
1250     1
2459     1
472    1
1235     0
912    1
2860     1
2377     0
1431     1
1067     0
2547     0
3193     0
2095     1
2393     1
1928     0
1428     0
2859     0
2401     0
2487     1
2901     1
875    1
1473     0
408    1
437    0
1554     0
3143     0
2755     0
498    1
898    0
2193     1
2194     1
672    1
924    0
2017     0
3242     0
62   1
2018     0
2858     0
585    1
2940     0
1041     0
2238     1
3179     0
118    1
1993     0
1452     0
1713     0
2184     0
1128     1
2408     0
1953     1
2306     0
3163     0
3271     1
2208     0
3207     0
1077     0
2264     0
3064     0
1289     0
2188     0
2450     1
97   1
3063     0
1050     0
3085     0
2329     0
958    0
3217     1
1654     0
2473     0
2137     0
1355     0
155    1
461    1
202    1
2179     0
1434     0
1059     1
3142     1
261    1
1685     1
2937     0
1514     1
1705     0
861    0
2522     0
751    1
539    1
1692     1
2206     0
2886     1
2631     0
1351     0
1541     1
1829     1
3014     1
2385     0
1715     0
2620     0
369    1
2714     0
1933     0
1169     0
517    1
2447     1
935    1
2677     0
940    0
1433     0
1926     0
370    1
1793     1
1582     0
2185     0
171    1
1416     1
1712     0
2642     0
1191     0
2010     0
965    1
1940     0
1277     0
521    1
3018     0
1296     0
513    1
1163     1
1443     1
3084     1
1204     0
2887     1
385    1
2343     0
1027     0
1494     0
196    1
1304     1
582    1
2610     0
2163     1
2502     1
3267     0
293    1
388    1
2708     0
2338     1
635    1
1561     1
2817     1
1881     0
2589     0
1170     0
1305     1
338    0
1306     0
1740     0
145    1
2664     1
897    0
1233     0
1092     1
2058     1
856    0
1499     0
946    0
1951     1
3004     0
2948     0
2822     1
1529     0
1282     1
1547     1
2012     0
642    0
1599     0
2177     0
3003     0
3264     0
2178     0
2287     1
1752     1
2744     1
1114     1
2314     1
68   0
2575     1
1588     1
272    0
1860     0
3062     0
1007     1
1280     0
240    1
1120     1
2964     0
1175     0
954    1
2616     0
715    1
2867     0
3186     1
512    1
2868     0
2739     1
89   1
2409     1
2786     0
452    1
1906     1
65   0
1625     1
2247     0
2821     1
43   0
294    1
303    1
1774     1
1891     0
1506     1
656    1
2738     0
1098     0
2847     1
474    1
1855     1
2500     1
2032     0
2289     1
2119     0
2737     0
2288     1
2097     0
595    1
969    0
1616     1
1540     0
1627     1
2676     0
1730     1
840    1
2462     1
2647     1
3200     0
2938     1
3199     0
2341     0
1782     1
797    0
2444     0
1884     0
3211     0
1493     0
966    1
318    1
3176     1
447    1
1033     0
1466     0
448    1
2275     0
2792     0
3196     1
1111     1
726    0
1290     0
1562     1
2754     0
2753     0
2600     0
2646     1
932    0
3008     0
1590     1
3203     0
191    1
895    0
2537     0
1748     1
3114     0
1747     1
3181     0
2152     1
818    1
2342     0
1939     0
2426     0
1026     0
1948     1
1647     1
1537     1
1564     0
1950     1
1949     1
2083     1
639    1
2651     1
2728     0
51   1
1808     0
599    1
2151     1
124    1
1947     1
1946     1
3006     0
439    0
3110     0
3101     0
3098     0
1944     1
2051     1
3112     0
1945     1
67   1
2979     1
2534     0
2173     0
2591     0
1243     0
2333     1
746    1
2122     1
1819     1
2709     1
2229     0
2195     1
135    1
55   1
1519     0
1766     1
2852     0
2384     0
526    1
1039     0
628    1
716    1
2568     1
99   1
2851     0
1251     1
3218     0
515    1
2934     1
1552     0
457    1
2326     1
602    0
937    0
2277     1
2795     1
1962     0
2380     1
331    1
1698     1
2836     0
2618     0
2114     0
1348     0
2722     0
263    1
1583     1
393    1
2442     0
1729     1
2004     1
2871     1
3102     0
1030     0
105    1
2723     1
1913     1
570    1
3116     0
2441     0
1265     0
3127     0
2118     0
1498     0
711    1
860    0
1188     1
1040     0
1024     0
890    1
2014     1
362    1
1371     1
1931     1
1965     1
192    1
2174     0
2569     0
2431     0
3171     0
1991     0
611    0
1399     1
1200     1
61   1
1097     0
1285     1
1841     1
520    1
783    0
1520     1
476    1
2443     0
2716     0
1776     1
816    1
2807     0
1775     1
1144     0
1246     1
195    1
2062     1
337    0
1156     0
3131     0
877    1
1587     1
2957     1
1706     0
1032     0
2061     1
449    0
2276     1
2707     0
938    1
110    0
1375     0
2929     0
696    0
1477     0
915    1
1602     0
998    0
1653     0
2615     1
3245     0
905    0
3144     1
1771     1
3178     1
56   1
1287     0
201    1
1397     0
74   1
1245     1
430    1
925    1
336    0
2353     1
1056     0
184    1
1150     1
1356     1
73   1
499    1
132    1
1688     0
1372     0
3145     0
72   1
1100     0
704    1
1852     0
2115     1
705    1
1049     0
2747     0
2699     0
2511     0
3263     0
553    0
710    1
1172     0
1173     0
1193     0
1262     1
234    1
823    1
2183     0
1123     0
532    1
1567     1
714    0
2284     1
765    0
814    1
1069     0
944    1
574    1
1103     0
575    1
2861     0
2556     1
1410     1
1247     1
1248     1
1566     1
854    1
1101     0
2064     1
524    1
3234     1
2139     0
2140     0
2952     1
1999     1
2000     1
2905     1
802    0
1365     0
2292     0
197    1
198    1
2907     0
3045     0
1754     0
2906     0
2002     0
2963     0
2962     0
308    1
957    0
1870     1
2250     1
2819     0
397    1
2298     1
2170     0
757    1
1620     0
491    1
2470     1
291    1
490    1
264    1
274    1
2279     0
1113     1
2625     1
366    1
2412     1
2724     1
1811     0
1614     1
778    1
1825     1
402    1
2053     1
2223     0
1821     0
1797     1
1439     1
1228     0
199    1
703    1
1938     1
2434     0
2027     1
2092     0
2481     0
1535     1
2577     1
730    1
579    1
1028     1
1503     1
1483     0
3020     1
2253     1
2094     0
425    0
424    1
423    1
2081     0
1571     1
282    0
2665     0
2693     1
1773     0
368    1
217    1
3141     1
2110     0
460    1
616    0
1456     1
2888     1
2367     0
2876     1
3162     0
115    1
1116     0
763    1
3212     1
3256     1
2395     1
2932     0
3060     0
2134     0
64   0
3086     1
761    1
1252     1
1558     1
323    1
1319     0
2346     1
2903     1
3033     1
1693     0
42   1
2995     0
1694     0
1603     0
1181     1
1068     0
404    1
394    1
446    1
885    1
227    1
116    1
838    1
1119     0
414    1
177    1
451    1
2028     1
1149     0
2997     0
745    0
3223     0
1901     1
2726     1
1367     0
178    1
1835     1
179    1
2066     0
2864     1
377    1
667    1
3056     1
618    0
3055     1
1822     1
143    1
3255     1
1109     1
523    1
858    0
1800     0
142    1
762    1
310    1
2632     1
1609     0
2908     0
727    0
149    1
150    1
2579     1
151    1
152    1
57   1
2016     0
322    1
1652     1
2405     0
820    1
753    1
3012     1
1887     0
3011     1
626    1
2063     0
2947     1
2290     0
1615     1
2065     0
2658     1
819    0
1084     0
777    0
117    1
2181     0
1284     0
3096     0
426    0
1362     0
2419     1
952    1
1195     0
2627     0
2339     1
3094     0
1777     1
2966     0
114    0
3190     1
2833     0
2192     0
1756     0
249    1
699    0
3000     1
2077     0
1531     0
1020     1
1770     0
389    1
724    0
2630     0
2978     0
2990     1
390    1
843    0
392    1
3123     0
842    0
391    1
1140     1
400    1
1896     1
1538     1
2626     0
614    0
1183     0
2386     0
159    1
2102     1
1313     0
1844     1
59   1
793    0
1312     0
1789     0
1184     0
1742     0
2839     1
2563     1
2521     1
2082     1
2936     0
3189     0
2767     0
146    1
1341     1
58   1
1342     1
686    1
2768     0
372    1
2769     0
1863     0
1271     0
1132     1
1989     0
1343     1
744    1
2772     0
502    1
3238     0
2715     0
2476     0
591    1
2771     0
2746     0
77   1
3205     0
76   0
987    0
1763     0
230    1
231    1
3220     0
2953     1
1377     1
2801     1
1155     0
75   1
1997     1
279    1
955    1
2672     1
685    1
1324     0
627    1
3262     0
2703     0
229    1
1598     1
1864     0
2054     1
2643     1
2480     1
2702     0
3229     1
2381     0
3228     1
2109     1
3227     1
364    1
3226     1
3225     1
1202     0
2167     0
1244     1
1384     0
241    1
3230     1
1909     0
2548     1
828    1
228    1
1827     1
1699     0
2572     0
1714     0
1463     1
1569     0
657    1
1738     0
904    0
2576     0
455    1
658    1
1090     1
2407     1
2460     0
1743     0
669    1
2202     1
1930     0
659    1
182    1
1619     0
1584     1
2153     0
660    1
1180     1
1379     0
450    0
1585     1
643    1
1649     1
2669     1
3091     1
253    1
1868     0
3119     0
620    0
874    0
1709     0
113    1
712    1
3133     1
896    1
306    1
1412     1
239    1
1954     0
866    1
939    0
2924     0
590    1
1895     0
811    1
106    1
610    0
484    1
95   1
1671     1
2546     1
485    1
1843     1
1851     1
3017     0
2423     0
645    1
1451     1
2761     0
416    1
351    1
104    1
103    1
102    1
2021     0
3074     0
509    1
1725     1
1724     1
1872     1
625    0
2382     0
1034     1
2584     0
2954     0
1270     1
2036     1
1269     1
1268     0
1577     0
1805     0
111    1
357    1
1157     0
298    1
346    1
578    1
2136     0
2049     1
2910     1
3072     0
796    0
2251     1
880    0
2951     1
250    1
1497     0
1575     0
1574     0
787    1
1294     1
1576     0
1293     1
1853     1
2955     1
956    1
1419     0
1840     1
529    1
1344     1
589    1
2911     1
2917     0
2863     1
1899     1
2478     0
1318     0
808    1
1573     1
1292     0
1572     1
522    1
1600     0
190    1
1283     0
2213     0
1079     0
347    1
550    0
1780     0
1880     1
2528     1
2751     1
2835     1
2799     0
321    1
2168     0
2776     0
3149     0
442    1
63   1
3043     0
2893     1
2059     1
2890     1
2354     1
641    1
2889     1
2892     1
1513     0
1704     0
2891     1
1071     0
1017     0
493    1
960    0
1139     1
495    1
2956     1
691    0
1578     0
2240     0
1815     1
1409     1
1816     0
2272     0
2909     1
100    1
2402     0
1556     0
1363     0
1557     1
2896     1
653    1
508    0
649    0
1112     1
2446     0
1219     0
1830     1
1275     0
2347     1
1326     0
2067     0
2806     1
3150     0
2894     1
2895     1
949    0
3070     0
2239     1
1396     1
1160     0
3155     0
617    0
1765     1
2850     1
2375     0
3258     0
1794     0
2849     1
2561     1
2259     0
985    0
3219     0
2590     0
507    0
2413     1
2640     1
2249     1
1066     1
1136     1
687    1
1898     1
673    1
917    1
2794     0
260    1
2592     0
1778     1
2352     1
3071     0
977    0
2515     1
326    1
2514     0
540    1
976    1
1437     0
2513     1
3044     0
1464     0
1964     1
2417     0
2374     1
2371     0
3197     1
3198     1
91   1
1858     1
2538     0
2607     0
563    0
2621     0
2516     1
185    1
71   0
3052     1
429    1
2560     1
175    1
3106     0
1700     0
2520     0
412    1
2519     0
415    1
2392     1
2991     0
285    0
376    1
1684     1
881    1
1025     0
2071     1
1142     0
3122     1
1438     1
1001     0
2421     1
1177     1
2915     1
256    1
826    0
134    1
1449     0
90   0
1448     0
1198     0
792    1
849    1
1226     0
379    1
1118     0
2210     1
3259     1
358    1
3065     0
780    1
2158     0
2211     1
3272     1
738    0
1314     0
607    0
1158     0
29   1
1146     0
2854     0
1467     1
3268     0
968    0
1159     0
494    1
2234     0
2663     0
1626     1
1055     0
1798     1
2060     0
978    1
979    0
1796     1
1795     1
2759     0
692    0
503    0
953    1
2562     0
2221     0
2454     1
2775     0
1792     1
2073     0
1750     0
3147     0
2008     1
1171     1
3233     1
3251     1
1905     0
1221     0
713    0
970    0
453    1
1058     0
477    1
519    1
2312     0
1106     0
1831     0
2718     1
1910     1
1610     0
542    1
3202     0
1267     1
1453     1
2235     1
2437     0
2297     1
280    0
1194     0
1546     0
2593     0
2468     1
3076     1
3075     1
3246     0
87   0
2123     0
2570     0
101    1
1051     0
32   1
813    0
812    1
2074     1
2720     1
2429     0
251    1
554    1
2846     1
2832     0
1876     1
799    0
1882     0
2296     1
2209     0
2567     0
2373     1
1550     1
2802     1
981    1
2197     1
2809     0
2960     1
788    1
2313     0
2220     1
1727     1
2072     0
868    0
831    1
2107     1
2108     0
1094     1
1279     0
742    0
2831     1
1737     0
1886     0
2830     1
2930     1
2900     1
1358     1
204    1
2555     1
354    1
1670     1
1216     0
2159     1
1004     0
2230     1
739    0
36   1
1874     1
1837     1
1781     1
740    0
1015     0
2057     0
1878     1
2171     0
2332     1
2133     0
558    1
2673     1
2634     1
1057     0
1190     1
967    0
226    1
125    1
1003     0
28   1
1767     1
2741     0
1668     1
1019     0
1232     0
1669     0
1002     0
1527     1
1413     0
1820     0
2559     0
1414     0
2005     0
921    1
701    1
2820     0
2879     0
1850     1
2694     0
2970     1
1199     1
1521     1
986    0
2268     0
2449     1
1383     1
1390     0
2682     0
232    1
3047     0
1465     1
2845     0
169    1
2323     1
2638     0
2324     1
1309     0
3224     1
2345     0
1890     0
2111     0
2765     0
2971     0
1388     0
359    1
606    1
2006     0
3089     0
283    1
3153     1
1722     0
3067     1
3068     1
1723     0
3168     0
52   1
2267     0
339    0
361    1
852    0
1482     0
2052     0
1807     1
1721     1
220    1
2026     1
2278     0
2582     1
2497     1
2689     0
2322     1
1450     0
2176     1
1532     0
3194     1
1117     1
2349     0
865    0
2232     1
2011     0
3124     0
1563     1
2273     1
2361     0
1741     0
2752     1
3105     0
2972     0
864    1
2973     0
38   0
2457     0
3213     1
3214     1
386    1
2356     1
2360     1
203    1
1551     0
440    0
839    1
3125     1
1087     0
223    1
2490     0
846    0
2656     0
876    1
139    1
1533     0
652    0
2622     0
2650     1
2156     0
2884     0
1624     0
1394     0
2629     0
1739     0
2219     0
989    1
1492     0
2828     1
2458     0
1836     1
2996     0
670    1
855    0
2244     1
2245     1
2872     0
594    1
2246     0
1134     1
1074     1
329    1
1942     1
1060     1
78   0
222    1
235    1
221    1
1445     0
2218     0
1446     0
1650     1
2103     0
2236     0
2078     1
3061     0
456    1
96   1
2495     0
2217     0
126    1
3109     0
3177     1
747    1
353    1
237    1
1862     1
11   1
319    1
1663     1
3  1
1447     0
1838     0
236    1
1608     0
2328     1
2485     1
1460     0
1644     0
2848     0
1352     0
872    1
1733     0
794    1
156    1
128    1
127    1
1234     0
2241     1
129    1
2242     1
1672     1
130    1
2389     1
3051     1
552    0
1298     1
3050     0
2866     0
1215     0
1912     1
1992     0
1425     0
2721     1
1053     0
2829     1
278    1
1845     0
2719     1
147    1
1368     0
1481     1
2474     0
1866     0
1129     0
1534     1
2285     1
2862     0
769    0
2383     0
3099     0
2009     0
911    1
2617     0
1338     1
1  1
1339     1
1340     1
3146     1
2  1
2243     1
148    1
1357     1
2427     0
3215     1
2494     1
454    1
2113     1
597    1
2291     1
2207     0
3046     1
2810     1
2237     0
403    1
1927     0
2773     0
883    0
1005     0
247    1
1192     1
2885     1
418    1
1772     1
259    1
1804     0
2518     1
2976     1
471    1
2557     1
887    0
2690     0
2675     0
273    1
3136     0
543    1
1411     0
2467     0
1975     1
547    1
1549     1
2180     0
153    1
3204     1
2166     0
422    1
1490     1
1488     1
1489     1
1486     1
1487     1
525    1
1036     0
1484     1
1485     1
1406     0
782    1
2657     0
1515     0
2743     0
363    1
475    1
651    1
136    1
1310     0
1606     1
1391     1
2967     0
2662     0
3252     1
2742     0
1370     1
1593     0
2491     1
3090     1
1664     1
2805     0
1760     1
343    1
1832     1
288    1
2015     0
1788     1
3221     0
2182     0
1255     1
1240     0
2031     0
2257     0
2142     1
800    1
2946     1
1303     1
1320     1
1994     1
2912     1
2144     0
743    0
786    1
1014     0
1239     0
181    1
2348     0
530    1
2143     1
180    1
882    0
2340     0
2994     0
2919     0
1249     0
2030     0
2046     0
3152     1
1031     0
443    1
444    0
1238     0
1237     0
2149     1
2045     0
2044     0
2258     0
3034     0
2148     1
2147     1
2146     1
2870     1
559    1
2145     1
1187     0
1755     0
1734     1
903    0
2469     0
1236     0
2554     1
2070     0
2048     0
2916     0
2808     0
901    0
2047     0
2430     0
299    1
834    0
2126     1
1083     0
2150     1
2853     1
2550     1
3261     0
3265     0
836    0
1607     0
2670     0
2043     0
2228     1
2922     0
964    1
350    1
1746     1
2535     0
427    0
537    1
333    1
1645     0
963    1
1253     1
1254     1
252    1
137    1
138    1
463    1
561    1
2366     0
1932     0
2302     0
2717     0
2456     0
1147     1
2222     0
2705     0
4  1
1665     0
644    0
2980     0
560    1
1592     0
1507     1
995    1
325    1
2363     1
993    0
3257     1
994    1
2154     0
2918     0
6  1
5  1
2706     0
2975     0
2583     1
991    1
3040     0
7  1
2378     1
2124     0
3118     0
1708     0
992    0
2379     1
9  1
8  1
951    1
572    1
2655     0
908    0
695    1
2403     0
648    0
233    1
1611     0
1480     0
289    1
990    0
1595     1
1261     1
1542     1
1260     1
2129     1
2648     0
1288     0
15   1
1605     0
60   1
2355     1
1429     1
1475     0
2531     0
2968     1
2551     1
2558     1
320    1
401    1
546    1
349    1
3241     1
1006     0
1871     1
1088     0
2013     1
3191     0
2391     1
1923     1
2489     0
3088     1
47   1
1508     0
2678     0
683    1
684    1
411    1
682    1
1441     0
870    0
3022     1
1687     0
1555     0
735    1
2214     0
2269     1
2271     0
516    0
767    0
728    0
756    1
768    0
2774     0
729    0
1761     1
2135     0
3159     0
14   1
108    0
1703     0
2116     0
3025     1
1126     1
916    1
1469     1
900    1
1701     1
1222     0
13   1
680    1
46   0
458    1
3107     0
3026     1
1842     1
3027     1
3029     1
3028     1
2396     1
2763     1
3019     1
3023     1
3108     0
3206     0
2732     0
681    1
1937     0
3024     1
2105     1
549    1
1256     0
2783     0
1522     1
845    0
163    1
1523     1
2974     1
737    0
2201     1
2875     0
164    1
689    1
984    1
3066     0
1790     1
1885     0
3031     1
3030     1
3184     0
997    1
1131     1
121    1
1029     0
2837     0
3005     0
1317     1
1565     1
2175     0
85   0
2493     0
1893     1
166    1
2506     1
70   1
996    1
922    1
2127     1
489    1
601    0
1911     1
1806     0
3240     0
815    0
1917     0
165    1
741    1
1686     0
3187     0
1325     0
84   0
2190     0
2425     1
2433     0
3232     1
487    1
2068     1
1474     0
878    1
555    0
2003     1
2308     1
2350     1
1266     1
3097     1
2106     0
2580     0
3148     0
879    0
45   0
1387     0
238    1
663    1
1430     0
2101     1
286    0
1462     1
445    0
1524     1
1022     0
2007     0
2025     0
698    0
2674     1
2736     0
1048     0
2100     1
360    1
867    0
598    1
974    0
1242     1
1718     0
1241     0
2725     1
624    0
2838     0
174    1
1385     1
2466     1
2088     0
420    1
806    1
1395     1
2666     1
3273     1
2883     0
3274     1
1596     0
3180     0
3195     1
821    1
1297     0
2472     0
281    1
678    1
301    1
675    1
677    1
676    1
2344     0
962    1
3021     0
2542     0
371    1
3183     1
679    1
3249     1
2608     0
2856     1
3235     1
1045     0
1731     1
674    1
3157     1
623    0
276    1
636    1
2595     0
1141     0
2162     0
387    1
2785     0
2812     0
801    0
1081     0
1658     1
12   1
1787     1
2233     1
1337     1
1402     0
2215     0
899    1
1457     1
209    1
888    0
210    1
1229     1
2160     0
1472     0
569    1
621    0
2226     1
255    1
1389     1
1153     1
2187     0
2865     1
1823     0
2295     0
2778     0
1315     0
1161     0
2303     1
1408     1
2926     1
851    0
2697     0
3253     0
600    1
609    0
2541     0
1162     0
3254     0
2624     1
604    0
1526     1
1458     1
824    1
2777     0
1505     0
2424     0
2965     1
292    1
1018     0
884    1
211    1
380    1
35   1
315    1
2791     0
1354     1
2428     0
501    1
709    1
853    0
850    1
1104     0
1826     0
3269     1
2935     0
1726     0
473    1
980    1
2983     1
212    1
2099     0
2758     0
973    0
1210     1
1779     0
2274     1
2205     0
584    1
53   1
1924     0
1745     0
144    1
295    1
215    1
556    1
1762     1
213    1
2552     1
214    1
619    0
1907     1
2212     0
39   1
40   1
186    1
1516     0
1154     1
50   1
1657     0
2400     1
950    1
409    1
1099     0
671    1
1455     0
2090     1
2089     1
941    0
1012     1
2112     1
2573     1
300    1
1168     0
577    1
1167     0
1728     1
1211     1
1856     1
435    1
837    1
3250     1
1224     1
1889     1
2422     0
2944     1
1008     1
31   0
2189     0
348    1
3161     0
2317     1
862    0
309    1
2639     1
1536     1
2216     0
510    0
1009     0
1165     1
833    1
2998     0
1212     1
576    1
1346     1
1941     1
3049     0
2874     0
1369     0
2931     0
736    1
459    1
1038     1
1757     0
3154     0
2596     0
766    1
1380     1
2318     0
3135     0
25   1
26   1
2266     0
27   1
268    1
436    1
2138     1
2644     0
33   0
1164     1
1818     0
848    1
17   1
568    1
1817     0
470    1
2260     0
1972     0
3134     1
2130     1
107    0
1920     1
1812     0
1690     0
83   0
265    1
1107     0
927    0
1335     0
1336     0
1785     1
1810     0
2299     0
3266     1
1990     1
1334     0
1934     1
615    0
2612     0
717    1
1332     0
586    1
1333     0
588    1
587    1
2803     0
2797     1
1970     1
1586     1
1971     0
2540     0
2601     1
1070     0
410    1
431    1
2498     1
548    1
1330     0
1331     0
1604     0
929    1
3201     1
1329     0
2020     1
3243     0
1969     0
2796     1
1420     0
869    1
2227     1
1968     1
803    1
1323     1
914    1
1302     1
2993     1
1967     0
2394     1
2527     1
193    1
1833     0
2574     0
1257     1
1436     0
3121     1
1122     0
384    1
661    1
1052     0
580    1
1259     0
486    1
3095     1
1047     1
2671     1
2798     1
2488     0
647    1
187    1
3057     1
314    1
112    0
1417     0
275    0
1016     1
218    1
909    0
405    1
1916     0
1736     1
3048     0
975    0
1000     1
662    1
3053     0
2439     1
2093     0
382    1
383    1
1223     1
2019     1
3010     1
2659     0
417    1
3009     1
2131     1
1376     0
2248     0
80   0
2533     1
2084     1
311    1
2316     0
1801     0
2727     0
2729     0
759    1
2132     1
2681     0
612    0
2840     0
2225     0
1182     1
2224     0
290    1
1952     0
2315     1
1543     1
381    1
3054     1
262    1
754    1
284    1
2712     0
2309     0
634    1
344    0
2869     0
1089     1
2698     0
1618     0
1758     0
1813     1
2464     0
3139     0
3082     0
2800     1
2945     1
2087     0
1809     0
2186     1
702    1
3117     0
365    1
3244     0
367    1
2823     1
910    1
2857     1
2369     0
1035     0
3078     0
3079     1
3081     1
3080     1
1894     1
2950     0
2121     1
419    1
690    1
795    0
2668     0
1925     0
1769     0
1197     1
506    0
2416     1
541    1
1432     0
2165     0
1105     0
613    0
1495     0
1273     0
1996     1
1617     1
531    1
1848     0
2927     1
1711     0
3013     0
1272     0
2263     1
1276     0
2878     0
2756     0
731    1
2529     1
764    1
2530     1
720    1
2086     0
328    1
2125     1
3275     1
3111     0
544    1
1470     1
2939     1
1076     1
2904     0
2713     1
2873     0
1274     0
98   1
3073     0
774    0
2928     1
225    1
1400     0
1218     1
2654     0
2653     0
1579     0
1580     0
1307     0
2827     1
1145     0
536    1
1217     0
1093     1
3222     0
830    1
2294     1
1381     1
863    1
3156     0
2022     0
1422     0
1423     0
2999     0
2977     1
2307     1
1512     1
1205     1
1206     1
2270     1
2543     0
3158     1
2388     1
2606     1
2790     0
141    1
287    1
2035     1
999    1
1374     0
219    1
2033     1
2164     0
1732     1
2825     1
2826     1
317    1
2614     0
462    1
1824     1
3160     0
1496     0
1010     0
1879     1
655    0
2943     0
206    1
2475     0
1364     1
725    0
189    1
781    0
1085     0
632    1
2914     0
603    0
2161     0
873    1
2730     1
2503     0
1867     0
2959     0
961    0
492    1
1601     0
1021     0
1096     0
1151     0
1231     0
2605     1
3239     0
2311     1
2336     1
438    1
1631     1
1839     1
1719     1
1426     1
316    1
2435     1
10   1
1386     0
1185     0
2357     1
2544     0
1152     0
2358     0
2877     0
1063     0
1915     0
918    1
374    1
1976     1
373    1
640    0
2157     1
2256     0
1977     0
2899     1
248    1
1023     0
340    0
988    0
1510     1
1667     1
2834     0
1914     1
1559     0
1560     1
44   0
207    1
2815     1
708    1
2335     1
3173     1
518    1
2969     1
707    1
2330     1
545    1
1978     1
2496     0
1717     0
1981     0
2704     0
2779     0
2661     0
1415     0
1979     1
534    1
1980     0
1011     1
133    1
2104     0
167    1
54   1
1178     1
1209     1
650    0
2304     1
2748     0
3058     0
789    1
2300     0
2448     1
2667     0
1108     0
2628     1
847    0
34   0
1404     0
2486     0
1286     0
1666     1
1176     0
160    1
2686     0
413    1
2687     0
1073     0
1454     1
2688     0
3231     1
2633     0
375    1
2452     1
2587     0
2604     1
1982     0
2301     0
49   1
841    0
48   1
1102     0
1707     0
1378     0
2992     0
168    1
1382     0
1983     0
3185     0
1735     1
1984     0
2501     0
395    1
2603     1
396    1
1124     1
3002     0
749    1
3164     1
2696     0
1043     0
2695     0
2949     0
1581     0
750    1
488    1
2453     1
2370     0
1138     0
2731     1
2933     0
2740     1
902    0
243    1
3128     0
562    1
931    1
2120     0
2684     0
1957     1
2683     0
1958     1
1959     1
245    1
1075     0
246    1
889    0
244    1
566    1
2920     0
3151     1
1791     0
2566     1
2286     1
1061     0
1955     0
2941     1
242    1
758    1
2096     0
1956     1
2337     1
2415     1
1655     0
154    1
971    0
2461     0
399    1
2141     0
943    1
835    1
528    1
1613     1
972    1
1783     1
1966     0
2602     1
982    1
775    1
2844     0
1802     0
2843     0
2507     0
776    0
2508     1
2770     0
2509     0
1509     0
567    1
1597     0
406    1
2841     0
2842     0
277    0
1213     0
1179     1
3032     0
1401     1
3041     1
798    0
1345     0
564    1
1847     0
82   1
1720     0
936    0
2532     0
1539     1
2203     1
755    1
752    0
706    1
822    0
1347     0
3042     0
1904     1
1461     0
3247     0
1143     1
1046     0
3126     0
2781     1
2331     0
1359     0
1695     1
1985     0
2549     1
2597     0
2565     0
1086     0
2191     0
2749     1
2588     0
1674     1
1675     0
2585     0
330    1
1189     1
1902     0
1846     0
1749     1
638    1
79   0
2281     1
93   1
1478     0
2282     1
1258     1
2762     0
120    1
907    1
2364     0
1095     0
2098     1
3165     0
1361     0
2376     0
2280     1
2445     0
1973     0
1828     0
1710     0
1511     0
1998     1
664    1
307    1
983    1
66   1
2455     1
2091     1
804    0
3035     0
535    1
1888     1
2451     1
2310     0
1044     0
1568     0
947    1
3077     1
2199     1
2811     0
2050     1
1327     0
3113     0
1591     0
1427     0
2477     0
2398     0
342    1
723    0
2692     0
1594     0
1861     1
37   1
2921     0
2553     1
2691     0
913    0
1897     0
538    1
356    1
345    1
355    1
1214     1
2265     0
1125     0
1263     0
2198     1
2649     0
2440     1
109    0
1350     0
1078     0
1418     0
496    1
1424     0
1130     1
1903     0
844    1
2660     1
257    1
1548     1
1203     0
327    1
573    1
94   1
891    1
16   1
3138     0
157    1
779    0
3174     0
2599     0
324    1
208    1
2320     0
906    0
1064     0
3120     1
2319     1
2321     0
791    1
2982     1
1530     0
790    1
514    0
81   1
158    1
3192     0
1570     0
2816     0
1349     0
1589     0
784    0
2255     0
441    0
571    1
2981     1
2745     0
1491     0
172    1
1553     1
