1 2
10 2
100 2
1000 2
1001 1
1002 2
1003 1
1004 1
1005 2
1006 2
1007 1
1008 2
1009 1
101 2
1010 2
1011 2
1012 2
1013 2
1014 1
1015 1
1016 2
1017 1
1018 2
1019 2
102 2
1020 2
1021 2
1022 2
1023 2
1024 2
1025 2
1026 2
1027 1
1028 2
1029 2
103 2
1030 1
1031 2
1032 2
1033 1
1034 2
1035 2
1036 2
1037 2
1038 2
1039 2
104 2
1040 2
1041 1
1042 2
1043 2
1044 1
1045 1
1046 2
1047 2
1048 1
1049 1
105 2
1050 2
1051 1
1052 2
1053 2
1054 2
1055 1
1056 2
1057 1
1058 1
1059 2
106 1
1060 1
1061 1
1062 2
1063 1
1064 2
1065 1
1066 2
1067 2
1068 1
1069 1
107 2
1070 2
1071 1
1072 2
1073 1
1074 1
1075 1
1076 2
1077 1
1078 2
1079 1
108 1
1080 1
1081 1
1082 2
1083 2
1084 1
1085 2
1086 2
1087 2
1088 1
1089 2
109 1
1090 2
1091 1
1092 2
1093 2
1094 2
1095 1
1096 1
1097 2
1098 1
1099 2
11 2
110 1
1100 2
1101 2
1102 2
1103 2
1104 1
1105 1
1106 2
1107 2
1108 1
1109 2
111 1
1110 1
1111 1
1112 2
1113 2
1114 2
1115 2
1116 2
1117 2
1118 1
1119 2
112 2
1120 2
1121 2
1122 1
1123 2
1124 2
1125 2
1126 2
1127 2
1128 1
1129 1
113 2
1130 2
1131 2
1132 2
1133 2
1134 2
1135 1
1136 2
1137 1
1138 1
1139 2
114 2
1140 2
1141 1
1142 1
1143 1
1144 2
1145 1
1146 1
1147 2
1148 2
1149 2
115 2
1150 2
1151 2
1152 2
1153 2
1154 1
1155 1
1156 2
1157 2
1158 2
1159 2
116 2
1160 2
1161 2
1162 2
1163 2
1164 2
1165 2
1166 1
1167 1
1168 1
1169 2
117 2
1170 2
1171 1
1172 1
1173 1
1174 1
1175 1
1176 1
1177 1
1178 2
1179 2
118 2
1180 2
1181 1
1182 2
1183 1
1184 1
1185 2
1186 2
1187 2
1188 2
1189 2
119 2
1190 1
1191 2
1192 1
1193 2
1194 1
1195 1
1196 2
1197 2
1198 1
1199 2
12 2
120 2
1200 1
1201 2
1202 2
1203 2
1204 1
1205 2
1206 2
1207 2
1208 2
1209 2
121 2
1210 2
1211 2
1212 1
1213 1
1214 2
1215 1
1216 2
1217 2
1218 2
1219 2
122 2
1220 2
1221 1
1222 1
1223 2
1224 2
1225 2
1226 1
1227 2
1228 1
1229 1
123 2
1230 2
1231 1
1232 1
1233 1
1234 1
1235 2
1236 2
1237 1
1238 1
1239 1
124 2
1240 2
1241 2
1242 1
1243 2
1244 2
1245 2
1246 2
1247 2
1248 2
1249 2
125 2
1250 2
1251 2
1252 2
1253 2
1254 2
1255 2
1256 1
1257 2
1258 1
1259 1
126 2
1260 2
1261 2
1262 1
1263 2
1264 2
1265 1
1266 2
1267 1
1268 1
1269 2
127 1
1270 2
1271 1
1272 1
1273 1
1274 1
1275 2
1276 2
1277 1
1278 1
1279 2
128 2
1280 2
1281 2
1282 1
1283 1
1284 1
1285 1
1286 1
1287 2
1288 2
1289 1
129 2
1290 2
1291 2
1292 1
1293 2
1294 2
1295 1
1296 1
1297 2
1298 2
1299 2
13 2
130 2
1300 2
1301 2
1302 1
1303 2
1304 1
1305 2
1306 1
1307 1
1308 2
1309 2
131 2
1310 1
1311 1
1312 1
1313 2
1314 1
1315 2
1316 1
1317 2
1318 2
1319 2
132 2
1320 1
1321 1
1322 1
1323 2
1324 2
1325 1
1326 2
1327 2
1328 2
1329 1
133 2
1330 1
1331 1
1332 1
1333 1
1334 1
1335 1
1336 1
1337 2
1338 2
1339 2
134 2
1340 2
1341 2
1342 2
1343 2
1344 2
1345 2
1346 2
1347 1
1348 1
1349 1
135 2
1350 1
1351 2
1352 1
1353 1
1354 2
1355 2
1356 2
1357 2
1358 2
1359 1
136 2
1360 2
1361 1
1362 1
1363 1
1364 1
1365 1
1366 1
1367 1
1368 1
1369 1
137 2
1370 1
1371 2
1372 1
1373 1
1374 2
1375 1
1376 2
1377 2
1378 1
1379 2
138 2
1380 2
1381 1
1382 2
1383 2
1384 1
1385 2
1386 1
1387 1
1388 1
1389 1
139 2
1390 1
1391 2
1392 2
1393 2
1394 1
1395 2
1396 1
1397 1
1398 2
1399 1
14 2
140 2
1400 1
1401 1
1402 2
1403 1
1404 1
1405 2
1406 2
1407 1
1408 2
1409 2
141 2
1410 2
1411 1
1412 2
1413 1
1414 1
1415 1
1416 2
1417 1
1418 1
1419 1
142 2
1420 1
1421 2
1422 2
1423 2
1424 2
1425 1
1426 2
1427 1
1428 2
1429 2
143 2
1430 2
1431 1
1432 1
1433 2
1434 1
1435 2
1436 2
1437 2
1438 2
1439 1
144 2
1440 2
1441 1
1442 2
1443 2
1444 1
1445 1
1446 1
1447 2
1448 1
1449 1
145 2
1450 1
1451 1
1452 1
1453 2
1454 2
1455 1
1456 2
1457 2
1458 2
1459 1
146 2
1460 2
1461 2
1462 2
1463 2
1464 1
1465 2
1466 2
1467 2
1468 2
1469 2
147 2
1470 2
1471 2
1472 2
1473 1
1474 2
1475 2
1476 1
1477 1
1478 2
1479 1
148 2
1480 2
1481 2
1482 1
1483 2
1484 2
1485 2
1486 2
1487 1
1488 1
1489 2
149 1
1490 1
1491 1
1492 1
1493 1
1494 1
1495 1
1496 1
1497 1
1498 1
1499 1
15 1
150 1
1500 1
1501 2
1502 2
1503 1
1504 1
1505 1
1506 2
1507 1
1508 2
1509 2
151 1
1510 1
1511 1
1512 2
1513 1
1514 2
1515 1
1516 1
1517 1
1518 1
1519 1
152 1
1520 2
1521 2
1522 1
1523 2
1524 1
1525 1
1526 2
1527 2
1528 1
1529 2
153 1
1530 1
1531 2
1532 1
1533 1
1534 2
1535 2
1536 2
1537 2
1538 2
1539 2
154 2
1540 2
1541 2
1542 1
1543 1
1544 1
1545 2
1546 1
1547 1
1548 1
1549 1
155 2
1550 2
1551 2
1552 2
1553 2
1554 1
1555 2
1556 2
1557 2
1558 1
1559 1
156 2
1560 1
1561 1
1562 1
1563 2
1564 2
1565 2
1566 1
1567 2
1568 1
1569 2
157 2
1570 2
1571 1
1572 2
1573 2
1574 1
1575 2
1576 1
1577 1
1578 1
1579 2
158 2
1580 1
1581 1
1582 1
1583 2
1584 2
1585 2
1586 2
1587 2
1588 2
1589 2
159 2
1590 1
1591 1
1592 1
1593 2
1594 1
1595 2
1596 2
1597 2
1598 2
1599 1
16 2
160 2
1600 2
1601 1
1602 2
1603 1
1604 1
1605 1
1606 2
1607 1
1608 1
1609 1
161 2
1610 1
1611 2
1612 2
1613 2
1614 1
1615 2
1616 1
1617 1
1618 2
1619 2
162 2
1620 1
1621 1
1622 1
1623 2
1624 1
1625 2
1626 2
1627 2
1628 2
1629 2
163 1
1630 1
1631 1
1632 1
1633 1
1634 1
1635 1
1636 2
1637 1
1638 1
1639 2
164 2
1640 1
1641 2
1642 1
1643 2
1644 1
1645 1
1646 2
1647 2
1648 1
1649 1
165 2
1650 2
1651 2
1652 2
1653 2
1654 1
1655 2
1656 1
1657 1
1658 2
1659 2
166 2
1660 1
1661 2
1662 1
1663 1
1664 2
1665 1
1666 2
1667 2
1668 2
1669 2
167 2
1670 2
1671 2
1672 2
1673 2
1674 2
1675 2
1676 2
1677 2
1678 2
1679 2
168 2
1680 2
1681 1
1682 2
1683 2
1684 2
1685 2
1686 1
1687 1
1688 1
1689 1
169 2
1690 1
1691 1
1692 1
1693 1
1694 1
1695 1
1696 1
1697 1
1698 2
1699 2
17 1
170 2
1700 1
1701 1
1702 1
1703 1
1704 1
1705 2
1706 2
1707 2
1708 1
1709 1
171 2
1710 1
1711 2
1712 2
1713 1
1714 2
1715 1
1716 2
1717 2
1718 1
1719 1
172 1
1720 2
1721 2
1722 2
1723 2
1724 2
1725 2
1726 2
1727 1
1728 1
1729 2
173 1
1730 2
1731 2
1732 2
1733 1
1734 2
1735 1
1736 1
1737 1
1738 1
1739 1
174 2
1740 1
1741 1
1742 1
1743 1
1744 1
1745 1
1746 1
1747 1
1748 1
1749 2
175 1
1750 1
1751 2
1752 1
1753 2
1754 1
1755 2
1756 2
1757 1
1758 2
1759 1
176 2
1760 2
1761 1
1762 1
1763 2
1764 1
1765 2
1766 2
1767 2
1768 2
1769 2
177 2
1770 2
1771 2
1772 2
1773 1
1774 2
1775 2
1776 1
1777 2
1778 2
1779 1
178 2
1780 1
1781 1
1782 2
1783 2
1784 1
1785 2
1786 2
1787 2
1788 2
1789 1
179 2
1790 2
1791 1
1792 2
1793 2
1794 2
1795 2
1796 2
1797 2
1798 2
1799 2
18 2
180 1
1800 1
1801 1
1802 1
1803 2
1804 1
1805 2
1806 2
1807 2
1808 1
1809 1
181 2
1810 2
1811 1
1812 2
1813 1
1814 2
1815 1
1816 2
1817 1
1818 1
1819 2
182 2
1820 2
1821 1
1822 1
1823 2
1824 2
1825 2
1826 1
1827 2
1828 2
1829 1
183 2
1830 2
1831 2
1832 2
1833 2
1834 2
1835 2
1836 1
1837 2
1838 2
1839 2
184 2
1840 2
1841 1
1842 2
1843 2
1844 2
1845 2
1846 1
1847 1
1848 1
1849 2
185 2
1850 2
1851 2
1852 2
1853 2
1854 2
1855 2
1856 1
1857 2
1858 1
1859 2
186 2
1860 2
1861 2
1862 1
1863 1
1864 1
1865 2
1866 2
1867 2
1868 1
1869 1
187 2
1870 1
1871 2
1872 1
1873 2
1874 2
1875 1
1876 2
1877 2
1878 2
1879 2
188 2
1880 2
1881 2
1882 2
1883 2
1884 1
1885 1
1886 2
1887 2
1888 1
1889 2
189 2
1890 2
1891 2
1892 2
1893 2
1894 2
1895 2
1896 2
1897 1
1898 2
1899 2
19 2
190 2
1900 1
1901 1
1902 1
1903 1
1904 2
1905 2
1906 2
1907 1
1908 2
1909 1
191 1
1910 1
1911 1
1912 2
1913 2
1914 1
1915 1
1916 1
1917 2
1918 1
1919 1
192 2
1920 2
1921 2
1922 1
1923 1
1924 2
1925 1
1926 2
1927 1
1928 2
1929 1
193 2
1930 1
1931 2
1932 1
1933 1
1934 2
1935 1
1936 1
1937 1
1938 1
1939 1
194 2
1940 1
1941 1
1942 2
1943 2
1944 2
1945 2
1946 2
1947 2
1948 2
1949 2
195 2
1950 2
1951 2
1952 1
1953 2
1954 1
1955 2
1956 2
1957 2
1958 2
1959 2
196 2
1960 1
1961 1
1962 2
1963 2
1964 2
1965 2
1966 1
1967 2
1968 2
1969 2
197 1
1970 2
1971 2
1972 2
1973 1
1974 1
1975 2
1976 2
1977 2
1978 2
1979 2
198 1
1980 2
1981 2
1982 2
1983 2
1984 2
1985 2
1986 2
1987 2
1988 2
1989 1
199 1
1990 2
1991 2
1992 1
1993 2
1994 2
1995 1
1996 2
1997 2
1998 2
1999 2
2 2
20 2
200 1
2000 2
2001 2
2002 2
2003 2
2004 2
2005 1
2006 1
2007 2
2008 1
2009 2
201 1
2010 2
2011 2
2012 1
2013 2
2014 2
2015 2
2016 2
2017 2
2018 1
2019 2
202 1
2020 2
2021 1
2022 2
2023 2
2024 2
2025 1
2026 2
2027 2
2028 2
2029 1
203 2
2030 2
2031 2
2032 1
2033 2
2034 2
2035 2
2036 2
2037 1
2038 2
2039 2
204 2
2040 2
2041 2
2042 2
2043 2
2044 2
2045 2
2046 2
2047 1
2048 2
2049 1
205 2
2050 2
2051 2
2052 1
2053 2
2054 1
2055 2
2056 1
2057 1
2058 2
2059 2
206 1
2060 1
2061 2
2062 2
2063 2
2064 2
2065 2
2066 2
2067 2
2068 1
2069 1
207 2
2070 2
2071 2
2072 1
2073 1
2074 2
2075 1
2076 2
2077 2
2078 2
2079 2
208 1
2080 2
2081 1
2082 1
2083 2
2084 2
2085 1
2086 1
2087 1
2088 1
2089 2
209 2
2090 1
2091 1
2092 1
2093 1
2094 2
2095 2
2096 1
2097 1
2098 1
2099 1
21 1
210 2
2100 1
2101 2
2102 2
2103 1
2104 1
2105 1
2106 1
2107 1
2108 1
2109 2
211 1
2110 1
2111 1
2112 1
2113 1
2114 2
2115 2
2116 1
2117 2
2118 2
2119 1
212 2
2120 1
2121 2
2122 2
2123 1
2124 1
2125 2
2126 2
2127 1
2128 2
2129 2
213 2
2130 2
2131 2
2132 2
2133 2
2134 2
2135 2
2136 2
2137 1
2138 2
2139 2
214 1
2140 2
2141 2
2142 2
2143 1
2144 2
2145 2
2146 2
2147 2
2148 2
2149 2
215 2
2150 2
2151 2
2152 2
2153 2
2154 2
2155 2
2156 1
2157 1
2158 1
2159 2
216 2
2160 1
2161 2
2162 2
2163 2
2164 2
2165 2
2166 1
2167 1
2168 1
2169 1
217 2
2170 1
2171 1
2172 2
2173 2
2174 1
2175 2
2176 2
2177 2
2178 1
2179 2
218 2
2180 1
2181 2
2182 2
2183 2
2184 2
2185 1
2186 2
2187 2
2188 2
2189 1
219 2
2190 1
2191 2
2192 2
2193 2
2194 2
2195 2
2196 2
2197 2
2198 2
2199 2
22 2
220 1
2200 2
2201 2
2202 2
2203 2
2204 1
2205 1
2206 2
2207 1
2208 1
2209 1
221 2
2210 2
2211 1
2212 1
2213 1
2214 2
2215 1
2216 1
2217 1
2218 1
2219 1
222 2
2220 2
2221 1
2222 1
2223 1
2224 1
2225 1
2226 1
2227 2
2228 2
2229 1
223 2
2230 1
2231 1
2232 2
2233 2
2234 1
2235 2
2236 1
2237 1
2238 2
2239 2
224 2
2240 1
2241 2
2242 2
2243 2
2244 2
2245 2
2246 2
2247 2
2248 2
2249 2
225 2
2250 1
2251 1
2252 2
2253 2
2254 1
2255 2
2256 2
2257 2
2258 1
2259 1
226 2
2260 2
2261 2
2262 2
2263 1
2264 2
2265 2
2266 2
2267 1
2268 1
2269 2
227 2
2270 1
2271 1
2272 1
2273 2
2274 1
2275 1
2276 2
2277 2
2278 1
2279 1
228 2
2280 2
2281 2
2282 2
2283 1
2284 2
2285 1
2286 2
2287 2
2288 2
2289 2
229 2
2290 1
2291 2
2292 1
2293 1
2294 2
2295 2
2296 2
2297 2
2298 2
2299 1
23 2
230 2
2300 2
2301 1
2302 1
2303 2
2304 2
2305 1
2306 2
2307 2
2308 2
2309 1
231 2
2310 2
2311 2
2312 1
2313 1
2314 2
2315 2
2316 1
2317 2
2318 2
2319 1
232 1
2320 2
2321 1
2322 2
2323 2
2324 2
2325 2
2326 2
2327 1
2328 1
2329 2
233 1
2330 2
2331 2
2332 2
2333 2
2334 2
2335 2
2336 2
2337 1
2338 2
2339 2
234 1
2340 2
2341 1
2342 1
2343 1
2344 1
2345 1
2346 2
2347 2
2348 1
2349 1
235 2
2350 1
2351 2
2352 1
2353 1
2354 2
2355 2
2356 2
2357 1
2358 1
2359 2
236 2
2360 1
2361 1
2362 2
2363 2
2364 2
2365 1
2366 1
2367 1
2368 2
2369 1
237 1
2370 2
2371 2
2372 2
2373 2
2374 2
2375 2
2376 1
2377 1
2378 2
2379 2
238 2
2380 2
2381 2
2382 1
2383 1
2384 2
2385 2
2386 2
2387 2
2388 2
2389 2
239 1
2390 2
2391 1
2392 2
2393 2
2394 2
2395 1
2396 2
2397 2
2398 2
2399 1
24 2
240 1
2400 2
2401 1
2402 2
2403 1
2404 2
2405 1
2406 2
2407 2
2408 1
2409 2
241 2
2410 2
2411 2
2412 1
2413 2
2414 2
2415 1
2416 2
2417 1
2418 2
2419 2
242 1
2420 1
2421 2
2422 2
2423 1
2424 1
2425 2
2426 1
2427 1
2428 2
2429 1
243 1
2430 1
2431 2
2432 2
2433 1
2434 2
2435 1
2436 2
2437 2
2438 1
2439 2
244 2
2440 2
2441 1
2442 1
2443 1
2444 1
2445 1
2446 1
2447 2
2448 1
2449 2
245 1
2450 2
2451 2
2452 1
2453 2
2454 2
2455 2
2456 1
2457 2
2458 1
2459 2
246 1
2460 1
2461 2
2462 2
2463 1
2464 2
2465 2
2466 2
2467 2
2468 2
2469 1
247 1
2470 1
2471 1
2472 2
2473 2
2474 2
2475 2
2476 2
2477 2
2478 2
2479 2
248 1
2480 2
2481 2
2482 2
2483 2
2484 2
2485 2
2486 2
2487 2
2488 1
2489 2
249 1
2490 2
2491 2
2492 2
2493 2
2494 2
2495 2
2496 2
2497 2
2498 2
2499 2
25 1
250 1
2500 2
2501 2
2502 2
2503 1
2504 2
2505 1
2506 2
2507 2
2508 2
2509 2
251 2
2510 1
2511 1
2512 2
2513 2
2514 2
2515 2
2516 2
2517 2
2518 2
2519 1
252 2
2520 1
2521 2
2522 2
2523 2
2524 2
2525 2
2526 2
2527 2
2528 2
2529 2
253 1
2530 2
2531 1
2532 2
2533 2
2534 1
2535 2
2536 2
2537 1
2538 2
2539 2
254 1
2540 2
2541 2
2542 1
2543 1
2544 2
2545 2
2546 2
2547 2
2548 1
2549 2
255 2
2550 2
2551 2
2552 2
2553 2
2554 2
2555 1
2556 2
2557 2
2558 2
2559 2
256 1
2560 2
2561 2
2562 1
2563 2
2564 2
2565 2
2566 2
2567 2
2568 2
2569 1
257 2
2570 2
2571 2
2572 1
2573 2
2574 2
2575 2
2576 2
2577 2
2578 1
2579 2
258 2
2580 1
2581 2
2582 2
2583 2
2584 2
2585 1
2586 2
2587 1
2588 1
2589 1
259 2
2590 1
2591 2
2592 1
2593 1
2594 2
2595 1
2596 2
2597 2
2598 2
2599 1
26 2
260 2
2600 1
2601 2
2602 2
2603 2
2604 1
2605 2
2606 2
2607 2
2608 1
2609 2
261 1
2610 2
2611 2
2612 2
2613 1
2614 2
2615 2
2616 1
2617 1
2618 1
2619 2
262 2
2620 1
2621 1
2622 1
2623 2
2624 2
2625 2
2626 1
2627 1
2628 2
2629 2
263 2
2630 1
2631 1
2632 1
2633 1
2634 2
2635 2
2636 2
2637 2
2638 2
2639 2
264 2
2640 1
2641 2
2642 1
2643 2
2644 2
2645 2
2646 2
2647 2
2648 1
2649 2
265 1
2650 2
2651 2
2652 2
2653 1
2654 1
2655 1
2656 2
2657 1
2658 2
2659 2
266 2
2660 2
2661 1
2662 1
2663 1
2664 2
2665 1
2666 2
2667 1
2668 2
2669 2
267 2
2670 2
2671 2
2672 2
2673 2
2674 2
2675 1
2676 2
2677 1
2678 2
2679 2
268 2
2680 2
2681 1
2682 2
2683 2
2684 2
2685 2
2686 2
2687 2
2688 2
2689 2
269 1
2690 1
2691 2
2692 2
2693 2
2694 1
2695 1
2696 1
2697 2
2698 1
2699 1
27 1
270 2
2700 2
2701 2
2702 2
2703 1
2704 2
2705 2
2706 2
2707 2
2708 1
2709 2
271 2
2710 1
2711 2
2712 2
2713 2
2714 2
2715 2
2716 2
2717 1
2718 2
2719 2
272 1
2720 2
2721 1
2722 2
2723 2
2724 2
2725 2
2726 2
2727 2
2728 1
2729 1
273 2
2730 2
2731 2
2732 1
2733 2
2734 2
2735 1
2736 2
2737 2
2738 2
2739 1
274 2
2740 2
2741 1
2742 2
2743 2
2744 2
2745 1
2746 1
2747 1
2748 1
2749 2
275 1
2750 1
2751 2
2752 2
2753 1
2754 1
2755 1
2756 1
2757 1
2758 1
2759 1
276 2
2760 1
2761 1
2762 1
2763 2
2764 1
2765 1
2766 2
2767 1
2768 1
2769 1
277 1
2770 1
2771 1
2772 1
2773 1
2774 1
2775 1
2776 1
2777 1
2778 1
2779 1
278 2
2780 1
2781 2
2782 1
2783 1
2784 1
2785 1
2786 1
2787 1
2788 1
2789 1
279 2
2790 1
2791 1
2792 1
2793 1
2794 1
2795 1
2796 1
2797 1
2798 1
2799 1
28 1
280 2
2800 2
2801 2
2802 2
2803 1
2804 2
2805 1
2806 1
2807 1
2808 1
2809 2
281 2
2810 2
2811 1
2812 1
2813 2
2814 1
2815 1
2816 1
2817 2
2818 2
2819 2
282 2
2820 2
2821 2
2822 2
2823 2
2824 2
2825 2
2826 2
2827 2
2828 1
2829 2
283 2
2830 2
2831 2
2832 2
2833 1
2834 2
2835 1
2836 2
2837 1
2838 1
2839 2
284 2
2840 1
2841 1
2842 2
2843 1
2844 2
2845 1
2846 1
2847 2
2848 1
2849 2
285 2
2850 2
2851 1
2852 1
2853 2
2854 1
2855 2
2856 2
2857 2
2858 1
2859 1
286 2
2860 1
2861 1
2862 1
2863 2
2864 2
2865 2
2866 1
2867 2
2868 2
2869 1
287 1
2870 2
2871 2
2872 2
2873 1
2874 2
2875 1
2876 2
2877 1
2878 2
2879 2
288 2
2880 2
2881 2
2882 2
2883 1
2884 2
2885 2
2886 1
2887 1
2888 2
2889 1
289 2
2890 1
2891 1
2892 2
2893 1
2894 1
2895 1
2896 1
2897 2
2898 2
2899 2
29 1
290 1
2900 2
2901 2
2902 1
2903 2
2904 1
2905 2
2906 2
2907 2
2908 2
2909 2
291 2
2910 2
2911 2
2912 2
2913 2
2914 2
2915 2
2916 2
2917 1
2918 1
2919 1
292 1
2920 2
2921 2
2922 2
2923 1
2924 1
2925 2
2926 1
2927 1
2928 1
2929 1
293 2
2930 1
2931 1
2932 1
2933 1
2934 1
2935 1
2936 1
2937 2
2938 1
2939 1
294 2
2940 2
2941 2
2942 1
2943 1
2944 1
2945 1
2946 1
2947 1
2948 1
2949 1
295 2
2950 2
2951 2
2952 2
2953 2
2954 2
2955 2
2956 2
2957 2
2958 2
2959 1
296 2
2960 2
2961 2
2962 2
2963 1
2964 1
2965 1
2966 1
2967 2
2968 2
2969 1
297 2
2970 2
2971 1
2972 2
2973 2
2974 2
2975 1
2976 2
2977 2
2978 1
2979 1
298 2
2980 2
2981 2
2982 1
2983 2
2984 1
2985 2
2986 1
2987 2
2988 1
2989 1
299 2
2990 2
2991 1
2992 1
2993 2
2994 2
2995 1
2996 2
2997 2
2998 2
2999 1
3 1
30 1
300 1
3000 1
3001 2
3002 2
3003 1
3004 1
3005 1
3006 2
3007 2
3008 2
3009 2
301 2
3010 2
3011 2
3012 2
3013 1
3014 2
3015 1
3016 2
3017 2
3018 1
3019 2
302 2
3020 2
3021 2
3022 2
3023 2
3024 2
3025 1
3026 2
3027 2
3028 2
3029 2
303 2
3030 2
3031 2
3032 2
3033 1
3034 2
3035 1
3036 1
3037 2
3038 2
3039 2
304 2
3040 2
3041 2
3042 1
3043 1
3044 2
3045 1
3046 2
3047 1
3048 1
3049 1
305 2
3050 2
3051 2
3052 2
3053 2
3054 2
3055 2
3056 2
3057 1
3058 1
3059 2
306 1
3060 2
3061 1
3062 1
3063 1
3064 1
3065 1
3066 1
3067 2
3068 2
3069 2
307 1
3070 1
3071 2
3072 1
3073 2
3074 1
3075 1
3076 1
3077 1
3078 1
3079 1
308 2
3080 1
3081 1
3082 1
3083 2
3084 2
3085 2
3086 2
3087 1
3088 1
3089 1
309 2
3090 2
3091 2
3092 1
3093 1
3094 1
3095 1
3096 1
3097 1
3098 1
3099 1
31 1
310 2
3100 1
3101 1
3102 1
3103 1
3104 2
3105 2
3106 2
3107 2
3108 1
3109 1
311 2
3110 1
3111 1
3112 1
3113 1
3114 1
3115 2
3116 1
3117 2
3118 1
3119 2
312 1
3120 2
3121 2
3122 2
3123 1
3124 2
3125 2
3126 2
3127 2
3128 1
3129 2
313 2
3130 2
3131 2
3132 2
3133 2
3134 1
3135 2
3136 2
3137 2
3138 2
3139 2
314 1
3140 2
3141 2
3142 2
3143 1
3144 2
3145 2
3146 2
3147 1
3148 1
3149 2
315 2
3150 2
3151 2
3152 2
3153 2
3154 1
3155 2
3156 2
3157 2
3158 2
3159 2
316 1
3160 2
3161 1
3162 1
3163 1
3164 2
3165 2
3166 1
3167 1
3168 1
3169 1
317 1
3170 1
3171 1
3172 1
3173 1
3174 2
3175 2
3176 2
3177 1
3178 2
3179 1
318 1
3180 2
3181 2
3182 2
3183 2
3184 1
3185 1
3186 2
3187 2
3188 1
3189 1
319 2
3190 1
3191 1
3192 1
3193 2
3194 2
3195 2
3196 2
3197 2
3198 2
3199 2
32 2
320 2
3200 2
3201 2
3202 1
3203 1
3204 2
3205 2
3206 2
3207 2
3208 2
3209 1
321 2
3210 2
3211 2
3212 2
3213 2
3214 2
3215 2
3216 2
3217 2
3218 2
3219 2
322 1
3220 1
3221 1
3222 2
3223 1
3224 2
3225 2
3226 2
3227 2
3228 2
3229 2
323 2
3230 2
3231 2
3232 2
3233 1
3234 2
3235 1
3236 2
3237 2
3238 1
3239 1
324 1
3240 1
3241 2
3242 2
3243 2
3244 1
3245 2
3246 1
3247 1
3248 1
3249 1
325 2
3250 2
3251 1
3252 1
3253 1
3254 1
3255 1
3256 2
3257 1
3258 1
3259 1
326 1
3260 1
3261 1
3262 1
3263 1
3264 1
3265 1
3266 1
3267 1
3268 1
3269 1
327 2
3270 1
3271 1
3272 1
3273 1
3274 1
3275 1
328 1
329 1
33 1
330 2
331 1
332 2
333 2
334 1
335 2
336 1
337 1
338 1
339 2
34 2
340 1
341 1
342 2
343 2
344 2
345 1
346 2
347 2
348 2
349 1
35 2
350 2
351 1
352 2
353 1
354 1
355 2
356 2
357 1
358 2
359 1
36 1
360 2
361 2
362 1
363 2
364 2
365 2
366 1
367 2
368 1
369 1
37 2
370 2
371 2
372 2
373 2
374 2
375 2
376 2
377 2
378 2
379 1
38 1
380 1
381 2
382 2
383 1
384 2
385 2
386 2
387 2
388 2
389 1
39 2
390 1
391 1
392 1
393 1
394 2
395 1
396 1
397 2
398 2
399 2
4 1
40 2
400 2
401 2
402 1
403 1
404 1
405 1
406 2
407 2
408 2
409 2
41 2
410 2
411 2
412 2
413 2
414 2
415 2
416 2
417 2
418 2
419 2
42 2
420 1
421 2
422 2
423 2
424 2
425 2
426 1
427 2
428 2
429 2
43 1
430 2
431 1
432 2
433 2
434 1
435 2
436 2
437 2
438 1
439 1
44 1
440 2
441 2
442 2
443 1
444 2
445 2
446 2
447 2
448 2
449 2
45 1
450 2
451 1
452 2
453 2
454 2
455 2
456 2
457 2
458 2
459 1
46 1
460 1
461 1
462 2
463 2
464 1
465 1
466 1
467 1
468 1
469 2
47 1
470 2
471 2
472 2
473 2
474 2
475 2
476 2
477 2
478 2
479 2
48 1
480 2
481 2
482 1
483 1
484 2
485 2
486 2
487 2
488 1
489 2
49 2
490 2
491 2
492 2
493 2
494 2
495 2
496 1
497 2
498 2
499 1
5 1
50 2
500 2
501 2
502 2
503 2
504 1
505 2
506 2
507 1
508 2
509 2
51 2
510 1
511 2
512 2
513 1
514 1
515 2
516 1
517 2
518 2
519 2
52 2
520 2
521 2
522 2
523 2
524 2
525 2
526 1
527 2
528 2
529 1
53 2
530 2
531 2
532 2
533 2
534 2
535 2
536 2
537 2
538 2
539 2
54 2
540 2
541 2
542 2
543 2
544 2
545 2
546 1
547 2
548 1
549 2
55 2
550 1
551 2
552 1
553 1
554 2
555 2
556 2
557 2
558 2
559 2
56 2
560 2
561 2
562 1
563 1
564 2
565 2
566 2
567 1
568 2
569 2
57 1
570 2
571 2
572 2
573 2
574 2
575 1
576 2
577 2
578 2
579 2
58 2
580 2
581 2
582 2
583 2
584 2
585 1
586 2
587 2
588 2
589 2
59 1
590 2
591 2
592 2
593 2
594 2
595 2
596 2
597 1
598 1
599 1
6 1
60 2
600 1
601 2
602 2
603 2
604 1
605 2
606 2
607 2
608 1
609 1
61 2
610 1
611 1
612 2
613 1
614 1
615 1
616 1
617 1
618 1
619 1
62 2
620 2
621 1
622 1
623 1
624 1
625 1
626 2
627 2
628 2
629 2
63 2
630 1
631 2
632 2
633 2
634 2
635 2
636 2
637 2
638 2
639 1
64 2
640 1
641 2
642 1
643 1
644 2
645 2
646 2
647 2
648 2
649 1
65 1
650 1
651 2
652 2
653 2
654 1
655 1
656 1
657 2
658 2
659 2
66 2
660 2
661 2
662 2
663 2
664 2
665 2
666 2
667 2
668 1
669 1
67 2
670 1
671 2
672 2
673 2
674 2
675 2
676 1
677 2
678 1
679 2
68 2
680 2
681 1
682 2
683 2
684 2
685 1
686 2
687 1
688 1
689 1
69 1
690 2
691 1
692 2
693 2
694 2
695 1
696 2
697 1
698 1
699 1
7 2
70 1
700 2
701 2
702 1
703 2
704 2
705 2
706 2
707 2
708 2
709 2
71 1
710 2
711 2
712 1
713 2
714 1
715 2
716 2
717 1
718 2
719 1
72 1
720 2
721 2
722 2
723 1
724 2
725 1
726 2
727 1
728 2
729 1
73 2
730 2
731 2
732 2
733 2
734 2
735 2
736 2
737 1
738 1
739 1
74 2
740 1
741 1
742 2
743 2
744 2
745 2
746 2
747 1
748 1
749 2
75 2
750 2
751 2
752 1
753 2
754 2
755 2
756 2
757 2
758 2
759 2
76 2
760 2
761 2
762 2
763 1
764 2
765 2
766 1
767 1
768 1
769 1
77 2
770 1
771 2
772 1
773 2
774 1
775 2
776 2
777 1
778 2
779 1
78 2
780 1
781 1
782 2
783 1
784 1
785 2
786 1
787 2
788 1
789 2
79 1
790 2
791 1
792 2
793 2
794 2
795 1
796 1
797 2
798 2
799 1
8 1
80 1
800 2
801 2
802 1
803 2
804 1
805 1
806 2
807 2
808 2
809 2
81 1
810 1
811 2
812 1
813 2
814 2
815 1
816 2
817 2
818 2
819 2
82 2
820 2
821 2
822 1
823 2
824 2
825 2
826 2
827 2
828 2
829 2
83 1
830 1
831 2
832 2
833 2
834 2
835 2
836 1
837 2
838 2
839 2
84 2
840 2
841 2
842 2
843 1
844 2
845 2
846 1
847 2
848 2
849 2
85 1
850 2
851 1
852 2
853 2
854 2
855 1
856 2
857 2
858 2
859 1
86 2
860 1
861 2
862 1
863 2
864 2
865 1
866 2
867 1
868 2
869 1
87 1
870 2
871 2
872 1
873 2
874 1
875 2
876 2
877 2
878 2
879 1
88 2
880 1
881 2
882 1
883 1
884 2
885 2
886 2
887 1
888 2
889 1
89 2
890 2
891 2
892 2
893 2
894 2
895 2
896 2
897 1
898 2
899 2
9 2
90 2
900 1
901 1
902 2
903 1
904 1
905 2
906 1
907 1
908 1
909 1
91 2
910 2
911 2
912 1
913 2
914 1
915 2
916 1
917 1
918 2
919 1
92 2
920 1
921 2
922 2
923 1
924 2
925 2
926 2
927 1
928 2
929 2
93 2
930 2
931 2
932 1
933 1
934 2
935 2
936 1
937 1
938 2
939 1
94 2
940 1
941 1
942 2
943 2
944 1
945 2
946 1
947 2
948 1
949 2
95 2
950 2
951 2
952 2
953 2
954 2
955 2
956 2
957 2
958 2
959 2
96 1
960 1
961 1
962 2
963 1
964 2
965 2
966 2
967 2
968 1
969 2
97 2
970 1
971 2
972 1
973 2
974 2
975 1
976 2
977 2
978 1
979 1
98 2
980 1
981 2
982 2
983 2
984 2
985 2
986 2
987 2
988 1
989 2
99 2
990 1
991 2
992 2
993 1
994 2
995 2
996 2
997 2
998 1
999 1