3103 2
335 1
2080 2
1796 2
1795 2
2759 1
2390 2
2733 1
2539 2
2760 1
3170 1
692 1
188 2
1366 1
2387 1
503 1
1403 1
2562 1
953 2
3169 1
2454 2
2775 1
2221 1
2073 1
1792 2
1750 1
1648 2
433 1
608 1
332 1
341 1
2079 2
1133 2
3130 1
2293 1
2327 2
2764 1
1468 2
2645 2
654 1
1316 1
1865 1
2898 2
2897 2
2986 2
432 2
511 2
2362 2
1908 2
2432 1
2880 2
2881 2
2155 2
69 1
2365 1
2594 2
2818 2
2987 2
3069 1
2436 1
2512 1
205 2
2492 2
3007 2
700 1
1072 2
666 2
2510 1
162 2
200 2
1628 2
771 2
919 2
3210 2
3248 2
2925 2
1360 2
3209 2
3208 2
1697 1
2034 1
2305 1
3016 1
2397 2
665 2
2204 2
633 2
1311 1
829 2
3172 1
161 2
1220 2
1500 2
1696 2
305 2
1918 1
2410 2
596 2
1673 2
1502 2
1501 2
2076 1
2961 1
832 2
1405 2
1676 2
2041 2
857 1
1661 2
722 2
785 1
1013 1
1037 2
2637 1
2636 1
1632 1
1986 1
1677 2
1987 1
732 1
1679 2
1504 1
1678 2
593 2
694 2
1799 2
1660 2
2404 1
817 2
1854 2
2902 2
1768 1
1857 2
2623 1
959 2
3175 1
122 2
1988 2
1680 2
3140 2
500 2
583 2
622 1
1764 1
2196 1
1961 1
1921 1
1656 2
2598 2
827 2
2780 1
1634 1
1681 2
2039 2
2399 1
1682 2
2037 1
2782 1
123 2
2038 1
3167 2
1291 2
942 2
2040 1
224 2
254 2
140 2
1873 2
1440 2
2438 1
1633 1
2564 2
3083 2
1065 1
258 2
1683 1
170 2
1528 1
592 2
1135 1
1186 2
688 2
1225 2
1995 1
748 1
334 1
3182 2
1636 1
1635 1
1638 1
1637 1
1639 1
3237 2
3236 2
2958 1
565 2
697 1
352 2
2523 1
2482 1
1641 1
1640 1
1643 1
1642 1
1062 1
2586 2
1278 1
1646 1
2609 2
1517 2
3188 1
1264 1
1875 2
933 2
1471 2
948 1
2325 2
2463 1
2001 2
1115 2
1900 2
313 2
312 2
2499 1
434 2
2635 1
2055 1
469 2
304 2
216 2
2368 1
2735 1
928 2
1518 1
2504 2
1784 1
1300 2
1299 2
2578 1
1301 2
805 1
1943 2
893 2
3087 1
1479 2
2517 2
733 2
2056 1
2042 2
88 2
3036 1
551 1
2254 1
3001 1
2406 1
92 2
1716 1
2766 2
1121 2
1629 1
1442 2
1295 1
2611 1
2359 2
533 2
894 2
809 1
1281 2
637 2
18 2
19 2
1935 1
2524 2
1525 1
1936 1
772 1
2619 1
2711 1
1689 2
1393 1
825 2
2334 2
734 2
23 2
2613 1
24 2
20 2
21 2
22 2
1960 2
773 1
1373 1
1612 1
770 2
2411 2
892 2
920 2
194 2
2784 1
2372 1
1196 2
2787 1
807 2
2788 1
2710 1
3166 2
428 2
2029 1
1353 1
296 2
297 2
1207 2
693 1
2252 2
719 2
3038 2
3037 2
86 2
1201 2
3039 2
2750 1
1751 1
267 2
1859 2
504 2
2024 2
1082 2
2701 1
1753 2
1208 1
3132 2
3093 2
270 2
2789 1
271 2
1922 1
2283 2
2023 1
1476 2
1883 1
3059 1
2069 1
2700 1
3270 2
2942 1
2351 2
1786 2
269 2
1691 1
2172 2
505 2
183 2
302 2
2652 1
1834 2
1919 1
871 2
923 2
2680 1
176 2
2679 1
2471 1
1974 1
2414 2
2484 2
930 1
2734 2
2483 2
2545 1
1662 2
1166 1
2882 2
2261 2
2988 2
1230 1
2262 2
1803 1
2231 1
1398 1
1407 1
119 2
646 1
2824 2
886 2
3129 1
2757 1
1545 2
1544 2
557 2
1227 1
2685 1
945 2
581 2
478 2
480 2
1392 2
479 2
1651 2
483 2
2128 2
1080 1
482 2
481 2
2989 2
2525 2
926 2
1929 1
1308 1
2855 2
1322 1
629 2
630 2
1110 1
1659 2
1849 2
2479 2
1877 2
2085 1
398 2
605 2
1744 2
1321 1
3137 1
2571 2
668 2
131 2
2075 2
1814 1
421 2
2420 1
2813 2
2913 1
3100 1
30 2
1869 1
1444 1
1963 1
407 2
2526 2
41 2
3115 2
1054 2
3092 1
266 2
2923 1
1702 1
3104 2
2814 1
2117 1
721 2
2793 1
1328 2
2536 2
2641 2
173 2
2169 1
2465 2
859 1
1623 1
1622 1
1759 1
3260 1
1630 2
1127 1
1621 1
631 2
1137 1
468 2
810 1
467 2
466 2
1435 2
527 1
2581 2
2418 1
718 2
1892 1
2505 1
3216 2
934 1
1421 2
2985 2
464 2
465 2
1148 1
1042 1
378 2
1459 1
2984 2
1091 1
2804 2
1174 1
760 2
2200 2
497 2
3015 1
1250 2
2459 2
472 2
1235 1
912 2
2860 2
2377 1
1431 2
1067 1
2547 1
3193 1
2095 2
2393 2
1928 1
1428 1
2859 1
2401 1
2487 2
2901 2
875 2
1473 1
408 2
437 1
3143 1
1554 1
2755 1
498 2
898 1
2193 2
2194 2
672 2
924 1
2017 1
3242 1
62 2
2018 1
2858 1
2940 1
585 2
2238 2
1041 1
3179 1
118 2
1993 1
1713 1
1452 1
2184 1
1128 2
2408 1
1953 2
2306 1
3163 1
3271 2
2208 1
3207 1
1077 1
2264 1
3064 1
1289 1
2188 1
2450 2
97 2
3063 1
1050 1
3085 1
2329 1
958 1
3217 2
1654 1
2473 1
2137 1
1355 1
155 2
461 2
202 2
2179 1
1434 1
1059 2
3142 2
261 2
1685 2
2937 1
1514 2
1705 1
861 1
2522 1
751 2
539 2
1692 2
2206 1
2886 2
2631 1
1351 1
1541 2
1829 2
3014 2
2385 1
2620 1
1715 1
369 2
2714 1
1933 1
1169 1
517 2
2447 2
935 2
2677 1
1433 1
940 1
1926 1
1793 2
370 2
1582 1
2185 1
171 2
1416 2
1712 1
2642 1
2010 1
1191 1
965 2
1940 1
1277 1
521 2
3018 1
1296 1
513 2
1163 2
1443 2
3084 2
1204 1
2887 2
385 2
2343 1
1027 1
1494 1
1304 2
196 2
582 2
2610 1
2163 2
2502 2
3267 1
293 2
388 2
2708 1
2338 2
635 2
1561 2
2817 2
1881 1
2589 1
1170 1
1305 2
338 1
1306 1
1740 1
145 2
2664 2
897 1
1233 1
1092 2
2058 2
856 1
1499 1
1951 2
946 1
3004 1
2948 1
2822 2
1529 1
1282 2
1547 2
2012 1
642 1
1599 1
3003 1
3264 1
2177 1
2178 1
2287 2
2744 2
1752 2
1114 2
2314 2
68 1
2575 2
1588 2
272 1
1860 1
3062 1
1280 1
1007 2
1120 2
240 2
2964 1
1175 1
2616 1
954 2
715 2
3186 2
2867 1
512 2
2868 1
2739 2
89 2
2409 2
2786 1
452 2
1906 2
65 1
1625 2
2821 2
2247 1
43 1
294 2
303 2
1774 2
1891 1
1506 2
656 2
2738 1
1098 1
2847 2
474 2
1855 2
2500 2
2289 2
2032 1
2737 1
2119 1
2288 2
2097 1
595 2
969 1
1616 2
1627 2
2676 1
1540 1
1730 2
840 2
2462 2
3200 1
2647 2
3199 1
2938 2
2341 1
1782 2
797 1
2444 1
1884 1
3211 1
1493 1
966 2
318 2
3176 2
447 2
1033 1
1466 1
448 2
2275 1
2792 1
3196 2
1111 2
726 1
1290 1
1562 2
2754 1
2753 1
2600 1
2646 2
932 1
3008 1
1590 2
3203 1
191 2
895 1
2537 1
1748 2
3114 1
1747 2
3181 1
2152 2
818 2
2342 1
2426 1
1939 1
1026 1
1948 2
1647 2
1950 2
1537 2
1564 1
1949 2
2083 2
639 2
2651 2
2728 1
51 2
1808 1
599 2
2151 2
124 2
1947 2
1946 2
3006 1
439 1
3110 1
3101 1
3098 1
1944 2
3112 1
2051 2
1945 2
67 2
2979 2
2534 1
2173 1
2591 1
2333 2
1243 1
746 2
2122 2
1819 2
2709 2
2229 1
2195 2
135 2
55 2
1519 1
1766 2
2852 1
2384 1
526 2
1039 1
628 2
716 2
2568 2
99 2
2851 1
1251 2
3218 1
515 2
2934 2
1552 1
457 2
2326 2
602 1
2277 2
937 1
2795 2
1962 1
2380 2
331 2
2836 1
1698 2
2618 1
2114 1
1348 1
2722 1
263 2
1583 2
393 2
2442 1
1729 2
2004 2
2871 2
3102 1
1030 1
105 2
2723 2
1913 2
570 2
3116 1
2441 1
1265 1
3127 1
2118 1
1498 1
711 2
860 1
1188 2
1040 1
1024 1
890 2
2014 2
362 2
1371 2
1931 2
1965 2
192 2
2174 1
2569 1
2431 1
3171 1
1991 1
611 1
1399 2
1200 2
61 2
1097 1
1841 2
1285 2
783 1
520 2
1520 2
476 2
2443 1
2716 1
1776 2
816 2
2807 1
1775 2
1144 1
1246 2
195 2
2062 2
337 1
1156 1
3131 1
877 2
2957 2
1587 2
1706 1
1032 1
2061 2
449 1
2276 2
2707 1
938 2
110 1
1375 1
2929 1
696 1
1477 1
915 2
1602 1
998 1
1653 1
2615 2
3245 1
905 1
3144 2
1771 2
3178 2
56 2
1287 1
201 2
1397 1
74 2
1245 2
430 2
925 2
336 1
2353 2
1056 1
184 2
1150 2
1356 2
73 2
499 2
132 2
1688 1
1372 1
3145 1
1100 1
72 2
1852 1
704 2
2115 2
705 2
2747 1
1049 1
2699 1
2511 1
3263 1
553 1
710 2
1172 1
1173 1
1193 1
1262 2
823 2
234 2
2183 1
1123 1
532 2
1567 2
714 1
2284 2
765 1
814 2
1069 1
944 2
574 2
1103 1
575 2
2861 1
2556 2
1410 2
1247 2
1248 2
1566 2
854 2
1101 1
2064 2
524 2
3234 2
2139 1
2140 1
2952 2
1999 2
2000 2
2905 2
2292 1
802 1
1365 1
197 2
198 2
2907 1
3045 1
1754 1
2906 1
2002 1
2963 1
2962 1
308 2
2250 2
1870 2
957 1
2819 1
397 2
2298 2
2170 1
757 2
1620 1
2470 2
491 2
291 2
490 2
264 2
274 2
2279 1
1113 2
2625 2
366 2
2412 2
2724 2
1811 1
1614 2
778 2
1825 2
2053 2
402 2
2223 1
1821 1
1797 2
1439 2
1228 1
199 2
703 2
1938 2
2434 1
2027 2
2092 1
2481 1
1535 2
2577 2
730 2
579 2
1028 2
1503 2
1483 1
3020 2
2253 2
2094 1
425 1
424 2
423 2
2081 1
1571 2
282 1
2665 1
2693 2
1773 1
368 2
217 2
3141 2
2110 1
460 2
616 1
1456 2
2888 2
2876 2
2367 1
3162 1
115 2
1116 1
763 2
3212 2
3256 2
2395 2
2932 1
3060 1
2134 1
64 1
3086 2
761 2
1252 2
1558 2
323 2
1319 1
2346 2
2903 2
3033 2
1693 1
42 2
2995 1
1694 1
1603 1
1181 2
1068 1
404 2
446 2
394 2
885 2
227 2
116 2
838 2
1119 1
414 2
451 2
177 2
2028 2
1149 1
2997 1
745 1
3223 1
2726 2
1901 2
1367 1
1835 2
178 2
179 2
2864 2
2066 1
377 2
667 2
3056 2
618 1
3055 2
1822 2
143 2
3255 2
1109 2
523 2
858 1
1800 1
762 2
142 2
310 2
2632 2
2908 1
1609 1
727 1
149 2
2579 2
150 2
151 2
152 2
57 2
2016 1
322 2
1652 2
2405 1
820 2
753 2
3012 2
1887 1
3011 2
626 2
2063 1
2947 2
2290 1
2065 1
1615 2
2658 2
819 1
1084 1
777 1
117 2
2181 1
1284 1
3096 1
426 1
1362 1
2419 2
952 2
1195 1
2627 1
2339 2
3094 1
1777 2
2966 1
114 1
3190 2
2833 1
2192 1
1756 1
249 2
699 1
3000 2
2077 1
1531 1
1770 1
1020 2
724 1
389 2
2630 1
2978 1
2990 2
843 1
390 2
3123 1
392 2
842 1
1140 2
391 2
400 2
1896 2
1538 2
2626 1
614 1
2386 1
1183 1
159 2
2102 2
1844 2
1313 1
793 1
59 2
1789 1
1312 1
1184 1
1742 1
2839 2
2563 2
2521 2
2082 2
2936 1
3189 1
2767 1
146 2
1341 2
58 2
1342 2
686 2
2768 1
2769 1
372 2
1863 1
1271 1
1132 2
1989 1
1343 2
744 2
2772 1
502 2
3238 1
2715 1
2476 1
591 2
2771 1
2746 1
77 2
3205 1
76 1
987 1
1763 1
230 2
231 2
3220 1
2953 2
1377 2
2801 2
1155 1
75 2
1997 2
955 2
279 2
2672 2
685 2
1324 1
627 2
3262 1
2703 1
229 2
1598 2
1864 1
2054 2
2643 2
2480 2
2702 1
3229 2
3228 2
2381 1
2109 2
3227 2
364 2
3226 2
3225 2
1202 1
2167 1
1244 2
1384 1
3230 2
241 2
1909 1
2548 2
828 2
228 2
1827 2
1699 1
2572 1
1714 1
1463 2
1569 1
657 2
1738 1
904 1
2576 1
455 2
658 2
1090 2
2407 2
2460 1
1743 1
669 2
2202 2
1930 1
659 2
1619 1
182 2
1584 2
2153 1
660 2
1180 2
1379 1
450 1
1585 2
643 2
1649 2
2669 2
3091 2
253 2
1868 1
3119 1
620 1
874 1
1709 1
113 2
712 2
3133 2
896 2
306 2
1412 2
239 2
1954 1
866 2
2924 1
939 1
590 2
1895 1
811 2
106 2
610 1
484 2
1671 2
95 2
2546 2
485 2
1843 2
1851 2
3017 1
2423 1
645 2
1451 2
2761 1
416 2
351 2
104 2
103 2
102 2
2021 1
3074 1
509 2
1725 2
1724 2
1872 2
625 1
2382 1
1034 2
2954 1
2584 1
1270 2
2036 2
1269 2
1268 1
1577 1
1805 1
111 2
357 2
1157 1
298 2
578 2
346 2
2136 1
2049 2
3072 1
2910 2
796 1
2251 2
880 1
2951 2
250 2
1497 1
1575 1
1574 1
787 2
1294 2
1576 1
1293 2
1853 2
2955 2
1840 2
956 2
1419 1
529 2
1344 2
589 2
2911 2
2917 1
2863 2
1899 2
2478 1
1318 1
808 2
1573 2
1292 1
1572 2
522 2
1600 1
1283 1
2213 1
190 2
1079 1
347 2
550 1
1780 1
1880 2
2528 2
2751 2
2835 2
2799 1
321 2
2168 1
2776 1
3149 1
442 2
63 2
3043 1
2893 2
2059 2
2890 2
2354 2
641 2
2889 2
2892 2
2891 2
1704 1
1513 1
1071 1
1017 1
493 2
960 1
1139 2
495 2
2956 2
691 1
1578 1
2240 1
1815 2
1409 2
1816 1
2272 1
2909 2
100 2
2402 1
1556 1
1363 1
1557 2
2896 2
653 2
508 1
649 1
1112 2
2446 1
1219 1
1830 2
1275 1
2347 2
1326 1
2067 1
3150 1
2806 2
2894 2
2895 2
3070 1
949 1
2239 2
1396 2
1160 1
3155 1
617 1
1765 2
2850 2
2375 1
3258 1
1794 1
2849 2
2561 2
2259 1
985 1
3219 1
2590 1
507 1
2640 2
2413 2
2249 2
1066 2
1136 2
687 2
1898 2
673 2
917 2
2794 1
260 2
2592 1
1778 2
3071 1
2352 2
2515 2
977 1
326 2
2514 1
540 2
976 2
2513 2
1437 1
3044 1
1464 1
1964 2
2417 1
2374 2
2371 1
3197 2
3198 2
91 2
2538 1
1858 2
2607 1
563 1
2621 1
2516 2
185 2
71 1
3052 2
429 2
2560 2
3106 1
175 2
1700 1
2520 1
412 2
2519 1
415 2
2392 2
2991 1
285 1
376 2
1684 2
881 2
1025 1
2071 2
1142 1
3122 2
1438 2
1001 1
2421 2
1177 2
2915 2
256 2
826 1
134 2
1449 1
90 1
1448 1
1198 1
792 2
1226 1
849 2
379 2
1118 1
2210 2
3259 2
358 2
3065 1
780 2
2158 1
2211 2
3272 2
738 1
1314 1
1158 1
607 1
29 2
1146 1
2854 1
1467 2
3268 1
968 1
1159 1
2234 1
494 2
2663 1
1626 2
1055 1
1798 2
2060 1
978 2
979 1