1454     0
1453     0
1452     1
1451     1
1450     0
1449     0
1448     0
1457     0
1456     1
1455     1
1470     0
1466     1
1  1
1465     0
1112     1
1464     1
1463     1
2223     1
1462     0
2610     1
1461     0
2721     1
2832     1
1460     1
2943     1
1459     0
3054     1
3165     1
1468     1
1467     0
4  1
1482     0
1481     1
1478     1
1477     1
1476     1
1475     1
1474     1
1473     1
1472     1
1471     0
1479     0
1494     0
16   1
1493     0
15   0
1492     0
1490     1
12   1
1489     1
11   1
10   0
1488     1
9  0
1487     1
8  0
1486     1
1485     1
7  0
1484     1
6  0
5  0
1483     1
13   0
1506     1
28   0
1505     1
27   0
1504     1
26   1
1503     1
24   0
1501     0
23   0
22   0
1500     0
1499     1
21   1
1498     1
20   0
1497     0
19   0
18   0
1496     0
1495     0
17   1
40   0
1518     0
39   0
1517     1
1516     1
38   0
37   0
1515     0
1514     1
35   0
1512     1
34   1
33   0
1511     0
32   0
1510     1
31   0
1509     1
30   0
1508     1
1507     1
29   0
1530     0
52   0
1529     1
51   0
50   0
1528     1
1527     0
49   0
48   0
1526     0
1525     0
46   0
45   1
1523     0
44   1
1522     0
1521     0
43   0
1520     0
42   0
1519     0
41   1
1542     0
64   0
63   1
1541     0
1540     0
62   0
1539     0
61   0
1538     0
60   0
59   0
1537     0
1536     1
57   0
1534     1
56   0
1533     1
55   1
1532     0
54   0
53   0
1531     0
1554     1
76   1
75   0
1553     1
1552     1
74   0
1551     1
73   0
72   0
1550     1
1549     1
71   0
70   1
1548     1
1547     1
68   1
67   0
1545     1
66   0
1544     1
1543     0
65   0
88   0
87   1
86   0
85   1
84   0
83   1
82   0
81   0
79   0
1556     0
78   0
77   0
1555     0
92   0
100    0
99   0
98   0
97   0
96   0
95   0
94   1
93   0
90   0
89   0
104    0
103    1
112    0
111    0
110    0
109    0
108    0
107    1
106    1
105    1
101    1
1114     1
1125     1
1136     1
1147     1
1158     1
1169     1
1180     1
1191     1
1202     1
1213     1
1225     1
1236     1
1247     1
1258     1
1269     1
1280     1
1291     1
1302     1
1313     1
1324     1
1336     1
1347     1
1358     1
1369     1
1380     1
1391     1
1402     1
1413     1
1424     1
1435     1
1447     1
1458     1
1469     1
1480     1
1491     1
1502     1
1513     1
1524     1
1535     1
1546     1
1012     0
1011     1
1558     1
1569     1
1580     1
1591     1
1602     1
1613     1
1624     1
1635     1
1646     1
1657     1
1010     1
1009     1
1008     0
1007     1
1006     0
1005     0
1004     1
1003     1
1023     0
1669     1
1680     1
1691     1
1702     1
1014     1
1713     1
1724     1
1735     1
1746     1
1757     1
1768     1
1022     0
1021     0
1020     0
1019     0
1018     1
1017     1
1016     1
1015     1
1780     1
1791     1
1802     1
1813     1
1026     0
1824     1
1025     1
1835     1
1846     1
1857     1
1868     1
1879     1
1034     0
1033     0
1032     0
1031     0
1030     0
1029     0
1028     1
1027     0
1891     1
1902     1
1913     0
1924     1
1935     1
1038     0
1946     0
1037     1
1957     1
1036     0
1968     0
1979     1
1990     1
1045     0
1044     1
1043     0
1042     0
1041     0
1040     1
1039     0
2002     0
2013     1
2024     0
2035     1
2046     1
2057     0
1050     1
2068     0
1049     1
2079     1
2090     1
1048     1
1047     0
2101     1
1056     1
1055     1
1054     1
1053     1
1052     1
1051     1
2113     1
2124     1
2135     1
2146     1
2157     1
2168     1
2179     1
2190     1
1062     0
1061     1
2201     1
2212     1
1060     0
1059     1
1058     1
1067     1
1066     1
1065     1
1064     1
1063     0
1074     1
1073     1
1072     0
1071     0
1070     0
1069     1
1078     0
1077     1
1076     0
1075     0
1086     1
1085     1
1084     0
1083     0
1082     0
1081     0
1080     1
1089     1
1088     1
1087     0
1102     1
1098     0
1097     0
1096     0
1095     0
1094     0
1093     0
1092     0
1091     0
1100     0
1099     1
1110     1
1109     1
1108     1
1107     0
1106     1
1105     0
1104     0
1103     0
1111     1
1564     0
1563     0
1562     0
1561     0
1560     0
1559     1
1568     1
1567     0
1566     1
1565     0
1576     1
1575     1
1574     1
1573     1
1572     1
1571     1
1570     1
1579     1
1578     0
1577     0
1592     0
1588     0
1587     0
1586     1
1585     0
1584     0
1583     0
1582     1
1581     0
1590     0
1589     0
126    0
1604     0
1603     1
1600     0
122    0
121    0
1599     0
1598     0
120    0
119    0
1597     1
118    0
1596     0
1595     0
117    0
1594     0
116    0
1593     0
115    0
124    1
1601     1
123    0
138    1
1616     1
137    1
1615     1
1614     1
134    0
1612     1
133    1
1611     1
1610     1
132    0
131    1
1609     0
130    1
1608     0
1607     0
129    1
1606     0
128    1
127    1
1605     0
135    0
1628     0
150    1
1627     1
149    1
1626     0
148    1
1625     0
146    0
1623     1
145    1
144    0
1622     0
1621     0
143    1
1620     0
142    0
141    1
1619     1
140    0
1618     1
139    0
1617     1
1640     0
162    1
1639     0
161    0
1638     0
160    0
1637     0
159    1
1636     1
157    1
1634     0
156    0
155    0
1633     1
154    1
1632     0
153    0
1631     1
1630     1
152    1
151    1
1629     0
1652     1
174    1
1651     1
173    1
1650     1
172    0
1649     0
171    0
170    1
1648     0
1647     1
168    0
1645     1
167    0
1644     0
166    1
165    0
1643     0
1642     0
164    0
163    0
1641     0
186    1
1664     0
1663     0
185    1
184    1
1662     1
1661     0
183    0
1660     1
182    0
181    0
1659     1
1658     0
179    0
178    0
1656     0
177    0
1655     0
1654     1
176    0
175    0
1653     0
198    0
197    0
196    0
195    0
194    0
193    1
192    0
190    0
1667     0
189    0
188    0
1666     1
187    0
1665     1
210    0
209    1
208    0
207    0
206    0
205    1
204    1
203    1
201    1
200    1
199    1
214    1
222    0
221    1
220    1
219    0
218    0
217    0
216    1
215    0
212    1
211    1
223    1
2225     1
2236     1
2247     1
2258     1
2269     1
2280     1
2291     1
2302     1
2313     1
2324     1
2336     1
2347     1
2358     1
2369     1
2380     1
2391     1
2402     1
2413     1
2424     1
2435     1
2447     1
2458     1
2469     1
2480     1
2491     1
2502     1
2513     1
2524     1
2531     1
2532     1
2534     1
2535     1
2536     0
2537     1
2538     0
2539     0
2540     0
2541     0
2542     0
2543     0
2545     0
2546     0
2547     1
2548     1
2549     0
2550     1
2551     1
2552     1
2553     1
2554     1
2556     1
2557     1
2558     1
2559     1
2560     1
2561     1
2562     1
2563     1
2564     1
2565     1
2  1
113    1
224    1
335    1
446    1
557    1
668    1
779    1
890    1
1001     1
2567     1
2568     1
2569     1
2570     1
2571     1
2572     1
2573     1
2574     1
2575     1
2576     1
1113     1
1224     1
1335     1
1446     1
1557     1
1668     1
1779     1
1890     1
2001     1
2112     1
2578     1
2579     1
2580     1
2581     1
2582     1
2583     1
2584     1
2585     1
2586     1
2587     1
2224     1
2335     0
2446     1
2533     0
2544     0
2555     1
2566     1
2577     1
2588     0
2599     1
2589     1
2590     1
2591     1
2592     1
2593     1
2594     1
2595     1
2596     1
2597     1
2598     1
2611     1
2622     1
2633     1
2644     0
2655     0
2666     0
2677     0
2688     1
2699     1
2710     1
2600     1
2601     1
2602     1
2603     1
2604     1
2605     1
2606     1
2607     1
2608     1
2609     1
2722     1
2733     1
2744     1
2755     1
2766     1
2777     1
2788     1
2799     1
2810     1
2821     1
2833     1
2844     1
2855     1
2866     1
2877     0
2888     0
2899     1
2910     1
2921     0
2932     0
2944     1
2955     0
2966     1
2977     1
2988     1
2999     1
3010     0
3021     1
3032     0
3043     0
3055     0
3066     1
3077     1
3088     0
3099     0
3110     0
3121     1
3132     0
3143     1
3154     1
3166     0
3177     1
3188     1
3199     1
3210     1
3221     1
3232     1
3243     1
3254     1
3265     1
1674     1
1673     0
1672     1
1671     0
1670     1
1679     0
1678     1
1677     0
1676     1
1675     0
1686     1
1685     0
1684     1
1683     0
1682     0
1681     0
1690     0
1689     1
1688     1
1687     1
1698     1
1697     1
1696     1
1695     0
1694     0
1693     1
1692     0
1701     1
1700     1
1699     1
1714     0
1710     0
232    1
1709     1
231    1
230    0
1708     0
1707     0
229    0
228    0
1706     1
227    1
1705     0
226    1
1704     0
1703     1
235    1
1712     1
234    0
233    1
1711     0
248    1
1726     1
1725     1
1722     1
244    0
1721     0
243    0
1720     1
242    0
1719     0
241    1
1718     0
240    0
239    1
1717     0
1716     0
238    1
1715     0
237    1
246    0
245    1
1723     1
1738     0
260    0
259    0
1737     1
1736     1
256    0
1734     0
255    0
1733     1
254    0
1732     1
253    1
1731     1
1730     1
252    1
1729     1
251    1
250    0
1728     1
249    0
1727     1
257    1
272    1
1750     1
1749     0
271    0
1748     1
270    0
1747     0
268    0
1745     0
267    0
1744     1
266    0
1743     0
265    0
264    0
1742     1
263    0
1741     0
1740     1
262    0
1739     1
261    0
1762     0
284    1
283    1
1761     1
282    1
1760     1
1759     1
281    1
1758     0
279    0
278    1
1756     1
1755     0
277    1
276    1
1754     1
275    1
1753     0
1752     1
274    1
273    0
1751     0
296    0
1774     0
1773     1
295    0
294    1
1772     0
1771     0
293    1
1770     0
292    1
1769     0
290    0
1767     0
289    1
288    1
1766     0
287    0
1765     0
1764     1
286    1
285    1
1763     0
308    0
307    0
306    0
305    0
304    0
303    1
301    1
300    0
1778     0
1777     1
299    1
298    1
1776     0
297    0
1775     0
320    0
319    1
318    0
317    0
316    1
315    1
314    0
312    0
311    0
310    0
309    0
332    0
331    0
330    0
329    1
328    1
327    0
326    1
325    0
323    0
322    0
321    0
2228     0
2227     0
2226     1
334    1
333    1
2240     0
2239     1
2238     1
2237     1
2235     1
2234     0
2233     1
2232     0
2612     1
2613     1
2231     0
2230     0
2614     1
2229     0
2615     1
2616     1
2617     1
2618     1
2619     1
2620     1
2621     1
2252     1
2251     1
2250     1
2249     0
2248     1
2246     1
2245     0
2623     1
2244     0
2624     1
2243     0
2625     1
2242     0
2626     1
2241     1
2627     1
2628     1
2629     1
2630     1
2631     1
2632     1
2264     0
2263     0
2262     1
2261     0
2260     1
2259     1
2634     1
2635     1
2257     1
2636     1
2256     1
2637     1
2255     1
2638     1
2254     1
2639     0
2253     1
2640     0
2641     0
2642     1
2643     1
2276     1
2275     0
2274     0
2273     0
2272     0
2271     1
2270     0
2645     1
2646     1
2647     1
2648     0
2268     1
2649     1
2267     1
2266     1
2650     1
2265     0
2651     1
2652     0
2653     1
2654     0
2288     1
2287     1
2286     1
2285     1
2284     0
2283     1
2282     1
2281     0
2656     0
2657     0
2658     1
2659     1
2660     0
2661     0
2279     0
2662     1
2278     0
2663     1
2277     0
2664     1
2665     0
2292     0
2300     1
2299     1
2298     0
2297     0
2296     0
2295     0
2294     0
2667     0
2293     0
2668     1
2669     1
2670     1
2671     1
2672     1
2673     1
2290     0
2674     1
2675     1
2289     0
2676     1
2304     0
2303     0
2312     1
2311     0
2310     1
2309     1
2308     1
2307     0
2678     1
2306     0
2679     1
2305     0
2680     1
2681     1
2682     1
2683     1
2684     1
2685     1
2686     1
2301     0
2687     1
2316     0
2315     1
2314     1
2323     0
2322     1
2321     0
2320     1
2319     0
2689     1
2318     1
2690     1
2317     1
2691     1
2692     1
2693     1
2694     1
2695     1
2696     1
2697     1
2698     1
2328     1
2327     0
2326     1
2325     1
2334     0
2333     0
2700     1
2332     1
2701     1
2331     0
2702     1
2330     1
2703     1
2329     0
2704     1
2705     1
2706     1
2707     1
2708     1
2709     1
2711     1
2712     1
2713     1
2714     1
2715     1
2716     1
2717     1
2718     1
2719     1
2720     1
1784     1
1783     1
1782     1
1781     0
1790     1
1789     0
1788     0
1787     1
1786     1
1785     1
1796     0
1795     0
1794     0
1793     0
1792     0
1801     0
1800     0
1799     0
1798     0
1797     1
1808     1
1807     1
1806     0
1805     0
1804     0
1803     0
1812     0
1811     1
1810     0
1809     0
1820     0
342    1
1819     0
341    1
1818     1
340    1
339    1
1817     0
338    1
1816     1
337    1
1815     0
1814     0
346    0
345    0
1823     1
1822     0
344    0
1821     0
343    0
1836     1
354    0
1832     1
1831     1
353    0
1830     1
352    0
351    0
1829     0
350    0
1828     1
349    0
1827     0
1826     1
348    0
1825     1
357    0
356    0
1834     0
1833     0
355    1
370    0
1848     0
1847     1
1844     1
366    0
365    0
1843     0
1842     0
364    0
363    0
1841     0
362    1
1840     0
361    0
1839     0
1838     0
360    0
1837     1
359    1
368    0
367    1
1845     0
382    1
1860     1
381    1
1859     1
1858     0
1856     1
378    1
377    1
1855     0
376    0
1854     0
1853     1
375    0
1852     0
374    0
1851     1
373    0
1850     0
372    0
1849     0
371    0
379    1
394    0
1872     0
393    0
1871     0
1870     0
392    0
1869     0
390    0
1867     0
389    0
1866     0
388    0
1865     0
387    1
1864     0
386    0
385    1
1863     0
384    1
1862     1
383    1
1861     1
406    0
1884     0
1883     1
405    0
404    0
1882     0
403    1
1881     0
1880     0
401    0
400    1
1878     0
399    1
1877     0
398    1
1876     0
397    0
1875     0
1874     0
396    1
395    0
1873     0
418    0
417    0
416    0
415    1
414    1
412    0
1889     0
411    0
410    0
1888     0
409    0
1887     0
408    0
1886     0
407    1
1885     0
430    1
429    0
428    1
427    0
426    1
425    1
423    0
422    0
421    1
420    0
419    0
442    1
441    1
440    0
439    0
438    1
437    1
436    0
434    1
433    0
432    0
431    0
2338     0
2337     0
445    1
444    0
443    0
2350     0
2349     0
2348     0
2346     0
2345     0
2344     0
2343     0
2342     0
2723     1
2341     1
2340     1
2724     1
2339     0
2725     1
2726     0
2727     1
2728     1
2729     0
2730     0
2731     0
2732     1
2362     0
2361     1
2360     1
2359     1
2357     0
2356     0
2355     0
2354     0
2734     0
2735     1
2353     1
2736     1
2352     0
2737     1
2351     0
2738     0
2739     1
2740     0
2741     1
2742     1
2743     1
2374     1
2373     1
2372     1
2371     0
2370     0
2368     0
2745     1
2367     0
2746     1
2366     0
2747     1
2365     0
2748     1
2364     1
2749     1
2363     0
2750     1
2751     1
2752     0
2753     1
2754     1
2386     0
2385     1
2384     0
2383     1
2382     1
2381     1
2756     1
2379     0
2757     1
2758     1
2378     0
2759     1
2377     0
2376     0
2760     1
2375     0
2761     1
2762     1
2763     1
2764     1
2765     1
2398     0
2397     0
2396     0
2395     1
2394     1
2393     1
2392     0
2767     1
2768     1
2769     1
2390     0
2770     1
2389     0
2771     1
2388     0
2772     1
2387     1
2773     1
2774     1
2775     1
2776     1
2410     1
2409     1
2408     0
2407     1
2406     0
2405     0
2404     0
2403     0
2778     0
2779     0
2780     0
2781     0
2782     1
2401     0
2783     0
2784     1
2400     1
2785     1
2399     1
2786     1
2787     1
2414     0
2422     1
2421     1
2420     1
2419     0
2418     0
2417     1
2416     0
2415     0
2789     1
2790     1
2791     1
2792     0
2793     1
2794     1
2795     1
2412     0
2796     1
2411     0
2797     1
2798     1
2426     0
2425     0
2434     0
2433     0
2432     0
2431     1
2430     0
2429     0
2800     1
2428     1
2427     1
2801     1
2802     1
2803     1
2804     1
2805     1
2806     1
2807     1
2808     1
2423     0
2809     1
2438     0
2437     0
2436     1
2445     0
2444     1
2443     1
2442     1
2441     1
2811     1
2812     1
2440     1
2439     0
2813     1
2814     1
2815     1
2816     1
2817     1
2818     1
2819     1
2820     1
2822     1
2823     1
2824     1
2825     1
2826     1
2827     1
2828     1
2829     1
2830     1
2831     1
1894     0
1893     0
1892     0
1901     1
1900     0
1899     0
1898     0
1897     0
1896     0
1895     0
1906     1
1905     0
1904     0
1903     0
1912     1
1911     1
1910     0
1909     0
1908     0
1907     0
1918     1
1917     1
1916     0
1915     1
1914     1
1923     0
1922     0
1921     0
1920     1
1919     1
1930     0
452    0
451    0
1929     1
1928     0
450    0
1927     0
449    1
448    0
1926     1
1925     1
457    1
1934     1
456    1
455    0
1933     0
1932     0
454    0
453    1
1931     0
1942     0
464    0
463    0
1941     0
1940     1
462    0
461    1
1939     0
460    0
1938     0
459    1
1937     0
1936     1
468    0
1945     1
467    0
466    0
1944     0
465    1
1943     0
1958     0
1954     0
476    1
475    0
1953     0
1952     0
474    0
1951     0
473    0
1950     0
472    0
471    1
1949     1
1948     1
470    0
1947     0
479    1
478    0
1956     0
1955     0
477    0
492    1
1970     0
1969     0
1966     0
488    0
1965     0
487    0
1964     1
486    1
485    0
1963     0
1962     0
484    0
1961     1
483    0
482    1
1960     0
1959     0
481    0
490    1
1967     0
489    1
1982     0
504    1
503    0
1981     1
1980     0
500    0
1978     0
499    0
1977     0
498    0
1976     0
1975     0
497    0
496    0
1974     0
495    1
1973     0
494    1
1972     0
1971     0
493    0
501    0
1994     0
516    1
1993     0
515    0
514    0
1992     0
1991     0
512    0
1989     0
511    1
1988     0
510    1
1987     0
509    1
1986     0
508    0
1985     0
507    1
1984     0
506    1
505    0
1983     0
528    0
527    0
526    1
525    1
523    1
522    1
2000     0
521    1
1999     1
520    0
1998     1
519    1
1997     1
1996     1
518    0
517    1
1995     0
540    1
539    0
538    0
537    1
536    0
534    1
533    0
532    0
531    1
530    0
529    0
552    0
551    0
550    0
549    0
548    0
547    1
545    1
544    1
543    1
542    1
541    1
2448     0
556    0
555    0
554    0
553    0
2460     0
2459     1
2456     1
2455     0
2454     0
2453     0
2452     1
2451     0
2450     0
2834     1
2835     0
2449     1
2836     0
2837     0
2838     0
2839     1
2840     1
2841     0
2842     0
2457     1
2843     0
2472     0
2471     0
2470     0
2468     0
2467     0
2466     1
2465     1
2464     1
2845     0
2463     1
2846     0
2462     1
2461     1
2847     0
2848     0
2849     0
2850     0
2851     0
2852     0
2853     0
2854     0
2484     1
2483     1
2482     1
2481     1
2479     1
2478     1
2477     1
2476     1
2856     0
2475     1
2857     0
2858     0
2474     1
2473     0
2859     0
2860     0
2861     0
2862     1
2863     1
2864     1
2865     1
2496     0
2495     0
2494     0
2493     1
2492     0
2490     0
2867     1
2489     0
2488     1
2868     1
2487     1
2869     1
2870     1
2486     1
2485     1
2871     1
2872     1
2873     1
2874     1
2875     1
2876     1
2508     1
2507     0
2506     0
2505     1
2504     1
2503     1
2878     0
2879     1
2501     1
2500     1
2880     0
2881     1
2499     0
2498     0
2882     0
2497     0
2883     1
2884     0
2885     1
2886     0
2887     0
2520     1
2519     0
2518     0
2517     0
2516     0
2515     0
2514     0
2889     0
2890     1
2891     0
2892     1
2512     1
2893     0
2511     0
2510     1
2894     0
2895     1
2509     1
2896     1
2897     1
2898     1
2530     1
2529     1
2528     1
2527     1
2526     1
2525     1
2900     1
2901     1
2902     1
2903     1
2904     1
2905     1
2523     1
2906     1
2522     0
2521     0
2907     1
2908     1
2909     1
2911     1
2912     1
2913     1
2914     1
2915     1
2916     1
2917     1
2918     1
2919     1
2920     1
2922     1
2923     1
2924     1
2925     1
2926     1
2927     1
2928     1
2929     1
2930     1
2931     1
2933     1
2934     0
2935     0
2936     0
2937     1
2938     1
2939     0
2940     0
2941     0
2942     0
2004     1
2003     1
2012     0
2011     0
2010     0
2009     1
2008     0
2007     1
2006     0
2005     1
2016     0
2015     0
2014     1
2023     0
2022     1
2021     1
2020     0
2019     1
2018     0
2017     1
2028     1
2027     1
2026     1
2025     0
2034     1
2033     1
2032     1
2031     1
2030     1
2029     1
562    1
2040     0
561    1
2039     0
560    1
2038     0
559    1
2037     1
2036     1
568    0
2045     1
567    0
566    1
2044     0
565    1
2043     0
2042     0
564    0
563    0
2041     1
574    1
2052     0
573    0
2051     0
572    1
2050     0
2049     0
571    0
570    1
2048     0
2047     0
579    0
578    0
2056     1
577    1
2055     0
2054     1
576    0
2053     1
575    0
586    0
2064     1
2063     1
585    1
2062     0
584    1
2061     1
583    1
2060     0
582    1
2059     0
581    1
2058     1
590    0
589    0
2067     0
2066     0
588    1
587    1
2065     1
2080     1
2076     0
598    1
597    1
2075     0
596    1
2074     1
2073     1
595    0
2072     1
594    0
593    0
2071     0
2070     0
592    0
2069     1
601    1
600    1
2078     0
2077     0
599    1
2092     1
614    1
2091     1
610    1
2088     0
609    0
2087     0
608    1
2086     1
607    1
2085     0
2084     0
606    1
605    1
2083     0
604    1
2082     0
603    0
2081     1
612    1
2089     0
611    1
626    1
2104     1
2103     1
625    1
2102     1
622    1
2100     1
2099     1
621    1
2098     1
620    0
2097     1
619    0
618    0
2096     1
2095     0
617    1
616    0
2094     0
2093     1
615    0
623    0
638    1
637    1
636    0
634    0
2111     1
633    0
2110     1
632    1
2109     1
631    1
2108     1
630    1
629    0
2107     1
2106     1
628    1
627    1
2105     1
650    1
649    0
648    0
647    0
645    0
644    0
643    0
642    0
641    0
640    0
639    1
662    0
661    0
660    0
659    0
658    1
656    0
655    1
654    1
653    1
652    1
651    1
667    0
666    1
665    0
664    0
663    1
2945     0
2946     1
2947     1
2948     1
2949     1
2950     1
2951     1
2952     1
2953     1
2954     1
2956     1
2957     1
2958     1
2959     0
2960     0
2961     1
2962     1
2963     1
2964     1
2965     1
1116     1
1115     1
2967     1
2968     1
2969     1
2970     0
2971     0
2972     0
2973     0
2974     0
2975     0
2976     0
1128     0
1127     0
1126     0
1124     0
1123     1
1122     0
1121     0
2978     1
1120     0
1119     1
2979     1
2980     0
1118     1
2981     1
1117     0
2982     1
2983     1
2984     1
2985     0
2986     0
2987     0
1140     0
1139     0
1138     0
1137     1
1135     1
1134     0
1133     0
2989     0
1132     0
2990     1
2991     0
1131     0
1130     1
2992     0
2993     1
1129     1
2994     0
2995     1
2996     1
2997     0
2998     1
1152     0
1151     1
1150     0
1149     0
1148     0
1146     0
3000     1
3001     1
1145     1
1144     1
3002     0
3003     1
1143     1
1142     0
3004     1
1141     1
3005     1
3006     1
3007     1
3008     1
3009     1
1164     0
1163     0
1162     0
1161     1
1160     1
1159     0
3011     1
3012     1
1157     1
3013     1
1156     0
3014     1
1155     0
3015     1
3016     0
1154     1
3017     1
1153     1
3018     0
3019     0
3020     0
1176     0
1175     0
1174     1
1173     1
1172     0
1171     1
1170     1
3022     1
3023     1
3024     0
3025     0
1168     1
3026     0
1167     0
3027     1
1166     0
3028     0
3029     0
1165     0
3030     1
3031     0
1188     0
1187     0
1186     0
1185     1
1184     0
1183     1
1182     1
3033     1
1181     0
3034     0
3035     1
3036     0
3037     0
3038     0
1179     1
3039     1
1178     1
3040     1
3041     1
1177     0
3042     1
1192     0
1200     1
1199     0
1198     0
1197     1
1196     1
1195     0
1194     0
3044     1
1193     1
3045     1
3046     1
3047     0
3048     1
3049     0
3050     0
3051     0
1190     0
3052     0
3053     0
1189     1
1204     0
1203     1
1212     1
1211     0
1210     0
1209     0
1208     0
1207     1
1206     1
1205     1
1201     1
1216     0
1215     1
1214     1
1223     0
1222     1
1221     0
1220     0
1219     1
1218     0
1217     0
2123     1
2114     1
2122     0
2121     0
2120     0
2119     1
2118     0
2117     1
2116     1
2115     1
2126     1
2125     1
2134     0
2133     0
2132     0
2131     0
2130     1
2129     0
2128     0
2127     1
2138     0
2137     0
2136     0
2145     0
2144     1
2143     1
2142     1
2141     1
2140     0
2139     0
672    0
2150     0
2149     0
671    0
670    0
2148     0
2147     1
679    0
678    0
2156     1
2155     1
677    0
2154     0
676    1
2153     0
675    0
2152     0
674    0
2151     1
673    0
2162     1
684    1
683    0
2161     0
2160     0
682    0
681    0
2159     1
2158     0
690    0
689    0
2167     0
2166     0
688    1
687    1
2165     1
686    1
2164     1
685    1
2163     1
2174     1
696    0
695    0
2173     0
694    0
2172     1
693    0
2171     1
692    0
2170     1
2169     0
701    0
700    1
2178     0
2177     0
699    1
2176     1
698    1
697    1
2175     1
708    0
2186     0
707    0
2185     1
706    0
2184     0
705    0
2183     0
2182     0
704    1
2181     0
703    1
2180     1
712    0
711    0
2189     1
710    0
2188     1
709    0
2187     0
2202     0
720    0
2198     1
2197     1
719    0
718    0
2196     0
717    0
2195     1
716    0
2194     0
715    0
2193     0
714    0
2192     0
2191     1
723    1
722    1
2200     1
721    1
2199     0
736    1
2214     0
2213     1
2210     1
732    0
2209     1
731    1
2208     1
730    0
2207     1
729    0
2206     1
728    0
727    1
2205     1
726    1
2204     1
725    1
2203     1
734    1
2211     1
733    1
748    1
747    1
744    1
2222     0
2221     0
743    1
2220     0
742    1
2219     0
741    0
2218     0
740    1
739    1
2217     0
738    1
2216     1
737    1
2215     0
745    0
760    1
759    1
758    1
756    1
755    1
754    1
753    1
752    0
751    1
750    1
749    1
772    0
771    1
770    0
769    0
767    1
766    0
765    0
764    0
763    1
762    1
761    0
778    0
777    1
776    0
775    1
774    1
773    0
3056     1
3057     0
3058     0
3059     1
3060     0
3061     0
3062     1
3063     1
3064     1
3065     0
3067     0
3068     1
3069     1
3070     0
3071     1
3072     0
3073     1
3074     1
3075     1
3076     0
1226     1
3078     1
3079     1
3080     0
3081     1
3082     1
3083     1
3084     0
3085     1
3086     1
3087     1
1238     0
1237     0
1234     0
1233     1
1232     0
1231     1
1230     0
1229     0
3089     1
1228     1
3090     1
3091     1
1227     1
3092     1
3093     0
3094     1
3095     0
3096     1
3097     1
3098     1
1235     1
1250     1
1249     1
1248     0
1246     0
1245     0
1244     0
1243     0
3100     1
1242     1
1241     0
3101     0
3102     0
1240     1
3103     0
1239     1
3104     1
3105     0
3106     0
3107     0
3108     1
3109     1
1262     0
1261     1
1260     1
1259     1
1257     1
1256     1
1255     1
3111     1
1254     1
3112     0
3113     0
1253     1
1252     0
3114     0
3115     1
1251     0
3116     0
3117     0
3118     0
3119     0
3120     0
1274     0
1273     1
1272     1
1271     0
1270     0
3122     0
1268     0
3123     0
1267     1
1266     0
3124     0
1265     0
3125     1
3126     1
1264     0
1263     0
3127     0
3128     1
3129     0
3130     0
3131     1
1286     1
1285     0
1284     0
1283     1
1282     1
1281     1
3133     0
3134     1
3135     1
1279     1
1278     1
3136     1
3137     0
1277     1
3138     1
1276     1
3139     1
1275     1
3140     1
3141     1
3142     0
1298     0
1297     0
1296     0
1295     1
1294     0
1293     0
1292     0
3144     0
3145     1
3146     0
3147     0
1290     1
3148     1
3149     1
1289     0
3150     1
1288     1
1287     0
3151     0
3152     0
3153     0
1310     0
1309     1
1308     0
1307     0
1306     0
1305     1
1304     0
3155     1
1303     0
3156     1
3157     1
3158     1
3159     1
3160     0
1301     0
3161     1
3162     0
1300     0
3163     0
1299     0
3164     1
1314     0
1322     0
1321     0
1320     1
1319     0
1318     0
1317     0
1316     0
1315     0
1312     0
1311     0
1326     0
1325     0
1334     1
1333     1
1332     1
1331     0
1330     1
1329     1
1328     1
1327     0
1323     0
782    1
781    0
790    0
789    0
788    0
787    0
786    0
785    0
784    0
783    0
794    0
793    0
792    0
801    1
800    0
799    0
798    0
797    0
796    0
795    0
806    0
805    0
804    1
803    0
812    1
811    1
810    1
809    0
808    1
807    1
818    1
817    0
816    1
815    1
814    1
823    0
822    0
821    0
820    1
819    1
830    0
829    1
828    0
827    0
826    0
825    0
834    1
833    1
832    1
831    1
842    0
841    0
840    0
839    1
838    1
837    0
836    0
845    0
844    0
843    0
858    0
854    1
853    1
852    1
851    0
850    0
849    1
848    1
847    1
856    0
855    0
870    1
869    0
866    1
865    1
864    1
863    1
862    1
861    0
860    1
859    1
867    0
882    1
881    0
880    1
878    0
877    1
876    1
875    1
874    1
873    0
872    1
871    1
889    1
888    1
887    1
886    1
885    1
884    0
883    1
3167     1
3168     0
3169     0
3170     0
3171     0
3172     0
3173     0
3174     1
3175     0
3176     0
3178     1
3179     1
3180     1
3181     0
3182     1
3183     1
3184     1
3185     1
3186     1
3187     1
3189     1
3190     1
3191     1
3192     1
3193     0
3194     1
3195     1
3196     0
3197     1
3198     1
1348     1
1344     0
1343     0
1342     0
1341     1
1340     1
1339     1
3200     0
1338     1
1337     1
3201     1
3202     0
3203     1
3204     0
3205     1
3206     0
3207     0
3208     1
1346     0
1345     0
3209     0
1360     0
1359     1
1356     0
1355     0
1354     0
1353     0
1352     0
3211     0
1351     0
1350     0
3212     0
3213     1
1349     1
3214     1
3215     1
3216     1
3217     0
3218     1
3219     0
3220     0
1357     0
1372     1
1371     0
1370     1
1368     0
1367     1
1366     1
1365     1
3222     1
1364     0
3223     1
1363     0
1362     0
3224     1
3225     1
1361     0
3226     1
3227     1
3228     1
3229     0
3230     0
3231     1
1384     1
1383     1
1382     1
1381     0
1379     1
1378     1
3233     0
1377     0
1376     0
3234     0
1375     1
3235     1
1374     0
3236     1
3237     1
1373     1
3238     1
3239     1
3240     0
3241     0
3242     0
1396     0
1395     1
1394     1
1393     1
1392     1
1390     1
3244     0
1389     0
3245     0
1388     0
3246     1
1387     0
3247     0
1386     1
3248     0
1385     1
3249     0
3250     1
3251     0
3252     1
3253     0
1408     0
1407     0
1406     1
1405     1
1404     1
1403     0
3255     1
3256     1
1401     0
3257     1
1400     0
3258     1
1399     0
3259     1
3260     0
1398     0
3261     0
1397     0
3262     0
3263     0
3264     1
1420     1
1419     0
1418     1
1417     1
1416     0
1415     0
1414     1
3266     0
3267     1
3268     0
3269     0
3270     1
1412     1
1411     0
3271     1
1410     0
3272     1
3273     1
1409     0
3274     0
3275     1
1432     1
1431     1
1430     1
1429     1
1428     1
1427     1
1426     1
1425     1
1423     0
1422     0
1421     1
1436     0
1444     1
1443     1
1442     1
1441     0
1440     1
1439     0
1438     0
1437     1
1434     1
1433     1
1445     0
3  1
14   1
25   1
36   1
47   1
58   1
69   1
80   0
91   0
102    0
114    0
125    1
136    0
147    1
158    0
169    1
180    1
191    1
202    1
213    1
225    1
236    1
247    1
258    1
269    1
280    1
291    1
302    1
313    1
324    1
336    1
347    1
358    1
369    1
380    1
391    1
402    1
413    1
424    1
435    1
901    0
447    1
458    1
469    1
480    1
892    0
491    1
502    1
513    1
524    1
535    1
546    1
900    0
899    1
898    0
897    0
896    0
895    0
894    0
893    0
558    1
569    1
580    1
591    1
904    0
602    1
613    1
903    0
624    1
635    1
646    1
657    1
912    1
911    0
910    0
909    0
908    1
907    0
906    1
905    0
669    1
680    1
691    1
702    1
713    1
916    1
724    1
915    0
735    1
914    0
746    1
757    1
768    1
923    1
922    0
921    1
920    0
919    1
918    1
917    0
780    1
791    1
802    1
813    1
824    1
835    1
846    1
928    0
857    1
927    1
868    1
926    0
879    1
925    1
934    1
933    0
932    1
931    1
930    1
929    1
891    1
902    1
913    1
924    1
935    1
946    1
957    1
940    1
968    1
979    1
939    1
938    1
990    1
937    1
936    1
945    1
944    0
943    0
942    0
941    0
1002     1
1013     1
1024     1
1035     1
1046     1
1057     1
1068     1
1079     1
952    1
1090     1
951    1
1101     1
950    1
949    0
948    1
947    1
956    1
955    1
954    1
953    1
964    0
963    0
962    0
961    0
960    1
959    1
958    0
967    0
966    0
965    0
980    1
976    1
975    1
974    1
973    1
972    1
971    1
970    1
969    1
978    1
977    1
992    0
991    0
988    1
987    0
986    0
985    0
984    0
983    0
982    0
981    0
989    1
1000     1
999    1
998    0
997    1
996    0
995    1
994    1
993    0
