3103 2
335 1
2080 2
1796 2
1795 2
2759 1
2390 2
2733 1
2539 2
2760 1
3170 1
692 1
188 2
1366 1
2387 1
503 1
1403 1
2562 1
953 2
3169 1
2454 2
2775 1
2221 1
2073 1
1792 2
1750 1
3147 1
2008 2
1648 2
433 1
608 1
1171 2
3233 2
332 1
341 1
2079 2
3251 2
1133 2
3130 1
2293 1
2327 2
1905 1
1221 1
2764 1
713 1
1468 2
970 1
453 2
1058 1
2645 2
519 2
477 2
654 1
2312 1
1316 1
1865 1
2898 2
2897 2
1106 1
1831 1
2986 2
2718 2
432 2
1910 2
1610 1
511 2
2362 2
542 2
3202 1
1267 2
1908 2
1453 2
2432 1
2880 2
2235 2
2437 1
2297 2
2881 2
280 1
2155 2
69 1
1194 1
1546 1
2593 1
2365 1
2594 2
2468 2
3076 2
3075 2
3246 1
87 1
2818 2
2987 2
3069 1
2123 1
2570 1
101 2
2436 1
1051 1
2512 1
205 2
32 2
813 1
2492 2
812 2
3007 2
700 1
1072 2
2074 2
666 2
2720 2
2510 1
162 2
200 2
1628 2
2429 1
251 2
554 2
2846 2
771 2
2832 1
1876 2
919 2
799 1
3210 2
3248 2
2925 2
1882 1
2296 2
1360 2
3209 2
3208 2
2209 1
2567 1
1697 1
2034 1
2373 2
2305 1
3016 1
2397 2
1550 2
2802 2
981 2
2197 2
665 2
2809 1
2960 2
2313 1
788 2
2204 2
2220 2
633 2
1311 1
1727 2
829 2
3172 1
161 2
2072 1
868 1
1220 2
831 2
2107 2
2108 1
1500 2
1696 2
1094 2
305 2
1918 1
2410 2
596 2
1279 1
742 1
2831 2
1737 1
1673 2
1502 2
1501 2
2076 1
1886 1
2830 2
2930 2
2900 2
1358 2
2961 1
832 2
1405 2
1676 2
2555 2
204 2
2041 2
857 1
354 2
1661 2
722 2
1670 2
785 1
1013 1
1216 1
1037 2
2637 1
2636 1
2159 2
1004 1
1632 1
1986 1
1677 2
1987 1
2230 2
732 1
1679 2
1504 1
1678 2
739 1
593 2
36 2
1874 2
694 2
1837 2
1799 2
1781 2
740 1
1660 2
2404 1
1015 1
817 2
1854 2
2902 2
1768 1
2057 1
1857 2
1878 2
2171 1
2623 1
2332 2
959 2
3175 1
122 2
1988 2
2133 1
1680 2
3140 2
558 2
2673 2
2634 2
1057 1
1190 2
500 2
583 2
622 1
1764 1
2196 1
1961 1
1921 1
1656 2
967 1
226 2
2598 2
827 2
125 2
1003 1
2780 1
1634 1
1681 2
28 2
2039 2
2399 1
1682 2
2037 1
2782 1
1767 2
123 2
2038 1
3167 2
1291 2
2741 1
942 2
2040 1
1668 2
224 2
254 2
1019 1
140 2
1873 2
1440 2
1232 1
2438 1
1669 1
1633 1
2564 2
3083 2
1002 1
1065 1
258 2
1527 2
1683 1
170 2
1528 1
1820 1
1413 1
592 2
2559 1
1414 1
2005 1
921 2
1135 1
1186 2
688 2
701 2
1225 2
1995 1
748 1
2820 1
334 1
3182 2
2879 1
1636 1
1635 1
1638 1
1637 1
1639 1
1850 2
2694 1
3237 2
3236 2
2958 1
2970 2
1199 2
565 2
697 1
1521 2
986 1
352 2
2523 1
2268 1
2482 1
1641 1
2449 2
1640 1
1383 2
1643 1
2682 1
1390 1
1642 1
1062 1
2586 2
1278 1
232 2
3047 1
1465 2
1646 1
2609 2
1517 2
2845 1
169 2
3188 1
1264 1
2323 2
1875 2
2638 1
933 2
1471 2
2324 2
948 1
2325 2
2463 1
1309 1
3224 2
2001 2
2345 1
1115 2
1900 2
313 2
312 2
1890 1
2499 1
2111 1
2765 1
434 2
2635 1
2971 1
2055 1
1388 1
469 2
359 2
304 2
216 2
606 2
2006 1
2368 1
2735 1
3089 1
928 2
1518 1
283 2
2504 2
3153 2
1784 1
3067 2
1722 1
1300 2
3068 2
1299 2
2578 1
1301 2
1723 1
3168 1
805 1
1943 2
52 2
893 2
2267 1
3087 1
1479 2
2517 2
339 1
733 2
361 2
1482 1
2052 1
852 1
2056 1
2042 2
88 2
3036 1
1807 2
551 1
2254 1
3001 1
2406 1
1721 2
220 2
92 2
1716 1
2026 2
2278 1
2582 2
2497 2
2689 1
2766 2
2322 2
1121 2
1450 1
2176 2
1629 1
1532 1
3194 2
1117 2
2349 1
1442 2
1295 1
865 1
2611 1
2359 2
2232 2
2011 1
3124 1
533 2
894 2
1563 2
809 1
2273 2
2361 1
1281 2
637 2
1741 1
2752 2
18 2
19 2
1935 1
2524 2
1525 1
1936 1
772 1
2619 1
3105 1
2711 1
1689 2
1393 1
2972 1
864 2
825 2
2334 2
734 2
2973 1
23 2
38 1
2613 1
24 2
2457 1
20 2
21 2
22 2
3213 2
1960 2
3214 2
773 1
386 2
2356 2
1373 1
1612 1
770 2
2360 2
203 2
1551 1
440 1
839 2
2411 2
892 2
920 2
3125 2
194 2
2784 1
2372 1
1087 1
1196 2
223 2
2490 1
846 1
2787 1
2656 1
876 2
139 2
807 2
2788 1
1533 1
2710 1
3166 2
652 1
428 2
2029 1
1353 1
2622 1
296 2
297 2
2650 2
1207 2
2156 1
693 1
2252 2
719 2
2884 1
1624 1
1394 1
3038 2
2629 1
3037 2
86 2
1739 1
1201 2
3039 2
2750 1
2219 1
1751 1
989 2
1492 1
2828 2
267 2
2458 1
1859 2
1836 2
2996 1
504 2
670 2
855 1
2244 2
2024 2
2245 2
2872 1
594 2
1082 2
2246 1
1134 2
2701 1
1074 2
1753 2
1208 1
329 2
1942 2
1060 2
78 1
222 2
235 2
221 2
3132 2
3093 2
1445 1
2218 1
1446 1
1650 2
270 2
2789 1
2103 1
2236 1
271 2
1922 1
2283 2
2023 1
2078 2
3061 1
1476 2
456 2
96 2
2495 1
1883 1
2217 1
3059 1
2069 1
126 2
2700 1
3270 2
3109 1
3177 2
2942 1
747 2
353 2
237 2
2351 2
1786 2
1862 2
11 2
319 2
1663 2
269 2
3 2
1691 1
2172 2
505 2
183 2
302 2
2652 1
1447 1
1838 1
236 2
1608 1
2328 2
2485 2
1834 2
1919 1
871 2
2848 1
1460 1
1644 1
923 2
1352 1
2680 1
176 2
2679 1
872 2
1733 1
2471 1
1974 1
794 2
156 2
2414 2
2484 2
128 2
930 1
2734 2
127 2
2241 2
1234 1
129 2
2242 2
1672 2
130 2
2483 2
2389 2
2545 1
3051 2
552 1
1298 2
3050 1
1662 2
1166 1
2866 1
1215 1
2882 2
2261 2
2988 2
1992 1
1912 2
1230 1
1425 1
2262 2
2721 2
1803 1
2231 1
1053 1
1398 1
2829 2
1407 1
278 2
1845 1
2719 2
119 2
147 2
1368 1
646 1
2824 2
1481 2
886 2
3129 1
2757 1
1545 2
2474 1
1544 2
557 2
1866 1
1227 1
1129 1
1534 2
2685 1
945 2
2285 2
2862 1
581 2
478 2
769 1
480 2
1392 2
479 2
1651 2
483 2
2128 2
2383 1
1080 1
482 2
481 2
3099 1
2989 2
2009 1
2525 2
911 2
2617 1
1338 2
1339 2
1 2
3146 2
1340 2
2243 2
2 2
926 2
1929 1
1357 2
148 2
1308 1
2855 2
1322 1
2427 1
3215 2
629 2
630 2
1110 1
2494 2
1659 2
1849 2
454 2
2479 2
2113 2
2291 2
597 2
1877 2
2085 1
398 2
2207 1
3046 2
605 2
1744 2
2810 2
2237 1
403 2
1321 1
1927 1
2773 1
883 1
1005 1
247 2
2885 2
1192 2
418 2
1772 2
3137 1
259 2
2571 2
1804 1
2518 2
668 2
2976 2
131 2
2075 2
2557 2
471 2
887 1
2690 1
1814 1
2675 1
273 2
3136 1
421 2
543 2
2467 1
1411 1
2420 1
2813 2
2913 1
3100 1
30 2
1975 2
1869 1
547 2
2180 1
1549 2
1444 1
153 2
3204 2
1963 1
2166 1
407 2
2526 2
1490 2
422 2
41 2
1488 2
1489 2
3115 2
1486 2
1487 2
525 2
1036 1
1054 2
3092 1
1484 2
1485 2
266 2
2923 1
1702 1
3104 2
2814 1
2117 1
721 2
1406 1
782 2
2793 1
1328 2
2536 2
2641 2
2657 1
1515 1
2743 1
173 2
2169 1
363 2
475 2
651 2
136 2
1310 1
1606 2
1391 2
2465 2
2967 1
2662 1
859 1
1623 1
1622 1
1759 1
3260 1
1630 2
1127 1
3252 2
2742 1
1621 1
631 2
1137 1
2491 2
1593 1
3090 2
1370 2
1664 2
2805 1
468 2
1760 2
810 1
343 2
467 2
466 2
1435 2
1832 2
527 1
2581 2
288 2
2015 1
3221 1
1788 2
2182 1
2418 1
1255 2
718 2
1892 1
1240 1
2505 1
2031 1
3216 2
934 1
2257 1
2142 2
800 2
1421 2
2946 2
2985 2
464 2
1303 2
465 2
1148 1
1042 1
1320 2
2912 2
1994 2
2144 1
743 1
786 2
1014 1
1239 1
181 2
2348 1
530 2
378 2
1459 1
2984 2
1091 1
2143 2
2804 2
180 2
882 1
2340 1
2994 1
1174 1
2919 1
1249 1
760 2
2030 1
2046 1
3152 2
2200 2
1031 1
497 2
443 2
444 1
1238 1
3015 1
1250 2
2459 2
1237 1
2149 2
2045 1
2044 1
2258 1
472 2
3034 1
2148 2
2147 2
1235 1
2870 2
2146 2
912 2
559 2
2145 2
2860 2
1755 1
1187 1
2377 1
1734 2
903 1
1431 2
2469 1
1067 1
2554 2
1236 1
2070 1
2547 1
2048 1
3193 1
2916 1
2095 2
2808 1
2393 2
1928 1
901 1
2047 1
2430 1
299 2
1428 1
2126 2
834 1
1083 1
2859 1
2401 1
2150 2
2853 2
2550 2
2487 2
2901 2
3261 1
3265 1
875 2
1473 1
836 1
408 2
437 1
3143 1
1554 1
1607 1
2670 1
2228 2
2043 1
2922 1
964 2
2755 1
498 2
898 1
2193 2
2194 2
350 2
1746 2
2535 1
672 2
924 1
2017 1
427 1
3242 1
537 2
333 2
62 2
2018 1
2858 1
1645 1
963 2
1253 2
1254 2
252 2
2940 1
585 2
137 2
2238 2
1041 1
138 2
3179 1
118 2
463 2
1993 1
1713 1
1452 1
561 2
2184 1
2366 1
1932 1
1128 2
2408 1
1953 2
2302 1
2717 1
2306 1
2456 1
3163 1
3271 2
1147 2
2222 1
2705 1
2208 1
3207 1
4 2
1077 1
1665 1
644 1
2264 1
2980 1
560 2
1592 1
3064 1
1289 1
2188 1
2450 2
1507 2
995 2
97 2
325 2
3063 1
2363 2
1050 1
993 1
3085 1
2329 1
3257 2
2154 1
994 2
2918 1
6 2
958 1
5 2
3217 2
1654 1
2706 1
2473 1
2137 1
2975 1
2583 2
1355 1
155 2
461 2
202 2
2179 1
991 2
3040 1
1434 1
2378 2
7 2
1059 2
3142 2
261 2
1685 2
2124 1
2937 1
1514 2
1705 1
3118 1
861 1
2522 1
1708 1
751 2
992 1
2379 2
9 2
8 2
539 2
951 2
572 2
2655 1
908 1
1692 2
2206 1
2886 2
2631 1
1351 1
695 2
2403 1
648 1
1541 2
233 2
1829 2
1611 1
3014 2
2385 1
1480 1
2620 1
1715 1
369 2
2714 1
1933 1
289 2
990 1
1169 1
517 2
2447 2
1595 2
935 2
2677 1
1433 1
940 1
1926 1
1793 2
370 2
1582 1
2185 1
1261 2
1542 2
171 2
1260 2
1416 2
1712 1
2642 1
2129 2
2010 1
1191 1
2648 1
965 2
1940 1
1288 1
15 2
1277 1
1605 1
521 2
60 2
2355 2
3018 1
1296 1
1429 2
513 2
1475 1
2968 2
2531 1
1163 2
2551 2
1443 2
3084 2
2558 2
320 2
1204 1
2887 2
401 2
385 2
546 2
349 2
2343 1
3241 2
1027 1
1006 1
1494 1
1304 2
196 2
1871 2
582 2
2013 2
1088 1
2610 1
3191 1
2163 2
2391 2
1923 2
2502 2
2489 1
3267 1
3088 2
2678 1
1508 1
47 2
683 2
684 2
293 2
388 2
411 2
682 2
1441 1
2708 1
3022 2
870 1
1687 1
1555 1
735 2
2338 2
2214 1
635 2
2269 2
2271 1
516 1
1561 2
767 1
728 1
768 1
2774 1
756 2
2135 1
729 1
1761 2
3159 1
2817 2
108 1
14 2
1703 1
2116 1
3025 2
1881 1
1126 2
2589 1
916 2
1469 2
1170 1
900 2
1305 2
1701 2
1222 1
13 2
338 1
680 2
46 1
1306 1
1740 1
3107 1
458 2
145 2
3026 2
3027 2
1842 2
2664 2
3029 2
897 1
3028 2
2396 2
2763 2
1233 1
3019 2
3023 2
1092 2
3108 1
2058 2
856 1
1499 1
3206 1
1951 2
946 1
3004 1
2948 1
2732 1
681 2
1937 1
2822 2
1529 1
1282 2
3024 2
1547 2
2012 1
2105 2
549 2
642 1
1599 1
2783 1
1256 1
3003 1
3264 1
2177 1
1522 2
2178 1
2287 2
2744 2
1752 2
845 1
1114 2
2314 2
68 1
2575 2
1588 2
272 1
1860 1
3062 1
1280 1
1007 2
1120 2
240 2
2964 1
1175 1
2616 1
954 2
715 2
3186 2
2867 1
512 2
2868 1
2739 2
89 2
2409 2
2786 1
452 2
1906 2
65 1
1625 2
2821 2
2247 1
43 1
294 2
303 2
1774 2
1891 1
1506 2
656 2
2738 1
1098 1
2847 2
474 2
1855 2
2500 2
2289 2
2032 1
2737 1
2119 1
2288 2
2097 1
595 2
969 1
1616 2
1627 2
2676 1
1540 1
1730 2
840 2
2462 2
3200 1
2647 2
3199 1
2938 2
2341 1
1782 2
797 1
2444 1
1884 1
3211 1
1493 1
966 2
318 2
3176 2
447 2
1033 1
1466 1
448 2
2275 1
2792 1
3196 2
1111 2
726 1
1290 1
1562 2
2754 1
2753 1
2600 1
2646 2
932 1
3008 1
1590 2
3203 1
191 2
895 1
2537 1
1748 2
3114 1
1747 2
3181 1
2152 2
818 2
2342 1
2426 1
1939 1
1026 1
1948 2
1647 2
1950 2
1537 2
1564 1
1949 2
2083 2
639 2
2651 2
2728 1
51 2
1808 1
599 2
2151 2
124 2
1947 2
1946 2
3006 1
439 1
3110 1
3101 1
3098 1
1944 2
3112 1
2051 2
1945 2
67 2
2979 2
2534 1
2173 1
2591 1
2333 2
1243 1
746 2
2122 2
1819 2
2709 2
2229 1
2195 2
135 2
55 2
1519 1
1766 2
2852 1
2384 1
526 2
1039 1
628 2
716 2
2568 2
99 2
2851 1
1251 2
3218 1
515 2
2934 2
1552 1
457 2
2326 2
602 1
2277 2
937 1
2795 2
1962 1
2380 2
331 2
2836 1
1698 2
2618 1
2114 1
1348 1
2722 1
263 2
1583 2
393 2
2442 1
1729 2
2004 2
2871 2
3102 1
1030 1
105 2
2723 2
1913 2
570 2
3116 1
2441 1
1265 1
3127 1
2118 1
1498 1
711 2
860 1
1188 2
1040 1
1024 1
890 2
2014 2
362 2
1371 2
1931 2
1965 2
192 2
2174 1
2569 1
2431 1
3171 1
1991 1
611 1
1399 2
1200 2
61 2
1097 1
1841 2
1285 2
783 1
520 2
1520 2
476 2
2443 1
2716 1
1776 2
816 2
2807 1
1775 2
1144 1
1246 2
195 2
2062 2
337 1
1156 1
3131 1
877 2
2957 2
1587 2
1706 1
1032 1
2061 2
449 1
2276 2
2707 1
938 2
110 1
1375 1
2929 1
696 1
1477 1
915 2
1602 1
998 1
1653 1
2615 2
3245 1
905 1
3144 2
1771 2
3178 2
56 2
1287 1
201 2
1397 1
74 2
1245 2
430 2
925 2
336 1
2353 2
1056 1
184 2
1150 2
1356 2
73 2
499 2
132 2
1688 1
1372 1
3145 1
927 1
1335 1
1100 1
72 2
1336 1
1852 1
704 2
2115 2
1785 2
705 2
2747 1
1049 1
2699 1
1810 1
2299 1
3266 2
2511 1
3263 1
553 1
1990 2
710 2
1172 1
1173 1
1334 1
1934 2
1193 1
615 1
2612 1
717 2
1262 2
823 2
234 2
2183 1
1332 1
586 2
1333 1
588 2
587 2
1123 1
2803 1
532 2
2797 2
1970 2
1586 2
2540 1
2601 2
1971 1
1567 2
1070 1
410 2
714 1
431 2
2284 2
2498 2
765 1
1330 1
548 2
1331 1
814 2
1604 1
3201 2
929 2
2020 2
3243 1
1329 1
1069 1
944 2
574 2
1103 1
575 2
1969 1
2861 1
2796 2
2556 2
1420 1
1410 2
869 2
1247 2
2227 2
1968 2
1248 2
803 2
1566 2
854 2
1323 2
914 2
1101 1
1302 2
2064 2
524 2
3234 2
2993 2
2139 1
2140 1
2952 2
1999 2
1967 1
2394 2
2527 2
2000 2
193 2
2574 1
1833 1
1257 2
1436 1
2905 2
2292 1
802 1
1365 1
3121 2
1122 1
384 2
197 2
198 2
2907 1
3045 1
1754 1
2906 1
2002 1
661 2
2963 1
1052 1
580 2
1259 1
2962 1
486 2
308 2
2250 2
1870 2
957 1
2819 1
3095 2
397 2
1047 2
2671 2
2798 2
2298 2
2170 1
2488 1
757 2
647 2
1620 1
2470 2
491 2
187 2
3057 2
314 2
291 2
490 2
112 1
264 2
1417 1
274 2
2279 1
275 1
1016 2
218 2
1113 2
909 1
2625 2
405 2
1916 1
366 2
2412 2
2724 2
1811 1
1614 2
1736 2
3048 1
778 2
1825 2
2053 2
402 2
975 1
1000 2
2223 1
1821 1
662 2
3053 1
2439 2
1797 2
2093 1
1439 2
1228 1
382 2
383 2
1223 2
199 2
703 2
1938 2
2019 2
3010 2
2434 1
2659 1
2027 2
417 2
3009 2
2092 1
2481 1
1535 2
2131 2
2577 2
1376 1
730 2
2248 1
579 2
80 1
1028 2
1503 2
2533 2
1483 1
2084 2
3020 2
311 2
2253 2
2094 1
2316 1
425 1
424 2
423 2
1801 1
2081 1
2729 1
2727 1
759 2
1571 2
282 1
2665 1
2693 2
2132 2
2681 1
612 1
1773 1
2840 1
368 2
2225 1
217 2
1182 2
2224 1
1952 1
2315 2
290 2
3141 2
2110 1
1543 2
460 2
616 1
3054 2
381 2
1456 2
262 2
754 2
284 2
2888 2
2712 1
2309 1
2876 2
2367 1
3162 1
634 2
115 2
1116 1
344 1
763 2
2869 1
3212 2
1089 2
3256 2
2698 1
1618 1
2395 2
1758 1
2932 1
3060 1
2134 1
1813 2
64 1
3086 2
2464 1
3139 1
3082 1
2800 2
761 2
2945 2
1252 2
2087 1
2186 2
1809 1
702 2
1558 2
3117 1
365 2
3244 1
367 2
323 2
1319 1
2823 2
910 2
2346 2
2857 2
2369 1
2903 2
1035 1
3078 1
3033 2
1693 1
3079 2
42 2
3081 2
2995 1
3080 2
1694 1
1603 1
1894 2
2950 1
1181 2
2121 2
419 2
690 2
1068 1
795 1
2668 1
1925 1
1769 1
404 2
446 2
394 2
1197 2
885 2
227 2
116 2
506 1
838 2
2416 2
1119 1
414 2
451 2
177 2
2028 2
1149 1
2997 1
745 1
541 2
3223 1
1432 1
2726 2
1901 2
1367 1
2165 1
1105 1
1835 2
178 2
179 2
613 1
1495 1
1273 1
1996 2
2864 2
2066 1
1617 2
531 2
1848 1
377 2
667 2
2927 2
3056 2
618 1
3055 2
1711 1
3013 1
1822 2
143 2
1272 1
3255 2
2263 2
1109 2
1276 1
2878 1
2756 1
731 2
523 2
858 1
2529 2
764 2
1800 1
2530 2
720 2
2086 1
328 2
762 2
142 2
2125 2
3275 2
310 2
2632 2
3111 1
2908 1
1609 1
544 2
727 1
149 2
1470 2
2939 2
2579 2
150 2
151 2
152 2
57 2
1076 2
2016 1
2904 1
322 2
2713 2
2873 1
1652 2
2405 1
820 2
753 2
3012 2
1887 1
1274 1
3011 2
626 2
2063 1
2947 2
2290 1
98 2
3073 1
2065 1
1615 2
2658 2
819 1
774 1
2928 2
1084 1
777 1
117 2
2181 1
225 2
1284 1
3096 1
1400 1
426 1
1218 2
1362 1
2419 2
952 2
2654 1
2653 1
1195 1
2627 1
2339 2
3094 1
1579 1
1580 1
1307 1
1777 2
2966 1
114 1
2827 2
3190 2
1145 1
2833 1
2192 1
1756 1
536 2
1217 1
249 2
1093 2
3222 1
830 2
699 1
3000 2
2294 2
2077 1
1531 1
1381 2
1770 1
1020 2
724 1
389 2
2630 1
3156 1
863 2
2978 1
2022 1
2990 2
1422 1
2999 1
1423 1
2977 2
2307 2
843 1
390 2
3123 1
392 2
1512 2
842 1
1205 2
1140 2
391 2
1206 2
400 2
1896 2
2270 2
2543 1
3158 2
1538 2
2626 1
2388 2
614 1
2386 1
1183 1
2606 2
2790 1
159 2
2102 2
1844 2
1313 1
287 2
141 2
793 1
59 2
1789 1
1312 1
2035 2
1184 1
999 2
1742 1
1374 1
2839 2
219 2
2563 2
2521 2
2033 2
2082 2
2164 1
1732 2
2936 1
2825 2
3189 1
2826 2
317 2
2614 1
2767 1
1824 2
462 2
146 2
3160 1
1496 1
1341 2
58 2
1342 2
686 2
1010 1
2768 1
1879 2
2769 1
372 2
655 1
1863 1
1271 1
1132 2
2943 1
1989 1
1343 2
744 2
206 2
2772 1
502 2
2475 1
3238 1
1364 2
725 1
2715 1
2476 1
591 2
189 2
781 1
1085 1
2771 1
2914 1
632 2
2746 1
603 1
2161 1
77 2
873 2
3205 1
76 1
987 1
1763 1
230 2
231 2
3220 1
2730 2
2503 1
2953 2
1867 1
2959 1
1377 2
2801 2
961 1
1155 1
75 2
492 2
1997 2
1601 1
1096 1
1021 1
955 2
279 2
2672 2
685 2
1324 1
1151 1
627 2
3262 1
2605 2
1231 1
2703 1
3239 1
229 2
2311 2
2336 2
1598 2
1864 1
2054 2
2643 2
2480 2
2702 1
438 2
1631 2
1839 2
1719 2
1426 2
316 2
2435 2
3229 2
3228 2
2381 1
2109 2
3227 2
1386 1
10 2
364 2
3226 2
1185 1
3225 2
2357 2
2544 1
1152 1
1202 1
2358 1
2167 1
2877 1
1063 1
1915 1
1244 2
918 2
374 2
1976 2
373 2
640 1
2157 2
2256 1
1977 1
2899 2
248 2
1023 1
340 1
988 1
1384 1
3230 2
241 2
1510 2
2834 1
1667 2
1909 1
2548 2
1914 2
828 2
1559 1
228 2
1827 2
1699 1
2572 1
1560 2
1714 1
44 1
1463 2
1569 1
207 2
657 2
1738 1
904 1
2815 2
2576 1
455 2
708 2
658 2
2335 2
3173 2
518 2
2969 2
1090 2
707 2
2407 2
2460 1
2330 2
545 2
1978 2
1743 1
2496 1
1717 1
669 2
2704 1
1981 1
2779 1
2202 2
1930 1
659 2
1619 1
182 2
1584 2
2661 1
2153 1
1415 1
660 2
1979 2
534 2
1980 1
1180 2
1379 1
1011 2
133 2
450 1
1585 2
643 2
1649 2
2104 1
167 2
54 2
1178 2
1209 2
2669 2
2304 2
3058 1
650 1
2748 1
789 2
2300 1
3091 2
253 2
2448 2
2667 1
1108 1
2628 2
847 1
1868 1
3119 1
34 1
620 1
2486 1
1404 1
874 1
1286 1
1666 2
1709 1
1176 1
160 2
113 2
712 2
3133 2
2686 1
896 2
413 2
2687 1
306 2
1073 1
1454 2
3231 2
2688 1
1412 2
239 2
2633 1
1954 1
866 2
375 2
2924 1
939 1
2452 2
590 2
2587 1
1895 1
811 2
2604 2
1982 1
2301 1
49 2
841 1
48 2
106 2
610 1
1102 1
484 2
1671 2
95 2
1707 1
2546 2
1378 1
485 2
1843 2
2992 1
168 2
1851 2
1382 1
3017 1
2423 1
645 2
1983 1
3185 1
1451 2
2761 1
1984 1
1735 2
2501 1
416 2
395 2
2603 2
351 2
396 2
1124 2
104 2
3002 1
749 2
3164 2
2696 1
1043 1
2695 1
2949 1
1581 1
750 2
103 2
488 2
102 2
2453 2
2370 1
1138 1
2731 2
2021 1
3074 1
509 2
1725 2
2933 1
1724 2
1872 2
625 1
2382 1
2740 2
902 1
3128 1
243 2
1034 2
2954 1
2584 1
562 2
931 2
1270 2
2036 2
1269 2
1268 1
2120 1
1577 1
1805 1
2684 1
111 2
357 2
2683 1
1957 2
1958 2
1157 1
1959 2
298 2
578 2
346 2
1075 1
245 2
2136 1
246 2
2049 2
889 1
244 2
3072 1
2910 2
2920 1
3151 2
566 2
796 1
2251 2
1791 1
880 1
2951 2
2566 2
250 2
2286 2
1497 1
1575 1
1574 1
787 2
1061 1
1955 1
1294 2
1576 1
1293 2
2941 2
1853 2
2955 2
1840 2
956 2
1419 1
529 2
758 2
242 2
2096 1
1344 2
1956 2
2415 2
2337 2
589 2
1655 1
2911 2
2917 1
154 2
971 1
2863 2
2461 1
399 2
2141 1
943 2
1899 2
835 2
2478 1
1318 1
528 2
808 2
1573 2
1613 2
1292 1
972 2
1783 2
1572 2
1966 1
522 2
1600 1
2602 2
1283 1
2213 1
190 2
1079 1
982 2
347 2
775 2
550 1
1780 1
2844 1
1880 2
2528 2
1802 1
2843 1
2751 2
2507 1
2835 2
2508 2
776 1
2770 1
2799 1
2509 1
321 2
1509 1
2168 1
2776 1
567 2
1597 1
406 2
2841 1
2842 1
277 1
1213 1
3149 1
1179 2
442 2
63 2
3043 1
2893 2
2059 2
2890 2
3032 1
2354 2
641 2
2889 2
2892 2
2891 2
1704 1
1513 1
3041 2
1401 2
798 1
1345 1
1847 1
564 2
82 2
1071 1
1720 1
936 1
2532 1
1017 1
493 2
960 1
1139 2
1539 2
495 2
2203 2
755 2
752 1
706 2
822 1
2956 2
1347 1
691 1
3042 1
1904 2
1578 1
1461 1
3247 1
1143 2
2240 1
1046 1
3126 1
2781 2
1815 2
1409 2
1816 1
2331 1
1695 2
1359 1
2272 1
2909 2
1985 1
100 2
2402 1
2549 2
1556 1
1363 1
1557 2
2896 2
653 2
508 1
2597 1
2565 1
649 1
1112 2
2446 1
1219 1
1086 1
1830 2
2191 1
2749 2
1275 1
2347 2
2588 1
1326 1
1674 2
2585 1
1675 1
330 2
2067 1
3150 1
2806 2
1189 2
1902 1
1846 1
2894 2
2895 2
3070 1
949 1
2239 2
1396 2
1749 2
638 2
1160 1
79 1
2281 2
3155 1
1478 1
93 2
617 1
1765 2
2282 2
2850 2
1258 2
2375 1
2762 1
3258 1
1794 1
907 2
120 2
2849 2
2364 1
2561 2
1095 1
2259 1
2098 2
3165 1
985 1
3219 1
1361 1
2590 1
507 1
2640 2
2413 2
2249 2
1066 2
2376 1
1136 2
2280 2
2445 1
687 2
1973 1
1828 1
1710 1
1898 2
1511 1
1998 2
664 2
673 2
917 2
2794 1
260 2
307 2
983 2
2592 1
66 2
2455 2
1778 2
3071 1
2352 2
2515 2
977 1
2091 2
326 2
2514 1
3035 1
804 1
540 2
976 2
2513 2
1437 1
535 2
3044 1
1464 1
1964 2
1888 2
2451 2
2417 1
2310 1
2374 2
1044 1
1568 1
2371 1
3197 2
947 2
3198 2
91 2
3077 2
2199 2
2811 1
2050 2
2538 1
1858 2
3113 1
1327 1
2607 1
563 1
2621 1
1591 1
2516 2
1427 1
185 2
2477 1
2398 1
71 1
3052 2
342 2
723 1
429 2
2692 1
2560 2
1594 1
3106 1
175 2
1861 2
1700 1
37 2
2921 1
2520 1
2553 2
2691 1
913 1
412 2
2519 1
415 2
2392 2
1897 1
2991 1
285 1
538 2
376 2
356 2
345 2
355 2
1684 2
881 2
1025 1
1214 2
2071 2
2265 1
1125 1
1263 1
2649 1
2198 2
1142 1
2440 2
3122 2
1438 2
109 1
1350 1
1001 1
1078 1
1418 1
2421 2
1177 2
2915 2
496 2
256 2
826 1
1424 1
134 2
1130 2
1449 1
90 1
1448 1
1198 1
1903 1
792 2
844 2
2660 2
1548 2
257 2
1226 1
849 2
379 2
1203 1
1118 1
2210 2
3259 2
327 2
358 2
3065 1
780 2
573 2
2158 1
2211 2
3272 2
891 2
94 2
16 2
3138 1
738 1
157 2
779 1
3174 1
2599 1
1314 1
324 2
1158 1
607 1
2320 1
208 2
1064 1
3120 2
906 1
2319 2
2321 1
791 2
29 2
1146 1
2854 1
2982 2
1467 2
3268 1
1530 1
790 2
514 1
81 2
158 2
968 1
3192 1
1159 1
2816 1
1570 1
2234 1
494 2
1589 1
1349 1
784 1
2663 1
1626 2
2255 1
1055 1
2981 2
441 1
571 2
2745 1
1798 2
1491 1
2060 1
1553 2
172 2
978 2
979 1