1000     2
1002     2
1013     2
102    1
1024     2
1035     2
1046     2
1057     2
1068     2
1079     2
1090     2
1101     2
114    2
125    2
136    2
1361     2
1362     2
1363     1
1364     1
1365     2
1366     2
1367     2
1368     1
1370     2
1371     2
1372     2
1373     2
1374     2
1375     2
1376     2
1377     2
1378     2
1379     2
1381     1
1382     2
1383     2
1384     2
1385     1
1386     2
1387     1
1388     2
1389     2
1390     2
1392     2
1393     2
1394     2
1395     2
1396     2
1397     1
1398     2
1399     2
14   2
1400     2
1401     2
1403     2
1404     2
1405     2
1406     2
1407     2
1408     1
1409     2
1410     1
1411     2
1412     1
1414     2
1415     2
1416     2
1417     2
1418     2
1419     1
1420     2
1421     2
1422     2
1423     1
1425     2
1426     2
1427     2
1428     2
1429     2
1430     2
1431     2
1432     2
1433     2
1434     2
1436     2
1437     2
1438     2
1439     1
1440     2
1441     2
1442     2
1443     2
1444     2
1445     2
147    2
158    1
169    2
180    2
191    2
202    2
213    2
225    2
236    2
247    2
25   2
258    2
269    2
280    2
291    2
3  2
302    2
313    2
3222     2
3223     2
3224     2
3225     2
3226     1
3227     2
3228     2
3229     2
3230     2
3231     2
3233     2
3234     2
3235     2
3236     2
3237     1
3238     2
3239     2
324    2
3240     1
3241     2
3242     2
3244     2
3245     1
3246     2
3247     2
3248     2
3249     2
3250     2
3251     2
3252     2
3253     2
3255     2
3256     2
3257     2
3258     2
3259     2
3260     2
3261     2
3262     2
3263     2
3264     2
3266     1
3267     2
3268     2
3269     2
3270     2
3271     2
3272     2
3273     2
3274     1
3275     1
336    2
347    2
358    2
36   2
369    2
380    2
391    2
402    2
413    2
424    2
435    2
447    2
458    2
469    2
47   2
480    2
491    2
502    2
513    2
524    2
535    2
546    2
558    1
569    2
58   2
580    2
591    2
602    2
613    2
624    2
635    2
646    2
657    2
669    2
680    2
69   2
691    2
702    2
713    2
724    2
735    2
746    2
757    2
768    2
780    2
791    2
80   2
802    2
813    2
824    2
835    2
846    2
857    2
868    2
879    2
891    2
892    2
893    1
894    2
895    2
896    1
897    2
898    1
899    2
900    2
901    1
902    2
903    2
904    2
905    2
906    2
907    1
908    2
909    1
91   2
910    2
911    1
912    2
913    2
914    2
915    2
916    2
917    1
918    2
919    1
920    2
921    2
922    1
923    2
924    2
925    2
926    2
927    2
928    2
929    2
930    2
931    2
932    2
933    2
934    2
935    2
936    2
937    2
938    2
939    2
940    2
941    1
942    2
943    1
944    1
945    2
946    2
947    2
948    2
949    2
950    2
951    2
952    2
953    2
954    2
955    2
956    2
957    2
958    1
959    2
960    2
961    2
962    1
963    2
964    2
965    2
966    1
967    2
968    2
969    2
970    2
971    2
972    2
973    2
974    2
975    2
976    2
977    2
978    2
979    2
980    2
981    1
982    1
983    2
984    2
985    2
986    2
987    2
988    1
989    2
990    2
991    1
992    2
993    2
994    1
995    2
996    2
997    2
998    2
999    2
1  2
10   2
100    2
1003     2
1004     2
1005     2
1006     2
1007     2
1008     2
1009     2
101    2
1010     2
1011     2
1012     2
1014     2
1015     1
1016     2
1017     1
1018     2
1019     2
1020     1
1021     1
1022     2
1023     2
1025     2
1026     1
1027     1
1028     2
1029     2
103    2
1030     2
1031     1
1032     2
1033     2
1034     2
1036     2
1037     2
1038     1
104    2
1041     2
1042     1
1043     1
1044     2
1045     2
105    2
106    2
107    1
108    2
109    2
11   2
110    2
111    2
1112     1
1114     1
112    1
1125     1
1136     2
1147     1
1158     2
1169     2
1180     2
1191     2
12   2
1202     2
1213     2
1225     2
1236     2
1247     2
1258     1
1269     2
1280     2
1291     2
13   2
1302     2
1313     2
1324     2
1336     2
1347     1
1358     2
1369     1
1380     2
1391     1
1402     2
1413     2
1424     2
1435     1
1447     2
1448     2
1449     1
1450     1
1451     2
1452     2
1453     2
1454     2
1455     2
1456     2
1457     2
1458     2
1459     2
1460     1
1461     2
1462     1
1463     2
1464     2
1465     2
1466     2
1467     2
1468     2
1469     2
1470     1
1471     1
1472     2
1473     2
1474     2
1475     2
1476     2
1477     2
1478     2
1479     1
1480     2
1481     2
1482     1
1483     2
1484     2
1485     2
1486     2
1487     2
1488     2
1489     1
1490     2
1491     2
1492     1
1493     2
1494     2
1495     1
1496     2
1497     2
1498     2
1499     2
15   1
1500     1
1501     1
1502     2
1503     2
1504     2
1505     2
1506     2
1507     2
1508     2
1509     1
1510     2
1511     1
1512     2
1513     2
1514     1
1515     1
1516     1
1517     2
1518     2
1519     1
1520     2
1521     1
1522     1
1523     2
1524     2
1525     2
1526     1
1527     2
1528     2
1529     1
1530     1
1531     2
1532     2
1533     2
1534     2
1535     2
1536     2
1537     2
1538     1
1539     1
1540     1
1541     2
1542     1
1543     1
1544     1
1545     2
1546     2
1547     2
1548     2
1549     2
1550     2
1551     2
1552     2
1553     1
1554     2
1555     2
1556     2
1558     2
1569     2
1580     2
1591     2
16   2
1602     2
1613     1
1624     2
1635     2
1646     1
1657     1
1669     2
1680     2
1691     2
17   2
1702     1
1713     2
1724     2
1735     2
1746     2
1757     2
1768     2
1780     1
1791     2
18   1
1802     2
1813     1
1824     2
1835     2
1846     2
1857     2
1868     2
1879     2
1891     2
19   2
1902     2
1913     2
1924     2
1935     2
1946     2
1957     1
1968     2
1979     1
1990     2
20   2
21   2
22   2
2223     2
23   2
24   2
26   2
2610     2
27   2
2721     2
28   1
2832     2
29   2
2943     2
30   1
3054     2
31   1
3165     2
32   1
33   2
34   2
35   1
37   2
38   2
39   2
4  2
40   2
41   2
42   2
43   1
44   2
45   1
46   2
48   2
49   1
5  1
50   2
51   1
52   1
53   2
54   1
55   2
56   1
57   2
59   1
6  1
60   1
61   1
62   1
63   2
64   2
65   1
66   1
67   1
68   2
7  1
70   2
71   1
72   2
73   2
74   1
75   1
76   2
77   1
78   1
79   1
8  2
81   2
82   1
83   2
84   2
85   2
86   1
87   2
88   2
89   2
9  1
90   2
92   2
93   1
94   2
95   2
96   1
97   1
98   1
99   2
1039     2
1040     2
1047     2
1048     2
1049     2
1050     2
1051     2
1052     2
1053     2
1054     2
1055     2
1056     2
1058     2
1059     2
1060     2
1061     2
1062     2
1063     2
1064     2
1065     2
1066     2
1067     2
1069     2
1070     2
1071     2
1072     2
1073     2
1074     2
1075     2
1076     2
1077     2
1078     2
1080     2
1081     2
1082     2
1083     2
1084     2
1085     2
1086     2
1087     2
1088     2
1089     2
1091     2
1092     2
1093     2
1094     2
1095     2
1096     2
1097     2
1098     2
1099     2
1100     2
1102     2
1103     2
1104     2
1105     2
1106     2
1107     2
1108     2
1109     2
1110     2
1111     2
115    2
116    2
117    2
118    2
119    2
120    2
121    2
122    2
123    2
124    2
126    2
127    2
128    2
129    2
130    2
131    2
132    2
133    2
134    2
135    2
137    2
138    2
139    2
140    2
141    2
142    2
143    2
144    2
145    2
146    2
148    2
149    2
150    2
151    2
152    2
153    2
154    2
155    2
1559     2
156    2
1560     2
1561     2
1562     2
1563     2
1564     2
1565     2
1566     2
1567     1
1568     2
157    2
1570     2
1571     2
1572     2
1573     2
1574     2
1575     2
1576     2
1577     2
1578     2
1579     2
1581     2
1582     2
1583     2
1584     1
1585     2
1586     2
1587     2
1588     2
1589     2
159    2
1590     2
1592     2
1593     2
1594     2
1595     2
1596     1
1597     2
1598     1
1599     2
160    2
1600     2
1601     2
1603     2
1604     2
1605     2
1606     2
1607     2
1608     2
1609     2
161    2
1610     2
1611     2
1612     2
1614     2
1615     2
1616     2
1617     2
1618     2
1619     2
162    2
1620     2
1621     2
1622     2
1623     2
1625     2
1626     2
1627     2
1628     2
1629     2
163    2
1630     2
1631     2
1632     2
1633     2
1634     2
1636     2
1637     2
1638     2
1639     2
164    2
1640     2
1641     1
1642     2
1643     2
1644     2
1645     2
1647     2
1648     2
1649     2
165    2
1650     2
1651     2
1652     2
1653     2
1654     2
1655     2
1656     2
1658     2
1659     2
166    2
1660     2
1661     2
1662     2
1663     2
1664     2
1665     2
1666     2
1667     2
167    2
168    2
170    2
171    2
172    2
173    2
174    2
175    2
176    2
177    2
178    2
179    2
181    2
182    2
183    2
184    2
185    2
186    2
187    2
188    2
189    2
190    2
192    2
193    2
194    2
195    2
196    2
197    1
198    2
199    2
200    2
2002     2
201    2
2013     2
2024     2
203    2
2035     2
204    2
2046     2
205    2
2057     2
206    2
2068     2
207    1
2079     2
208    2
209    2
2090     2
210    2
2101     2
211    2
2113     2
212    2
2124     2
2135     2
214    2
2146     2
215    2
2157     2
216    2
2168     2
217    2
2179     2
218    2
219    2
2190     2
220    2
2201     2
221    2
2212     2
222    2
2225     2
223    1
2236     2
2247     2
2258     2
2269     2
2280     2
2291     2
2302     2
2313     2
2324     2
2336     2
2347     2
2358     2
2369     2
2380     2
2391     2
2402     2
2413     2
2424     2
2435     2
2447     2
2458     2
2469     2
2480     2
2491     2
2502     2
2513     2
2524     2
2531     2
2532     2
2534     2
2535     2
2536     2
2537     2
2538     2
2539     2
2540     2
2541     2
2542     2
2543     2
2545     2
2546     2
2547     2
2548     2
2549     2
2550     2
1001     2
1113     2
113    2
1224     2
1335     1
1446     2
1557     2
1668     2
1670     2
1671     2
1672     2
1673     2
1674     2
1675     2
1676     2
1677     2
1678     2
1679     2
1681     2
1682     1
1683     2
1684     2
1685     2
1686     2
1687     2
1688     2
1689     2
1690     2
1692     1
1693     2
1694     2
1695     1
1696     2
1697     2
1698     2
1699     2
1700     2
1701     1
1703     2
1704     1
1705     1
1706     2
1707     1
1708     2
1709     2
1710     1
1711     2
1712     1
1714     2
1715     2
1716     2
1717     1
1718     1
1719     2
1720     2
1721     1
1722     2
1723     2
1725     2
1726     2
1727     2
1728     2
1729     2
1730     2
1731     1
1732     2
1733     2
1734     2
1736     2
1737     2
1738     2
1739     2
1740     2
1741     2
1742     2
1743     2
1744     2
1745     2
1747     2
1748     2
1749     2
1750     2
1751     1
1752     2
1753     2
1754     2
1755     2
1756     2
1758     2
1759     2
1760     2
1761     2
1762     1
1763     1
1764     2
1765     1
1766     2
1767     1
1769     2
1770     1
1771     2
1772     2
1773     2
1774     2
1775     1
1776     2
1777     2
1778     1
1779     2
1890     2
2  2
2001     2
2112     2
2224     2
224    2
226    1
227    2
228    2
229    2
230    2
231    2
232    2
233    2
2335     2
234    1
235    2
237    2
238    2
239    2
240    2
241    1
242    1
243    1
244    2
2446     2
245    2
246    2
248    2
249    2
250    2
251    2
252    2
253    2
2533     2
254    2
2544     2
255    2
2551     2
2552     2
2553     2
2554     2
2555     2
2556     2
2557     2
2558     2
2559     2
256    2
2560     2
2561     2
2562     2
2563     2
2564     2
2565     2
2566     2
2567     2
2568     2
2569     2
257    2
2570     2
2571     2
2572     2
2573     2
2574     2
2575     2
2576     2
2577     2
2578     2
2579     2
2580     2
2581     2
2582     2
2583     2
2584     2
2585     2
2586     2
2587     2
2588     1
2589     2
259    2
2590     2
2591     2
2592     2
2593     2
2594     2
2595     2
2596     2
2597     2
2598     2
2599     2
260    2
2600     2
2601     2
2602     2
2603     2
2604     2
2605     2
2606     2
2607     2
2608     2
2609     2
261    2
2611     2
262    2
2622     2
263    2
2633     2
264    1
2644     2
265    1
2655     1
266    1
2666     2
267    2
2677     1
268    2
2688     2
2699     1
270    2
271    2
2710     2
272    2
2722     2
273    1
2733     2
274    2
2744     2
275    2
2755     2
276    2
2766     2
277    2
2777     2
278    2
2788     2
279    2
2799     2
281    2
2810     2
282    2
2821     2
283    2
2833     2
284    2
2844     2
285    2
2855     2
286    2
2866     2
287    1
2877     2
288    2
2888     2
289    2
2899     2
290    1
2910     2
292    2
2921     2
293    2
2932     2
294    2
2944     2
295    1
2955     1
296    2
2966     2
297    1
2977     2
298    2
2988     2
299    2
2999     2
300    2
301    2
3010     2
3021     1
303    2
3032     2
304    2
3043     2
305    1
3055     2
306    2
3066     2
307    1
3077     2
308    1
3088     1
3099     2
3110     2
3121     2
3132     2
314    2
3143     2
315    2
3154     2
316    2
3166     1
317    1
3177     2
318    1
3188     2
319    2
3199     2
320    1
3210     2
3221     2
3232     2
3243     2
3254     2
3265     2
335    2
446    2
557    2
668    2
779    2
890    2
1781     1
1782     2
1783     2
1784     1
1785     2
1786     2
1787     2
1788     1
1789     2
1790     2
1792     1
1793     1
1794     2
1795     1
1796     1
1797     2
1798     1
1799     1
1800     1
1801     1
1803     1
1804     2
1805     2
1806     1
1807     2
1808     1
1809     1
1810     1
1811     1
1812     2
1814     1
1815     2
1816     1
1817     2
1818     2
1819     1
1820     1
1821     1
1822     1
1823     2
1825     2
1826     2
1827     1
1828     2
1829     1
1830     2
1831     1
1832     1
1833     1
1834     1
1836     2
1837     2
1838     1
1839     1
1840     1
1841     1
1842     1
1843     1
1844     1
1845     1
1847     1
1848     1
1851     2
1852     1
1853     1
1854     2
1855     1
1856     2
1858     1
1859     1
1860     2
2226     1
2227     1
2228     1
2229     1
2230     1
2231     1
2232     1
2233     2
2234     1
2235     2
2237     2
2238     1
2239     2
2240     1
2241     2
2242     1
2243     1
2244     1
2245     1
2246     2
2248     1
2249     1
2250     2
2251     2
2252     1
2253     2
2254     2
2255     2
2256     1
2257     1
2259     2
2260     2
2261     1
2262     2
2263     1
2264     1
2265     1
2266     2
2267     1
2268     2
2270     2
2271     2
2272     1
2273     1
2274     2
2275     1
2276     2
2277     2
2278     1
2279     1
2281     1
2282     2
2283     2
2284     1
2285     2
2286     2
2287     2
2288     1
2289     2
2290     1
2292     1
2293     2
2294     2
2295     2
2296     1
2297     1
2298     1
2299     2
2300     2
2301     2
2303     1
2304     2
2305     1
2306     1
2307     1
2308     2
2309     2
2310     2
2311     2
2312     2
2314     1
2315     1
2316     1
2317     2
2318     2
2319     1
2320     1
2321     1
2322     2
2323     1
2325     2
2326     1
2327     1
2328     2
2329     1
2330     2
2331     1
2332     2
2333     1
2334     1
2612     2
2613     2
2614     1
2615     1
2616     2
2617     1
2618     1
2619     2
2620     1
2621     2
2623     2
2624     1
2625     2
2626     1
2627     2
2628     2
2629     1
2630     1
2631     2
2632     2
2634     1
2635     2
2636     2
2637     2
2638     2
2639     1
2640     1
2641     1
2642     2
2643     2
2645     2
2646     1
2647     1
2648     1
2649     2
2650     2
2651     1
2652     1
2653     1
2654     1
2656     2
2657     1
2658     1
2659     2
2660     2
2661     1
2662     1
2663     2
2664     2
2665     1
2667     2
2668     2
2669     2
2670     2
2671     2
2672     2
2673     2
2674     2
2675     2
2676     1
2678     1
2679     1
2680     2
2681     1
2682     2
2683     2
2684     1
2685     2
2686     2
2687     2
2689     1
2690     1
2691     2
2692     2
2693     2
2694     2
2695     2
2696     2
2697     1
2698     2
2700     2
2701     2
2702     2
2703     2
2704     2
2705     1
2706     2
2707     1
2708     2
2709     2
2711     1
2712     2
2713     2
2714     1
2715     1
2716     2
2717     2
2718     2
2719     1
2720     2
309    1
310    2
311    1
312    2
321    1
322    1
323    1
325    1
326    1
327    1
328    2
329    2
330    2
331    1
332    1
333    2
334    2
337    1
338    1
339    1
340    1
341    2
342    2
343    1
344    1
345    1
346    1
348    1
349    1
350    2
351    1
352    1
353    1
354    1
355    2
356    2
357    1
359    1
360    1
361    1
362    2
363    1
364    1
365    1
366    1
367    2
368    1
370    1
372    1
373    2
374    1
375    1
376    2
377    2
378    2
381    1
382    2
1849     1
1850     2
1861     2
1862     1
1863     1
1864     1
1865     2
1866     2
1867     1
1869     1
1870     2
1871     1
1872     1
1873     1
1874     1
1875     1
1876     2
1877     1
1878     1
1880     2
1881     1
1882     2
1883     1
1884     1
1885     1
1886     1
1887     1
1888     2
1889     1
1892     2
1893     1
1894     2
1895     1
1896     1
1897     1
1898     1
1899     1
1900     1
1901     1
1903     1
1904     1
1905     1
1906     1
1907     1
1908     1
1909     1
1910     2
1911     2
1912     1
1914     2
1915     1
1916     1
1917     1
1918     1
1919     2
1920     1
1921     1
1922     1
1923     1
1927     1
1928     1
1929     1
1930     1
2337     1
2338     1
2339     1
2340     1
2341     1
2342     1
2343     1
2344     1
2345     1
2346     1
2348     1
2349     1
2350     1
2351     1
2352     1
2353     2
2354     1
2355     1
2356     2
2357     2
2359     2
2360     1
2361     2
2362     1
2363     1
2364     2
2365     1
2366     1
2367     1
2368     1
2370     1
2371     1
2372     2
2373     1
2374     2
2375     1
2376     1
2377     1
2378     1
2379     1
2381     2
2382     2
2383     2
2384     1
2385     2
2386     1
2387     1
2388     1
2389     1
2390     1
2392     1
2393     2
2394     1
2395     2
2396     1
2397     1
2398     1
2399     2
2400     2
2401     2
2403     1
2404     2
2405     1
2406     1
2407     1
2408     1
2409     2
2410     2
2411     1
2412     1
2414     1
2415     1
2416     1
2417     1
2418     1
2419     1
2420     1
2421     1
2422     2
2423     1
2425     1
2426     1
2427     2
2428     2
2429     1
2430     1
2431     2
2432     1
2433     1
2434     1
2436     2
2437     1
2438     1
2439     1
2440     1
2441     1
2442     2
2443     2
2444     2
2445     1
2723     1
2724     1
2725     1
2726     1
2727     1
2728     2
2729     1
2730     1
2731     1
2732     2
2734     1
2735     2
2736     2
2737     1
2738     2
2739     2
2740     1
2741     1
2742     2
2743     2
2745     1
2746     1
2747     1
2748     1
2749     1
2750     2
2751     1
2752     1
2753     2
2754     1
2756     2
2757     1
2758     1
2759     1
2760     2
2761     2
2762     1
2763     2
2764     1
2765     2
2767     1
2768     1
2769     1
2770     2
2771     1
2772     2
2773     2
2774     1
2775     1
2776     2
2778     2
2779     1
2780     1
2781     1
2782     1
2783     1
2784     1
2785     2
2786     2
2787     2
2789     1
2790     2
2791     1
2792     1
2793     1
2794     2
2795     2
2796     2
2797     2
2798     2
2800     1
2801     1
2802     2
2803     2
2804     2
2805     2
2806     2
2807     1
2808     1
2809     1
2811     2
2812     2
2813     2
2814     1
2815     1
2816     2
2817     2
2818     1
2819     1
2820     2
2822     2
2823     1
2824     2
2825     2
2826     1
2827     2
2828     2
2829     1
2830     1
2831     1
371    1
379    1
383    1
384    2
385    2
386    1
387    2
388    1
389    1
390    1
392    1
393    1
394    1
395    1
396    1
397    1
398    1
399    1
400    2
401    1
403    1
404    1
405    1
406    1
407    1
408    1
409    2
410    1
411    1
412    1
414    2
415    1
416    1
417    1
418    1
419    2
420    1
421    2
422    2
423    1
425    1
426    1
427    1
428    2
429    1
430    1
431    1
432    1
433    1
434    2
436    1
437    1
438    1
439    1
440    1
441    1
442    1
443    1
444    1
445    2
449    2
450    1
451    1
452    1
1925     2
1926     2
1931     1
1932     2
1933     2
1934     2
1936     2
1937     1
1938     1
1939     2
1940     2
1941     1
1942     1
1943     2
1944     2
1945     1
1947     2
1948     2
1949     2
1950     2
1951     2
1952     2
1953     2
1954     1
1955     1
1956     1
1958     2
1959     1
1960     1
1961     2
1962     2
1963     2
1964     2
1965     2
1966     1
1967     2
1969     2
1970     2
1971     1
1972     1
1973     1
1974     2
1975     1
1976     1
1977     2
1978     2
1980     2
1981     2
1982     1
1983     2
1984     1
1985     1
1986     1
1987     2
1988     2
1989     2
1991     2
1992     1
1993     2
1994     2
1995     2
1996     2
1997     2
1998     2
1999     2
2000     2
2448     2
2449     1
2450     2
2451     1
2452     2
2453     2
2454     1
2455     2
2456     2
2457     2
2459     2
2460     2
2461     2
2462     2
2463     2
2464     2
2465     2
2466     2
2467     2
2468     1
2470     2
2471     2
2472     1
2473     1
2474     2
2475     2
2476     2
2477     2
2478     2
2479     2
2481     2
2482     2
2483     2
2484     2
2485     2
2486     1
2487     2
2488     2
2489     2
2490     1
2492     2
2493     1
2494     2
2495     2
2496     2
2497     2
2498     1
2499     2
2500     2
2501     1
2503     1
2504     2
2505     2
2506     2
2507     1
2508     2
2509     2
2510     2
2511     2
2512     2
2514     2
2515     2
2516     1
2517     1
2518     2
2519     2
2520     2
2521     1
2522     2
2523     2
2525     2
2526     1
2527     1
2528     2
2529     2
2530     2
2834     2
2835     2
2836     2
2837     2
2838     1
2839     2
2840     2
2841     1
2842     1
2843     2
2845     1
2846     2
2847     2
2848     1
2849     2
2850     1
2851     1
2852     2
2853     2
2854     2
2856     1
2857     2
2858     2
2859     1
2860     1
2861     2
2862     2
2863     2
2864     2
2865     2
2867     2
2868     2
2869     2
2870     2
2871     2
2872     2
2873     2
2874     2
2875     2
2876     1
2878     2
2879     2
2880     2
2881     2
2882     2
2883     2
2884     2
2885     2
2886     1
2887     2
2889     1
2890     2
2891     2
2892     2
2893     1
2894     1
2895     2
2896     2
2897     2
2898     2
2900     2
2901     2
2902     2
2903     2
2904     2
2905     2
2906     2
2907     2
2908     2
2909     2
2911     2
2912     2
2913     2
2914     2
2915     2
2916     2
2917     2
2918     2
2919     2
2920     2
2922     2
2923     2
2924     2
2925     2
2926     2
2927     2
2928     2
2929     1
2930     2
2931     2
448    2
453    2
454    2
455    1
456    2
457    1
459    1
460    1
461    2
462    1
463    1
464    1
465    2
466    1
467    1
468    1
470    2
471    2
472    1
473    2
474    1
475    1
476    2
477    2
478    2
479    2
481    1
482    2
483    1
484    1
485    1
486    2
487    2
488    1
489    2
490    1
492    2
493    2
494    2
495    2
496    1
497    2
498    2
499    1
500    2
501    2
503    1
504    2
505    1
506    2
507    2
508    2
509    2
510    2
511    2
512    1
514    1
515    1
516    2
517    2
518    1
519    2
520    1
521    2
522    2
523    2
525    2
526    2
527    2
528    1
529    2
530    2
531    2
532    1
533    2
534    2
536    2
537    2
538    1
539    1
540    2
541    2
542    2
543    2
544    2
545    2
547    2
548    1
549    1
550    2
551    1
552    1
553    1
554    2
555    2
556    1
1115     2
1116     2
1117     2
1118     2
1119     1
1120     1
1121     2
1122     1
1123     2
1124     1
1126     1
1127     2
1128     2
1129     2
1130     2
1131     2
1132     2
1133     2
1134     1
1135     1
1137     2
1138     1
1139     1
1140     1
1141     2
1142     1
1143     2
1144     2
1145     1
1146     2
1148     1
1149     1
1150     1
1151     1
1152     2
1153     2
1154     2
1155     2
1156     1
1157     2
1159     1
1160     2
1161     2
1162     1
1163     1
1164     2
1176     1
2003     1
2004     2
2005     2
2006     2
2007     2
2008     2
2009     2
2010     1
2011     1
2012     1
2014     2
2015     1
2016     1
2017     1
2018     1
2019     1
2020     2
2021     2
2022     1
2023     1
2025     1
2026     2
2027     2
2028     1
2029     1
2030     2
2031     2
2032     1
2033     1
2034     1
2036     1
2037     2
2038     1
2039     1
2040     1
2041     2
2042     1
2043     2
2044     1
2045     2
2047     2
2048     1
2049     1
2050     1
2051     1
2052     1
2053     1
2054     2
2055     2
2056     2
2058     2
2059     1
2060     1
2061     2
2062     1
2063     2
2064     2
2065     2
2066     1
2067     1
2069     2
2070     1
2071     1
2072     2
2073     2
2074     2
2075     1
2076     2
2077     1
2078     1
2080     1
2081     2
2082     1
2083     1
2084     1
2085     2
2086     2
2087     2
2088     2
2089     1
2091     2
2092     2
2093     2
2094     1
2095     1
2096     2
2097     1
2098     2
2099     2
2100     2
2102     1
2103     2
2104     1
2105     2
2106     2
2107     2
2108     2
2109     2
2110     2
2111     2
2933     2
2934     1
2935     1
2936     1
2937     2
2938     2
2939     1
2940     1
2941     2
2942     1
2945     2
2946     2
2947     2
2948     2
2949     2
2950     2
2951     2
2952     1
2953     2
2954     1
2956     2
2957     2
2958     1
2959     1
2960     1
2961     2
2962     1
2963     2
2964     2
2965     2
2967     2
2968     2
2969     2
2970     1
2971     1
2972     1
2973     2
2974     1
2975     1
2976     1
2978     2
2979     2
2980     2
2981     2
2982     2
2983     2
2984     2
2985     2
2986     1
2987     1
2989     2
2990     2
2991     1
2992     1
2993     2
2994     1
2995     2
2996     1
2997     2
2998     2
3000     2
3001     2
3002     1
3003     2
3004     2
3005     2
3006     2
3007     1
3008     2
3009     2
3011     2
3012     2
3013     2
3014     2
3015     1
3016     2
3017     2
3018     1
3019     1
3020     2
559    2
560    1
561    2
562    2
563    1
564    1
565    2
566    2
567    2
568    1
570    1
571    1
572    1
573    2
574    1
575    1
576    1
577    2
578    2
579    1
581    1
582    1
583    2
584    2
585    1
586    1
587    2
588    2
589    2
590    1
592    2
593    1
594    2
595    1
596    2
597    2
598    2
599    2
600    2
601    2
603    2
604    2
605    1
606    1
607    1
608    1
609    1
610    1
611    2
612    2
614    2
615    1
616    1
617    2
618    1
619    1
620    1
621    2
622    2
623    2
625    1
626    1
627    2
628    2
629    2
630    2
631    1
632    2
633    2
634    2
636    1
637    2
638    2
639    2
640    2
641    1
642    1
643    2
644    1
645    2
647    2
648    2
649    2
650    2
651    2
652    1
653    2
654    2
655    1
656    2
658    1
659    1
660    2
661    1
662    1
663    2
664    2
665    1
666    1
667    1
1165     1
1166     1
1167     1
1168     2
1170     1
1171     2
1172     1
1173     2
1174     2
1175     1
1177     1
1178     1
1179     1
1181     1
1182     2
1183     2
1184     1
1185     2
1186     1
1187     1
1188     1
1189     1
1190     1
1192     1
1193     1
1194     1
1195     1
1196     1
1197     2
1198     1
1199     1
1200     1
1201     2
1203     1
1204     1
1205     2
1206     1
1207     1
1208     1
1209     1
1210     1
1211     1
1212     1
1214     2
1215     2
1216     1
1217     1
1218     1
1219     2
1220     1
1221     1
1222     1
1223     1
1226     1
1227     1
1228     1
1229     1
1230     1
1231     1
1232     1
1233     1
1234     1
1237     1
1238     1
2114     2
2115     2
2116     2
2117     2
2118     2
2119     1
2120     1
2121     1
2122     2
2123     1
2125     2
2126     2
2127     2
2128     1
2129     1
2130     2
2131     1
2132     1
2133     1
2134     2
2136     1
2137     1
2138     1
2139     1
2140     1
2141     2
2142     2
2143     1
2144     2
2145     1
2147     2
2148     1
2149     1
2150     2
2151     2
2152     1
2153     1
2154     1
2155     1
2156     2
2158     1
2159     1
2160     1
2161     1
2162     2
2163     2
2164     1
2165     2
2166     1
2167     1
2169     2
2170     1
2171     1
2172     1
2173     2
2174     1
2175     1
2176     2
2177     1
2178     1
2180     1
2181     1
2182     1
2183     1
2184     1
2185     2
2186     2
2187     1
2188     2
2189     1
2191     1
2192     1
2193     1
2194     1
2195     2
2196     1
2197     1
2198     1
2199     1
2200     1
2202     1
2203     2
2204     2
2205     1
2206     2
2207     2
2208     1
2209     1
2210     2
2211     2
2213     1
2214     1
2215     1
2216     2
2217     1
2218     1
2219     1
2220     1
2221     1
2222     1
3022     2
3023     2
3024     1
3025     1
3026     1
3027     1
3028     1
3029     1
3030     2
3031     1
3033     2
3034     1
3035     1
3036     1
3037     1
3038     1
3039     2
3040     2
3041     1
3042     2
3044     2
3045     2
3046     2
3047     2
3048     1
3049     1
3050     1
3051     1
3052     1
3053     2
3056     1
3057     1
3058     1
3059     2
3060     1
3061     1
3062     1
3063     2
3064     1
3065     1
3067     1
3068     1
3069     1
3070     1
3071     2
3072     1
3073     2
3074     1
3075     1
3076     1
3078     1
3079     1
3080     1
3081     2
3082     1
3083     1
3084     2
3085     1
3086     1
3087     2
3089     1
3090     2
3091     1
3092     2
670    1
671    1
672    1
673    1
674    2
675    1
676    2
677    1
678    1
679    1
681    1
682    2
683    1
684    2
685    2
686    1
687    2
688    1
689    1
690    1
692    1
693    2
694    1
695    1
696    1
697    2
698    2
699    2
700    2
701    1
703    2
704    2
705    1
706    1
707    1
708    1
709    1
710    1
711    1
712    1
714    1
715    1
716    1
717    2
718    2
719    1
720    1
721    1
722    2
723    2
725    2
726    1
727    2
728    1
729    1
730    1
731    1
732    1
733    1
734    1
736    2
737    2
738    1
739    2
740    1
741    1
742    1
743    2
744    2
745    2
747    1
748    2
749    2
750    1
751    2
752    1
753    2
754    2
755    2
756    2
758    2
759    2
760    1
761    1
762    2
763    2
764    1
765    1
766    1
767    2
769    1
770    1
771    1
772    1
773    2
774    2
775    2
776    1
777    1
778    1
1235     2
1239     1
1240     2
1241     2
1242     2
1243     2
1244     2
1245     2
1246     2
1248     2
1249     2
1250     2
1251     2
1252     2
1253     2
1254     2
1255     2
1256     2
1257     2
1259     2
1260     2
1261     2
1262     1
1263     2
1264     2
1265     2
1266     2
1267     2
1268     2
1270     2
1271     2
1272     2
1273     2
1274     2
1275     2
1276     2
1277     2
1278     2
1279     2
1281     2
1282     2
1283     2
1284     2
1285     1
1286     2
1287     2
1288     2
1289     2
1290     2
1292     2
1293     2
1294     2
1295     2
1296     2
1297     2
1298     2
1299     2
1300     2
1301     2
1303     1
1304     2
1305     2
1306     2
1307     2
1308     1
1309     2
1310     2
1311     2
1312     2
1314     1
1315     2
1316     2
1317     2
1318     2
1319     2
1320     2
1321     2
1322     2
1323     2
1325     2
1326     2
1327     2
1328     2
1329     2
1330     2
1331     2
1332     2
1333     2
1334     2
1337     2
1338     2
1339     2
1340     2
1341     2
1342     2
1343     2
1344     2
1345     2
1346     2
1348     2
1349     2
1350     2
1351     2
1352     2
1353     2
1354     2
1355     2
1356     2
1357     2
1359     2
1360     2
3093     2
3094     2
3095     2
3096     2
3097     2
3098     2
3100     2
3101     2
3102     2
3103     2
3104     2
3105     2
3106     2
3107     2
3108     2
3109     2
3111     2
3112     2
3113     2
3114     2
3115     2
3116     2
3117     2
3118     2
3119     2
3120     2
3122     2
3123     2
3124     2
3125     2
3126     2
3127     2
3128     2
3129     2
3130     2
3131     2
3133     2
3134     2
3135     2
3136     2
3137     2
3138     2
3139     2
3140     2
3141     2
3142     2
3144     2
3145     2
3146     2
3147     2
3148     2
3149     2
3150     2
3151     2
3152     2
3153     2
3155     2
3156     2
3157     2
3158     2
3159     2
3160     2
3161     2
3162     2
3163     2
3164     2
3167     2
3168     1
3169     2
3170     2
3171     2
3172     2
3173     2
3174     2
3175     2
3176     2
3178     2
3179     2
3180     2
3181     2
3182     2
3183     2
3184     2
3185     2
3186     2
3187     2
3189     2
3190     2
3191     2
3192     2
3193     2
3194     2
3195     2
3196     2
3197     2
3198     2
3200     1
3201     2
3202     2
3203     2
3204     2
3205     2
3206     2
3207     2
3208     2
3209     2
3211     1
3212     2
3213     2
3214     2
3215     2
3216     2
3217     2
3218     2
3219     2
3220     2
781    2
782    2
783    2
784    2
785    2
786    2
787    1
788    2
789    2
790    2
792    2
793    2
794    2
795    2
796    2
797    2
798    2
799    2
800    2
801    2
803    2
804    2
805    2
806    2
807    2
808    2
809    2
810    2
811    2
812    2
814    2
815    2
816    2
817    2
818    2
819    2
820    2
821    2
822    2
823    2
825    2
826    2
827    2
828    2
829    2
830    2
831    2
832    2
833    2
834    2
836    2
837    2
838    2
839    2
840    2
841    2
842    2
843    2
844    2
845    2
847    2
848    2
849    2
850    2
851    2
852    2
853    2
854    2
855    2
856    2
858    2
859    2
860    2
861    2
862    2
863    2
864    2
865    2
866    2
867    2
869    2
870    2
871    2
872    2
873    2
874    2
875    2
876    2
877    2
878    2
880    2
881    2
882    2
883    2
884    2
885    2
886    2
887    2
888    2
889    2
