516 2
1994 1
1993 1
515 1
1992 1
514 1
1991 1
1454 1
512 1
1453 1
1989 1
511 2
1452 2
510 2
1988 1
1451 2
509 2
1987 1
1450 1
508 1
1986 1
1449 1
507 2
1985 1
1448 1
1984 1
506 2
505 1
1983 1
1457 1
1456 2
1455 2
1470 1
528 1
527 1
526 2
525 2
1466 2
1 2
1465 1
523 2
1112 2
1464 2
2000 1
522 2
1463 2
2223 2
1999 2
521 2
1462 1
2610 2
1998 2
520 1
1461 1
2721 2
519 2
1997 2
2832 2
1460 2
1996 2
518 1
1459 1
2943 2
517 2
1995 1
3054 2
3165 2
1468 2
1467 1
1482 1
4 2
540 2
1481 2
539 1
538 1
537 2
536 1
1478 2
1477 2
1476 2
534 2
1475 2
533 1
1474 2
532 1
1473 2
531 2
1472 2
530 1
1471 1
529 1
1479 1
16 2
1494 1
552 1
1493 1
15 1
551 1
1492 1
550 1
549 1
548 1
547 2
12 2
1490 2
11 2
1489 2
10 1
1488 2
9 1
1487 2
545 2
1486 2
8 1
544 2
7 1
1485 2
543 2
6 1
1484 2
542 2
1483 2
5 1
541 2
13 1
28 1
1506 2
2448 1
27 1
1505 2
1504 2
26 2
1503 2
24 1
23 1
1501 1
22 1
1500 1
1499 2
21 2
20 1
1498 2
556 1
1497 1
19 1
555 1
18 1
1496 1
554 1
17 2
1495 1
553 1
40 1
1518 1
2460 1
39 1
1517 2
2459 2
1516 2
38 1
37 1
1515 1
1514 2
2456 2
35 1
2455 1
1512 2
34 2
2454 1
33 1
1511 1
2453 1
32 1
1510 2
2452 2
1509 2
31 1
2451 1
30 1
1508 2
2834 2
2450 1
29 1
1507 2
2835 1
2449 2
2836 1
2837 1
2838 1
2839 2
2840 2
2841 1
2842 1
2457 2
2843 1
1530 1
52 1
2472 1
1529 2
51 1
2471 1
1528 2
50 1
2470 1
1527 1
49 1
48 1
1526 1
1525 1
2468 1
2467 1
46 1
2466 2
1523 1
45 2
2465 2
44 2
1522 1
2464 2
43 1
1521 1
2845 1
2463 2
1520 1
42 1
2846 1
2462 2
41 2
1519 1
2847 1
2461 2
2848 1
2849 1
2850 1
2851 1
2852 1
2853 1
2854 1
1542 1
64 1
2484 2
63 2
1541 1
2483 2
62 1
1540 1
2482 2
61 1
1539 1
2481 2
60 1
1538 1
59 1
1537 1
1536 2
2479 2
2478 2
57 1
2477 2
56 1
1534 2
2476 2
2856 1
1533 2
55 2
2857 1
2475 2
54 1
1532 1
2858 1
2474 2
53 1
1531 1
2473 1
2859 1
2860 1
2861 1
2862 2
2863 2
2864 2
2865 2
1554 2
76 2
2496 1
1553 2
75 1
2495 1
74 1
1552 2
2494 1
1551 2
73 1
2493 2
1550 2
72 1
2492 1
1549 2
71 1
1548 2
70 2
1547 2
2490 1
2489 1
2867 2
68 2
2868 2
2488 2
1545 2
67 1
2487 2
2869 2
1544 2
66 1
2486 2
2870 2
1543 1
65 1
2485 2
2871 2
2872 2
2873 2
2874 2
2875 2
2876 2
88 1
2508 2
87 2
2507 1
86 1
2506 1
85 2
2505 2
84 1
2504 2
83 2
2503 2
82 1
81 1
2878 1
2501 2
2879 2
2880 1
2500 2
79 1
2881 2
2499 1
78 1
1556 1
2498 1
2882 1
77 1
1555 1
2883 2
2497 1
2884 1
2885 2
2886 1
2887 1
92 1
100 1
2520 2
99 1
2519 1
98 1
2518 1
97 1
2517 1
96 1
2516 1
95 1
2515 1
94 2
2514 1
93 1
2889 1
2890 2
2891 1
2892 2
2512 2
2893 1
2511 1
90 1
2894 1
2510 2
89 1
2509 2
2895 2
2896 2
2897 2
2898 2
104 1
103 2
112 1
111 1
110 1
2530 2
109 1
2529 2
108 1
2528 2
107 2
2527 2
106 2
2526 2
105 2
2525 2
2900 2
2901 2
2902 2
2903 2
2904 2
2905 2
2523 2
2522 1
2906 2
101 2
2907 2
2521 1
2908 2
2909 2
2911 2
2912 2
2913 2
2914 2
2915 2
2916 2
2917 2
2918 2
2919 2
2920 2
2922 2
2923 2
2924 2
2925 2
1114 2
2926 2
1125 2
2927 2
1136 2
2928 2
1147 2
2929 2
1158 2
2930 2
1169 2
2931 2
1180 2
1191 2
1202 2
1213 2
1225 2
1236 2
1247 2
1258 2
1269 2
1280 2
1291 2
1302 2
1313 2
1324 2
1336 2
1347 2
1358 2
1369 2
1380 2
1391 2
1402 2
1413 2
1424 2
1435 2
1447 2
1458 2
1469 2
1480 2
1491 2
1502 2
1513 2
1524 2
1535 2
1546 2
1012 1
1011 2
1558 2
1569 2
1580 2
1591 2
1602 2
1613 2
1624 2
1635 2
1646 2
1657 2
1010 2
1009 2
1008 1
1007 2
1006 1
1005 1
1004 2
1003 2
1023 1
1669 2
1680 2
1691 2
1014 2
1702 2
1713 2
1724 2
1735 2
1746 2
1757 2
1768 2
1022 1
1021 1
1020 1
1019 1
1018 2
1017 2
1016 2
1015 2
1780 2
1791 2
1802 2
1813 2
1026 1
1824 2
1835 2
1025 2
1846 2
1857 2
1868 2
1879 2
1034 1
1033 1
1032 1
1031 1
1030 1
1029 1
1028 2
1027 1
1891 2
1902 2
1913 1
1924 2
1935 2
1946 1
1038 1
1957 2
1037 2
1036 1
1968 1
1979 2
1990 2
1045 1
1044 2
1043 1
1042 1
1041 1
1040 2
1039 1
2002 1
2013 2
2024 1
2035 2
2046 2
2057 1
1050 2
2068 1
2079 2
1049 2
2090 2
1048 2
2101 2
1047 1
1056 2
1055 2
1054 2
1053 2
1052 2
1051 2
2113 2
2124 2
2135 2
2146 2
2157 2
2168 2
2179 2
2190 2
1062 1
2201 2
1061 2
1060 1
2212 2
1059 2
1058 2
1067 2
1066 2
1065 2
1064 2
1063 1
1074 2
1073 2
1072 1
1071 1
1070 1
1069 2
1078 1
1077 2
1076 1
1075 1
1086 2
1085 2
1084 1
1083 1
1082 1
1081 1
1080 2
1089 2
1088 2
1087 1
1102 2
1098 1
1097 1
1096 1
1095 1
1094 1
1093 1
1092 1
1091 1
1100 1
1099 2
1110 2
1109 2
1108 2
1107 1
1106 2
1105 1
1104 1
1103 1
1111 2
1564 1
1563 1
1562 1
1561 1
1560 1
1559 2
1568 2
1567 1
1566 2
1565 1
1576 2
1575 2
1574 2
1573 2
1572 2
1571 2
1570 2
1579 2
1578 1
1577 1
1592 1
1588 1
1587 1
1586 2
1585 1
1584 1
1583 1
1582 2
1581 1
1590 1
1589 1
1604 1
126 1
1603 2
1600 1
122 1
121 1
1599 1
1598 1
120 1
1597 2
119 1
118 1
1596 1
1595 1
117 1
116 1
1594 1
115 1
1593 1
124 2
123 1
1601 2
1616 2
138 2
137 2
1615 2
1614 2
134 1
1612 2
1611 2
133 2
1610 2
132 1
1609 1
131 2
130 2
1608 1
129 2
1607 1
128 2
1606 1
1605 1
127 2
135 1
1628 1
150 2
1627 2
149 2
1626 1
148 2
1625 1
146 1
145 2
1623 2
1622 1
144 1
1621 1
143 2
142 1
1620 1
141 2
1619 2
140 1
1618 2
139 1
1617 2
1640 1
162 2
1639 1
161 1
1638 1
160 1
1637 1
159 2
1636 2
157 2
1634 1
156 1
1633 2
155 1
1632 1
154 2
153 1
1631 2
152 2
1630 2
1629 1
151 2
174 2
1652 2
1651 2
173 2
1650 2
172 1
171 1
1649 1
1648 1
170 2
1647 2
168 1
1645 2
167 1
1644 1
166 2
165 1
1643 1
164 1
1642 1
163 1
1641 1
186 2
1664 1
185 2
1663 1
184 2
1662 2
183 1
1661 1
182 1
1660 2
181 1
1659 2
1658 1
179 1
178 1
1656 1
177 1
1655 1
176 1
1654 2
175 1
1653 1
198 1
197 1
196 1
195 1
194 1
193 2
192 1
190 1
1667 1
189 1
1666 2
188 1
187 1
1665 2
210 1
209 2
208 1
207 1
206 1
205 2
204 2
203 2
201 2
200 2
199 2
214 2
222 1
221 2
220 2
219 1
218 1
217 1
216 2
215 1
212 2
211 2
223 2
2225 2
2236 2
2247 2
2258 2
2269 2
2280 2
2291 2
2302 2
2313 2
2324 2
2336 2
2347 2
2358 2
2369 2
2380 2
2391 2
2402 2
2413 2
2424 2
2435 2
2447 2
2458 2
2469 2
2480 2
2491 2
2502 2
2513 2
2524 2
2531 2
2532 2
2534 2
2535 2
2536 1
2537 2
2538 1
2539 1
2540 1
2541 1
2542 1
2543 1
2545 1
2546 1
2547 2
2548 2
2549 1
2550 2
2551 2
2552 2
2553 2
2554 2
2556 2
2557 2
2558 2
2559 2
2560 2
2561 2
2562 2
2563 2
2564 2
2565 2
2 2
113 2
224 2
335 2
446 2
557 2
668 2
779 2
890 2
1001 2
2567 2
2568 2
2569 2
2570 2
2571 2
2572 2
2573 2
2574 2
2575 2
2576 2
1113 2
1224 2
1335 2
1446 2
1557 2
1668 2
1779 2
1890 2
2001 2
2112 2
2578 2
2579 2
2580 2
2581 2
2582 2
2583 2
2584 2
2585 2
2586 2
2587 2
2224 2
2335 1
2446 2
2533 1
2544 1
2555 2
2566 2
2577 2
2588 1
2599 2
2589 2
2590 2
2591 2
2592 2
2593 2
2594 2
2595 2
2596 2
2597 2
2598 2
2611 2
2622 2
2633 2
2644 1
2655 1
2666 1
2677 1
2688 2
2699 2
2710 2
2600 2
2601 2
2602 2
2603 2
2604 2
2605 2
2606 2
2607 2
2608 2
2609 2
2722 2
2733 2
2744 2
2755 2
2766 2
2777 2
2788 2
2799 2
2810 2
2821 2
2833 2
2844 2
2855 2
2866 2
2877 1
2888 1
2899 2
2910 2
2921 1
2932 1
2944 2
2955 1
2966 2
2977 2
2988 2
2999 2
3010 1
3021 2
3032 1
3043 1
3055 1
3066 2
3077 2
3088 1
3099 1
3110 1
3121 2
3132 1
3143 2
3154 2
3166 1
3177 2
3188 2
3199 2
3210 2
3221 2
3232 2
3243 2
3254 2
3265 2
1674 2
1673 1
1672 2
1671 1
1670 2
1679 1
1678 2
1677 1
1676 2
1675 1
1686 2
1685 1
1684 2
1683 1
1682 1
1681 1
1690 1
1689 2
1688 2
1687 2
1698 2
1697 2
1696 2
1695 1
1694 1
1693 2
1692 1
1701 2
1700 2
1699 2
1714 1
232 2
1710 1
1709 2
231 2
230 1
1708 1
1707 1
229 1
1706 2
228 1
227 2
1705 1
1704 1
226 2
1703 2
235 2
1712 2
234 1
233 2
1711 1
248 2
1726 2
1725 2
244 1
1722 2
1721 1
243 1
242 1
1720 2
241 2
1719 1
240 1
1718 1
239 2
1717 1
1716 1
238 2
1715 1
237 2
246 1
1723 2
245 2
1738 1
260 1
259 1
1737 2
1736 2
256 1
1734 1
255 1
1733 2
254 1
1732 2
1731 2
253 2
252 2
1730 2
251 2
1729 2
1728 2
250 1
1727 2
249 1
257 2
272 2
1750 2
1749 1
271 1
1748 2
270 1
1747 1
268 1
1745 1
267 1
266 1
1744 2
265 1
1743 1
1742 2
264 1
263 1
1741 1
262 1
1740 2
1739 2
261 1
1762 1
284 2
1761 2
283 2
1760 2
282 2
1759 2
281 2
1758 1
279 1
278 2
1756 2
277 2
1755 1
1754 2
276 2
1753 1
275 2
1752 2
274 2
273 1
1751 1
1774 1
296 1
295 1
1773 2
294 2
1772 1
1771 1
293 2
1770 1
292 2
1769 1
290 1
289 2
1767 1
288 2
1766 1
287 1
1765 1
1764 2
286 2
1763 1
285 2
3093 1
3094 2
3095 1
3096 2
3097 2
3098 2
1235 2
308 1
1250 2
307 1
1249 2
306 1
1248 1
305 1
304 1
303 2
1246 1
1245 1
1244 1
301 2
1243 1
300 1
1778 1
3100 2
1242 2
1777 2
299 2
1241 1
3101 1
1776 1
298 2
3102 1
1240 2
297 1
1775 1
3103 1
1239 2
3104 2
3105 1
3106 1
3107 1
3108 2
3109 2
320 1
1262 1
319 2
1261 2
318 1
1260 2
317 1
1259 2
316 2
315 2
314 1
1257 2
1256 2
3111 2
1255 2
312 1
1254 2
3112 1
311 1
1253 2
3113 1
310 1
1252 1
3114 1
309 1
3115 2
1251 1
3116 1
3117 1
3118 1
3119 1
3120 1
332 1
1274 1
331 1
1273 2
330 1
1272 2
329 2
1271 1
328 2
1270 1
327 1
326 2
325 1
3122 1
1268 1
3123 1
1267 2
3124 1
1266 1
323 1
3125 2
1265 1
322 1
1264 1
3126 2
321 1
1263 1
3127 1
3128 2
3129 1
3130 1
3131 2
2228 1
1286 2
2227 1
1285 1
2226 2
1284 1
1283 2
1282 2
1281 2
3133 1
3134 2
3135 2
1279 2
1278 2
3136 2
1277 2
3137 1
334 2
1276 2
3138 2
333 2
3139 2
1275 2
3140 2
3141 2
3142 1
2240 1
1298 1
2239 2
1297 1
2238 2
1296 1
2237 2
1295 2
1294 1
1293 1
1292 1
3144 1
2235 2
3145 2
2234 1
3146 1
2233 2
3147 1
2612 2
2232 1
3148 2
1290 2
2613 2
2231 1
1289 1
3149 2
2230 1
2614 2
1288 2
3150 2
2615 2
2229 1
1287 1
3151 1
2616 2
3152 1
2617 2
3153 1
2618 2
2619 2
2620 2
2621 2
2252 2
1310 1
2251 2
1309 2
2250 2
1308 1
2249 1
1307 1
2248 2
1306 1
1305 2
1304 1
1303 1
3155 2
3156 2
3157 2
2246 2
3158 2
2623 2
2245 1
3159 2
2624 2
2244 1
3160 1
2243 1
2625 2
3161 2
1301 1
2242 1
2626 2
3162 1
1300 1
2241 2
2627 2
3163 1
1299 1
2628 2
3164 2
2629 2
2630 2
2631 2
2632 2
1314 1
2264 1
1322 1
2263 1
1321 1
2262 2
1320 2
2261 1
1319 1
2260 2
1318 1
2259 2
1317 1
1316 1
1315 1
2634 2
2635 2
2257 2
2256 2
2636 2
2637 2
2255 2
2638 2
2254 2
1312 1
2253 2
2639 1
1311 1
2640 1
2641 1
2642 2
2643 2
1326 1
1325 1
2276 2
1334 2
2275 1
1333 2
2274 1
1332 2
2273 1
1331 1
2272 1
1330 2
2271 2
1329 2
2270 1
1328 2
1327 1
2645 2
2646 2
2647 2
2268 2
2648 1
2267 2
2649 2
2266 2
2650 2
2265 1
2651 2
1323 1
2652 1
2653 2
2654 1
2288 2
2287 2
2286 2
2285 2
2284 1
2283 2
2282 2
2281 1
2656 1
2657 1
2658 2
2659 2
2660 1
2661 1
2279 1
2278 1
2662 2
2277 1
2663 2
2664 2
2665 1
2292 1
2300 2
2299 2
2298 1
2297 1
2296 1
2295 1
2294 1
2293 1
2667 1
2668 2
2669 2
2670 2
2671 2
2672 2
2673 2
2674 2
2290 1
2675 2
2289 1
2676 2
2304 1
2303 1
2312 2
2311 1
2310 2
2309 2
2308 2
2307 1
2306 1
2678 2
2679 2
2305 1
2680 2
2681 2
2682 2
2683 2
2684 2
2685 2
2686 2
2687 2
2301 1
2316 1
2315 2
2314 2
2323 1
2322 2
2321 1
2320 2
2689 2
2319 1
2690 2
2318 2
2691 2
2317 2
2692 2
2693 2
2694 2
2695 2
2696 2
2697 2
2698 2
2328 2
2327 1
2326 2
2325 2
2334 1
2333 1
2700 2
2332 2
2331 1
2701 2
2702 2
2330 2
2329 1
2703 2
2704 2
2705 2
2706 2
2707 2
2708 2
2709 2
2711 2
2712 2
2713 2
2714 2
2715 2
2716 2
2717 2
2718 2
2719 2
2720 2
782 2
781 1
790 1
789 1
788 1
787 1
786 1
785 1
784 1
783 1
794 1
793 1
792 1
801 2
800 1
799 1
798 1
797 1
796 1
795 1
806 1
805 1
804 2
803 1
812 2
811 2
810 2
809 1
808 2
807 2
818 2
817 1
816 2
815 2
814 2
823 1
822 1
821 1
820 2
819 2
830 1
829 2
828 1
827 1
826 1
825 1
834 2
833 2
832 2
831 2
1784 2
842 1
1783 2
841 1
1782 2
840 1
1781 1
839 2
838 2
837 1
836 1
1790 2
1789 1
1788 1
1787 2
845 1
1786 2
844 1
1785 2
843 1
858 1
1796 1
854 2
1795 1
853 2
1794 1
852 2
1793 1
851 1
1792 1
850 1
849 2
848 2
847 2
1801 1
1800 1
1799 1
1798 1
856 1
1797 2
855 1
870 2
869 1
1808 2
866 2
1807 2
865 2
1806 1
864 2
1805 1
863 2
1804 1
862 2
1803 1
861 1
860 2
859 2
1812 1
1811 2
1810 1
1809 1
867 1
882 2
881 1
880 2
342 2
1820 1
878 1
1819 1
341 2
877 2
340 2
1818 2
876 2
339 2
1817 1
875 2
338 2
1816 2
874 2
1815 1
337 2
873 1
1814 1
872 2
871 2
346 1
345 1
1823 2
1822 1
344 1
343 1
1821 1
1836 2
354 1
1832 2
353 1
1831 2
889 2
352 1
1830 2
888 2
1829 1
351 1
887 2
1828 2
350 1
886 2
349 1
1827 1
885 2
348 1
1826 2
884 1
1825 2
883 2
357 1
1834 1
356 1
355 2
1833 1
370 1
1848 1
1847 2
1844 2
366 1
1843 1
365 1
1842 1
364 1
1841 1
363 1
362 2
1840 1
1839 1
361 1
360 1
1838 1
1837 2
359 2
3167 2
3168 1
3169 1
3170 1
3171 1
368 1
3172 1
1845 1
367 2
3173 1
3174 2
3175 1
3176 1
1860 2
382 2
1859 2
381 2
1858 1
378 2
1856 2
377 2
1855 1
1854 1
376 1
375 1
1853 2
374 1
1852 1
373 1
1851 2
372 1
1850 1
1849 1
371 1
3178 2
3179 2
3180 2
3181 1
3182 2
3183 2
3184 2
379 2
3185 2
3186 2
3187 2
1872 1
394 1
393 1
1871 1
1870 1
392 1
1869 1
390 1
389 1
1867 1
388 1
1866 1
387 2
1865 1
1864 1
386 1
385 2
1863 1
384 2
1862 2
1861 2
383 2
3189 2
3190 2
3191 2
3192 2
3193 1
3194 2
3195 2
3196 1
3197 2
3198 2
1884 1
406 1
1348 2
405 1
1883 2
404 1
1882 1
403 2
1881 1
1880 1
1344 1
401 1
1343 1
1878 1
400 2
1342 1
1877 1
399 2
1341 2
1876 1
398 2
1340 2
397 1
1875 1
1339 2
396 2
1874 1
3200 1
1338 2
1873 1
395 1
3201 2
1337 2
3202 1
3203 2
3204 1
3205 2
3206 1
3207 1
1346 1
3208 2
1345 1
3209 1
418 1
1360 1
417 1
1359 2
416 1
415 2
414 2
1356 1
1355 1
412 1
1354 1
411 1
1889 1
1353 1
1888 1
410 1
1352 1
409 1
1887 1
1351 1
3211 1
408 1
1886 1
1350 1
3212 1
1885 1
407 2
3213 2
1349 2
3214 2
3215 2
3216 2
3217 1
3218 2
3219 1
3220 1
1357 1
430 2
1372 2
429 1
1371 1
428 2
1370 2
427 1
426 2
425 2
1368 1
1367 2
1366 2
423 1
1365 2
422 1
3222 2
1364 1
421 2
1363 1
3223 2
420 1
3224 2
1362 1
419 1
3225 2
1361 1
3226 2
3227 2
3228 2
3229 1
3230 1
3231 2
442 2
1384 2
441 2
1383 2
440 1
1382 2
439 1
1381 1
438 2
437 2
436 1
1379 2
1378 2
3233 1
1377 1
434 2
3234 1
1376 1
433 1
3235 2
1375 2
432 1
1374 1
3236 2
431 1
3237 2
1373 2
3238 2
3239 2
3240 1
3241 1
3242 1
2338 1
1396 1
2337 1
1395 2
1394 2
1393 2
1392 2
1390 2
3244 1
3245 1
1389 1
1388 1
3246 2
445 2
3247 1
1387 1
444 1
1386 2
3248 1
443 1
3249 1
1385 2
3250 2
3251 1
3252 2
3253 1
2350 1
1408 1
2349 1
1407 1
2348 1
1406 2
1405 2
1404 2
1403 1
2346 1
2345 1
3255 2
2344 1
3256 2
2343 1
1401 1
3257 2
2342 1
3258 2
1400 1
2341 2
2723 2
1399 1
3259 2
2724 2
2340 2
1398 1
3260 1
2725 2
2339 1
1397 1
3261 1
2726 1
3262 1
2727 2
3263 1
2728 2
3264 2
2729 1
2730 1
2731 1
2732 2
2362 1
1420 2
2361 2
1419 1
2360 2
1418 2
2359 2
1417 2
1416 1
1415 1
1414 2
3266 1
2357 1
3267 2
2356 1
3268 1
2355 1
3269 1
2354 1
2734 1
1412 2
3270 2
2353 2
2735 2
1411 1
3271 2
2736 2
2352 1
1410 1
3272 2
2737 2
2351 1
3273 2
1409 1
2738 1
3274 1
2739 2
3275 2
2740 1
2741 2
2742 2
2743 2
2374 2
1432 2
2373 2
1431 2
2372 2
1430 2
2371 1
1429 2
2370 1
1428 2
1427 2
1426 2
1425 2
2368 1
2745 2
2367 1
2746 2
2366 1
2365 1
2747 2
1423 1
2748 2
2364 2
1422 1
2363 1
2749 2
1421 2
2750 2
2751 2
2752 1
2753 2
2754 2
1436 1
2386 1
1444 2
2385 2
1443 2
2384 1
1442 2
2383 2
1441 1
2382 2
1440 2
2381 2
1439 1
1438 1
1437 2
2756 2
2757 2
2379 1
2378 1
2758 2
2377 1
2759 2
2376 1
2760 2
1434 2
2761 2
2375 1
1433 2
2762 2
2763 2
2764 2
2765 2
2398 1
2397 1
2396 1
2395 2
2394 2
2393 2
2392 1
2767 2
2768 2
2769 2
2770 2
2390 1
2771 2
2389 1
2772 2
2388 1
2387 2
2773 2
1445 1
2774 2
2775 2
2776 2
2410 2
2409 2
2408 1
2407 2
2406 1
2405 1
2404 1
2403 1
2778 1
2779 1
2780 1
2781 1
2782 2
2783 1
2401 1
2784 2
2400 2
2399 2
2785 2
2786 2
2787 2
2414 1
2422 2
2421 2
2420 2
2419 1
2418 1
2417 2
2416 1
2415 1
2789 2
2790 2
2791 2
2792 1
2793 2
2794 2
2795 2
2796 2
2412 1
2797 2
2411 1
2798 2
2426 1
2425 1
2434 1
2433 1
2432 1
2431 2
2430 1
2429 1
2428 2
2800 2
2801 2
2427 2
2802 2
2803 2
2804 2
2805 2
2806 2
2807 2
2808 2
2423 1
2809 2
2438 1
2437 1
2436 2
2445 1
2444 2
2443 2
2442 2
2811 2
2441 2
2440 2
2812 2
2439 1
2813 2
2814 2
2815 2
3 2
2816 2
14 2
2817 2
25 2
2818 2
36 2
2819 2
47 2
2820 2
58 2
69 2
80 1
91 1
102 1
2822 2
2823 2
2824 2
2825 2
2826 2
114 1
2827 2
125 2
2828 2
136 1
2829 2
147 2
2830 2
158 1
2831 2
169 2
180 2
191 2
202 2
213 2
225 2
236 2
247 2
258 2
269 2
280 2
291 2
302 2
313 2
324 2
336 2
347 2
358 2
369 2
380 2
391 2
402 2
413 2
424 2
435 2
901 1
447 2
458 2
469 2
892 1
480 2
491 2
502 2
513 2
524 2
535 2
546 2
900 1
899 2
898 1
897 1
896 1
895 1
894 1
893 1
558 2
569 2
580 2
591 2
602 2
904 1
903 1
613 2
624 2
635 2
646 2
657 2
912 2
911 1
910 1
909 1
908 2
907 1
906 2
905 1
669 2
680 2
691 2
702 2
713 2
724 2
916 2
915 1
735 2
746 2
914 1
757 2
768 2
923 2
922 1
921 2
920 1
919 2
918 2
917 1
780 2
791 2
802 2
813 2
824 2
835 2
928 1
846 2
927 2
857 2
868 2
926 1
925 2
879 2
934 2
933 1
932 2
931 2
930 2
929 2
891 2
902 2
913 2
924 2
935 2
946 2
957 2
940 2
968 2
979 2
939 2
990 2
938 2
937 2
936 2
945 2
944 1
943 1
942 1
941 1
1002 2
1013 2
1024 2
1035 2
1046 2
1057 2
1068 2
1079 2
1894 1
952 2
1090 2
1893 1
1101 2
951 2
1892 1
950 2
949 1
948 2
947 2
1901 2
1900 1
1899 1
1898 1
956 2
1897 1
955 2
1896 1
954 2
1895 1
953 2
1906 2
964 1
1905 1
963 1
1904 1
962 1
1903 1
961 1
960 2
959 2
958 1
1912 2
1911 2
1910 1
1909 1
967 1
1908 1
966 1
1907 1
965 1
980 2
1918 2
976 2
1917 2
975 2
1916 1
974 2
1915 2
973 2
1914 2
972 2
971 2
970 2
969 2
1923 1
1922 1
1921 1
1920 2
978 2
1919 2
977 2
992 1
991 1
452 1
1930 1
988 2
451 1
1929 2
987 1
450 1
1928 1
986 1
1927 1
449 2
985 1
448 1
1926 2
984 1
1925 2
983 1
982 1
981 1
457 2
456 2
1934 2
1933 1
455 1
1932 1
454 1
453 2
1931 1
989 2
464 1
1942 1
1000 2
1941 1
463 1
999 2
462 1
1940 2
998 1
1939 1
461 2
997 2
460 1
1938 1
996 1
1937 1
459 2
995 2
1936 2
994 2
993 1
468 1
467 1
1945 2
466 1
1944 1
465 2
1943 1
1958 1
476 2
1954 1
1953 1
475 1
1952 1
474 1
1951 1
473 1
1950 1
472 1
1949 2
471 2
470 1
1948 2
1947 1
479 2
478 1
1956 1
1955 1
477 1
1970 1
492 2
1969 1
488 1
1966 1
1965 1
487 1
1964 2
486 2
485 1
1963 1
484 1
1962 1
483 1
1961 2
1960 1
482 2
1959 1
481 1
490 2
1967 1
489 2
1982 1
504 2
1981 2
503 1
1980 1
1978 1
500 1
1977 1
499 1
1976 1
498 1
497 1
1975 1
1974 1
496 1
495 2
1973 1
494 2
1972 1
1971 1
493 1
501 1