516 2
1994 1
1993 1
515 1
1992 1
514 1
1991 1
512 1
1989 1
511 2
510 2
1988 1
509 2
1987 1
508 1
1986 1
507 2
1985 1
1984 1
506 2
505 1
1983 1
528 1
527 1
526 2
525 2
523 2
2000 1
522 2
1999 2
521 2
1998 2
520 1
519 2
1997 2
1996 2
518 1
517 2
1995 1
540 2
539 1
538 1
537 2
536 1
534 2
533 1
532 1
531 2
530 1
529 1
552 1
551 1
550 1
549 1
548 1
547 2
545 2
544 2
543 2
542 2
541 2
2448 1
556 1
555 1
554 1
553 1
2460 1
2459 2
2456 2
2455 1
2454 1
2453 1
2452 2
2451 1
2834 2
2450 1
2835 1
2449 2
2836 1
2837 1
2838 1
2839 2
2840 2
2841 1
2842 1
2457 2
2843 1
2472 1
2471 1
2470 1
2468 1
2467 1
2466 2
2465 2
2464 2
2845 1
2463 2
2846 1
2462 2
2847 1
2461 2
2848 1
2849 1
2850 1
2851 1
2852 1
2853 1
2854 1
2484 2
2483 2
2482 2
2481 2
2479 2
2478 2
2477 2
2476 2
2856 1
2857 1
2475 2
2858 1
2474 2
2473 1
2859 1
2860 1
2861 1
2862 2
2863 2
2864 2
2865 2
2496 1
2495 1
2494 1
2493 2
2492 1
2490 1
2489 1
2867 2
2868 2
2488 2
2487 2
2869 2
2486 2
2870 2
2485 2
2871 2
2872 2
2873 2
2874 2
2875 2
2876 2
2508 2
2507 1
2506 1
2505 2
2504 2
2503 2
2878 1
2501 2
2879 2
2880 1
2500 2
2881 2
2499 1
2498 1
2882 1
2883 2
2497 1
2884 1
2885 2
2886 1
2887 1
2520 2
2519 1
2518 1
2517 1
2516 1
2515 1
2514 1
2889 1
2890 2
2891 1
2892 2
2512 2
2893 1
2511 1
2894 1
2510 2
2509 2
2895 2
2896 2
2897 2
2898 2
2530 2
2529 2
2528 2
2527 2
2526 2
2525 2
2900 2
2901 2
2902 2
2903 2
2904 2
2905 2
2523 2
2522 1
2906 2
2907 2
2521 1
2908 2
2909 2
2911 2
2912 2
2913 2
2914 2
2915 2
2916 2
2917 2
2918 2
2919 2
2920 2
2922 2
2923 2
2924 2
2925 2
2926 2
2927 2
2928 2
2929 2
2930 2
2931 2
2933 2
2934 1
2935 1
2936 1
2937 2
2938 2
2939 1
2940 1
2941 1
2942 1
2004 2
2003 2
2012 1
2011 1
2010 1
2009 2
2008 1
2007 2
2006 1
2005 2
2016 1
2015 1
2014 2
2023 1
2022 2
2021 2
2020 1
2019 2
2018 1
2017 2
2028 2
2027 2
2026 2
2025 1
2034 2
2033 2
2032 2
2031 2
2030 2
2029 2
562 2
2040 1
2039 1
561 2
2038 1
560 2
2037 2
559 2
2036 2
568 1
2045 2
567 1
2044 1
566 2
565 2
2043 1
564 1
2042 1
2041 2
563 1
2052 1
574 2
573 1
2051 1
572 2
2050 1
2049 1
571 1
570 2
2048 1
2047 1
579 1
2056 2
578 1
2055 1
577 2
2054 2
576 1
575 1
2053 2
2064 2
586 1
585 2
2063 2
2062 1
584 2
2061 2
583 2
2060 1
582 2
581 2
2059 1
2058 2
590 1
2067 1
589 1
588 2
2066 1
2065 2
587 2
2080 2
598 2
2076 1
2075 1
597 2
596 2
2074 2
595 1
2073 2
2072 2
594 1
2071 1
593 1
2070 1
592 1
2069 2
601 2
2078 1
600 2
2077 1
599 2
614 2
2092 2
2091 2
610 2
2088 1
2087 1
609 1
2086 2
608 2
2085 1
607 2
606 2
2084 1
2083 1
605 2
604 2
2082 1
2081 2
603 1
612 2
2089 1
611 2
2104 2
626 2
2103 2
625 2
2102 2
622 2
2100 2
621 2
2099 2
2098 2
620 1
619 1
2097 2
618 1
2096 2
617 2
2095 1
616 1
2094 1
2093 2
615 1
623 1
638 2
637 2
636 1
634 1
633 1
2111 2
632 2
2110 2
2109 2
631 2
630 2
2108 2
2107 2
629 1
628 2
2106 2
2105 2
627 2
650 2
649 1
648 1
647 1
645 1
644 1
643 1
642 1
641 1
640 1
639 2
662 1
661 1
660 1
659 1
658 2
656 1
655 2
654 2
653 2
652 2
651 2
667 1
666 2
665 1
664 1
663 2
2945 1
2946 2
2947 2
2948 2
2949 2
2950 2
2951 2
2952 2
2953 2
2954 2
2956 2
2957 2
2958 2
2959 1
2960 1
2961 2
2962 2
2963 2
2964 2
2965 2
1116 2
1115 2
2967 2
2968 2
2969 2
2970 1
2971 1
2972 1
2973 1
2974 1
2975 1
2976 1
1128 1
1127 1
1126 1
1124 1
1123 2
1122 1
1121 1
2978 2
1120 1
1119 2
2979 2
1118 2
2980 1
2981 2
1117 1
2982 2
2983 2
2984 2
2985 1
2986 1
2987 1
1140 1
1139 1
1138 1
1137 2
1135 2
1134 1
1133 1
2989 1
1132 1
2990 2
2991 1
1131 1
1130 2
2992 1
2993 2
1129 2
2994 1
2995 2
2996 2
2997 1
2998 2
1152 1
1151 2
1150 1
1149 1
1148 1
1146 1
3000 2
1145 2
3001 2
3002 1
1144 2
1143 2
3003 2
1142 1
3004 2
3005 2
1141 2
3006 2
3007 2
3008 2
3009 2
1164 1
1163 1
1162 1
1161 2
1160 2
1159 1
3011 2
3012 2
1157 2
3013 2
3014 2
1156 1
1155 1
3015 2
3016 1
1154 2
3017 2
1153 2
3018 1
3019 1
3020 1
1176 1
1175 1
1174 2
1173 2
1172 1
1171 2
1170 2
3022 2
3023 2
3024 1
3025 1
3026 1
1168 2
1167 1
3027 2
3028 1
1166 1
3029 1
1165 1
3030 2
3031 1
1188 1
1187 1
1186 1
1185 2
1184 1
1183 2
1182 2
3033 2
1181 1
3034 1
3035 2
3036 1
3037 1
3038 1
1179 2
3039 2
3040 2
1178 2
1177 1
3041 2
3042 2
1192 1
1200 2
1199 1
1198 1
1197 2
1196 2
1195 1
1194 1
3044 2
1193 2
3045 2
3046 2
3047 1
3048 2
3049 1
3050 1
3051 1
1190 1
3052 1
1189 2
3053 1
1204 1
1203 2
1212 2
1211 1
1210 1
1209 1
1208 1
1207 2
1206 2
1205 2
1201 2
1216 1
1215 2
1214 2
1223 1
1222 2
1221 1
1220 1
1219 2
1218 1
1217 1
2551 2
2552 2
2553 2
2554 2
2556 2
2557 2
2558 2
2559 2
2560 2
2561 2
2562 2
2563 2
2564 2
2565 2
2 2
113 2
224 2
335 2
446 2
557 2
668 2
779 2
890 2
1001 2
2567 2
2568 2
2569 2
2570 2
2571 2
2572 2
2573 2
2574 2
2575 2
2576 2
1113 2
1224 2
1335 2
1446 2
1557 2
1668 2
1779 2
1890 2
2001 2
2112 2
2578 2
2579 2
2580 2
2581 2
2582 2
2583 2
2584 2
2585 2
2586 2
2587 2
2224 2
2335 1
2446 2
2533 1
2544 1
2555 2
2566 2
2577 2
2588 1
2599 2
2589 2
2590 2
2591 2
2592 2
2593 2
2594 2
2595 2
2596 2
2597 2
2598 2
2611 2
2622 2
2633 2
2644 1
2655 1
2666 1
2677 1
2688 2
2699 2
2710 2
2123 2
2600 2
2601 2
2602 2
2603 2
2604 2
2605 2
2606 2
2114 2
2607 2
2608 2
2609 2
2122 1
2121 1
2120 1
2722 2
2119 2
2733 2
2118 1
2744 2
2117 2
2755 2
2116 2
2766 2
2115 2
2777 2
2788 2
2799 2
2810 2
2821 2
2126 2
2125 2
2134 1
2133 1
2833 2
2132 1
2844 2
2131 1
2855 2
2130 2
2866 2
2129 1
2877 1
2128 1
2888 1
2127 2
2899 2
2910 2
2921 1
2932 1
2138 1
2137 1
2136 1
2944 2
2145 1
2955 1
2144 2
2966 2
2143 2
2977 2
2142 2
2988 2
2141 2
2999 2
2140 1
3010 1
2139 1
3021 2
3032 1
3043 1
2150 1
672 1
2149 1
671 1
2148 1
670 1
2147 2
3055 1
3066 2
679 1
3077 2
678 1
2156 2
3088 1
2155 2
677 1
3099 1
676 2
2154 1
3110 1
2153 1
675 1
3121 2
674 1
2152 1
3132 1
673 1
2151 2
3143 2
3154 2
2162 2
684 2
683 1
2161 1
2160 1
682 1
2159 2
681 1
2158 1
3166 1
3177 2
3188 2
3199 2
690 1
3210 2
689 1
2167 1
3221 2
688 2
2166 1
3232 2
2165 2
687 2
3243 2
686 2
2164 2
3254 2
685 2
2163 2
3265 2
2174 2
696 1
695 1
2173 1
2172 2
694 1
2171 2
693 1
2170 2
692 1
2169 1
701 1
700 2
2178 1
699 2
2177 1
2176 2
698 2
697 2
2175 2
2186 1
708 1
2185 2
707 1
706 1
2184 1
2183 1
705 1
704 2
2182 1
703 2
2181 1
2180 2
712 1
711 1
2189 2
710 1
2188 2
2187 1
709 1
2202 1
720 1
2198 2
719 1
2197 2
2196 1
718 1
717 1
2195 2
716 1
2194 1
715 1
2193 1
2192 1
714 1
2191 2
723 2
722 2
2200 2
721 2
2199 1
736 2
2214 1
2213 2
1674 2
732 1
2210 2
1673 1
2209 2
731 2
1672 2
730 1
2208 2
1671 1
729 1
2207 2
1670 2
728 1
2206 2
2205 2
727 2
2204 2
726 2
725 2
2203 2
1679 1
1678 2
1677 1
1676 2
734 2
1675 1
2211 2
733 2
748 2
747 2
1686 2
744 2
2222 1
1685 1
2221 1
743 2
1684 2
742 2
2220 1
1683 1
741 1
2219 1
1682 1
740 2
2218 1
1681 1
2217 1
739 2
738 2
2216 2
737 2
2215 1
1690 1
1689 2
1688 2
1687 2
745 1
760 2
759 2
758 2
1698 2
756 2
1697 2
755 2
1696 2
754 2
1695 1
753 2
1694 1
752 1
1693 2
751 2
1692 1
750 2
749 2
1701 2
1700 2
1699 2
1714 1
772 1
771 2
770 1
769 1
232 2
1710 1
1709 2
231 2
767 2
230 1
1708 1
766 1
1707 1
229 1
765 1
1706 2
228 1
764 1
227 2
1705 1
763 2
1704 1
226 2
762 2
1703 2
761 1
235 2
1712 2
234 1
233 2
1711 1
248 2
1726 2
1725 2
244 1
1722 2
1721 1
243 1
242 1
1720 2
778 1
241 2
1719 1
777 2
240 1
1718 1
776 1
239 2
1717 1
775 2
1716 1
238 2
774 2
1715 1
237 2
773 1
246 1
1723 2
245 2
1738 1
260 1
259 1
1737 2
1736 2
256 1
1734 1
255 1
1733 2
254 1
1732 2
1731 2
253 2
252 2
1730 2
251 2
1729 2
1728 2
250 1
1727 2
249 1
3056 2
3057 1
3058 1
3059 2
3060 1
3061 1
3062 2
257 2
3063 2
3064 2
3065 1
272 2
1750 2
1749 1
271 1
1748 2
270 1
1747 1
268 1
1745 1
267 1
266 1
1744 2
265 1
1743 1
1742 2
264 1
263 1
1741 1
262 1
1740 2
1739 2
261 1
3067 1
3068 2
3069 2
3070 1
3071 2
3072 1
3073 2
3074 2
3075 2
3076 1
1762 1
284 2
1226 2
1761 2
283 2
1760 2
282 2
1759 2
281 2
1758 1
279 1
278 2
1756 2
277 2
1755 1
1754 2
276 2
1753 1
275 2
1752 2
274 2
3078 2
273 1
1751 1
3079 2
3080 1
3081 2
3082 2
3083 2
3084 1
3085 2
3086 2
3087 2
1774 1
296 1
1238 1
295 1
1773 2
1237 1
294 2
1772 1
1771 1
293 2
1770 1
292 2
1769 1
1234 1
1233 2
290 1
1232 1
289 2
1767 1
1231 2
288 2
1766 1
1230 1
287 1
1765 1
3089 2
1229 1
1764 2
286 2
3090 2
1228 2
1763 1
285 2
1227 2
3091 2
3092 2
3093 1
3094 2
3095 1
3096 2
3097 2
3098 2
1235 2
308 1
1250 2
307 1
1249 2
306 1
1248 1
305 1
304 1
303 2
1246 1
1245 1
1244 1
301 2
1243 1
300 1
1778 1
3100 2
1242 2
1777 2
299 2
1241 1
3101 1
1776 1
298 2
3102 1
1240 2
297 1
1775 1
3103 1
1239 2
3104 2
3105 1
3106 1
3107 1
3108 2
3109 2
320 1
1262 1
319 2
1261 2
318 1
1260 2
317 1
1259 2
316 2
315 2
314 1
1257 2
1256 2
3111 2
1255 2
312 1
1254 2
3112 1
311 1
1253 2
3113 1
310 1
1252 1
3114 1
309 1
3115 2
1251 1
3116 1
3117 1
3118 1
3119 1
3120 1
332 1
1274 1
331 1
1273 2
330 1
1272 2
329 2
1271 1
328 2
1270 1
327 1
326 2
325 1
3122 1
1268 1
3123 1
1267 2
3124 1
1266 1
323 1
3125 2
1265 1
322 1
1264 1
3126 2
321 1
1263 1
3127 1
3128 2
3129 1
3130 1
3131 2
2228 1
1286 2
2227 1
1285 1
2226 2
1284 1
1283 2
1282 2
1281 2
3133 1
3134 2
3135 2
1279 2
1278 2
3136 2
1277 2
3137 1
334 2
1276 2
3138 2
333 2
3139 2
1275 2
3140 2
3141 2
3142 1
2240 1
1298 1
2239 2
1297 1
2238 2
1296 1
2237 2
1295 2
1294 1
1293 1
1292 1
3144 1
2235 2
3145 2
2234 1
3146 1
2233 2
3147 1
2612 2
2232 1
3148 2
1290 2
2613 2
2231 1
1289 1
3149 2
2230 1
2614 2
1288 2
3150 2
2615 2
2229 1
1287 1
3151 1
2616 2
3152 1
2617 2
3153 1
2618 2
2619 2
2620 2
2621 2
2252 2
1310 1
2251 2
1309 2
2250 2
1308 1
2249 1
1307 1
2248 2
1306 1
1305 2
1304 1
1303 1
3155 2
3156 2
3157 2
2246 2
3158 2
2623 2
2245 1
3159 2
2624 2
2244 1
3160 1
2243 1
2625 2
3161 2
1301 1
2242 1
2626 2
3162 1
1300 1
2241 2
2627 2
3163 1
1299 1
2628 2
3164 2
2629 2
2630 2
2631 2
2632 2
1314 1
2264 1
1322 1
2263 1
1321 1
2262 2
1320 2
2261 1
1319 1
2260 2
1318 1
2259 2
1317 1
1316 1
1315 1
2634 2
2635 2
2257 2
2256 2
2636 2
2637 2
2255 2
2638 2
2254 2
1312 1
2253 2
2639 1
1311 1
2640 1
2641 1
2642 2
2643 2
1326 1
1325 1
2276 2
1334 2
2275 1
1333 2
2274 1
1332 2
2273 1
1331 1
2272 1
1330 2
2271 2
1329 2
2270 1
1328 2
1327 1
2645 2
2646 2
2647 2
2268 2
2648 1
2267 2
2649 2
2266 2
2650 2
2265 1
2651 2
1323 1
2652 1
2653 2
2654 1
2288 2
2287 2
2286 2
2285 2
2284 1
2283 2
2282 2
2281 1
2656 1
2657 1
2658 2
2659 2
2660 1
2661 1
2279 1
2278 1
2662 2
2277 1
2663 2
2664 2
2665 1
2292 1
2300 2
2299 2
2298 1
2297 1
2296 1
2295 1
2294 1
2293 1
2667 1
2668 2
2669 2
2670 2
2671 2
2672 2
2673 2
2674 2
2290 1
2675 2
2289 1
2676 2
2304 1
2303 1
2312 2
2311 1
2310 2
2309 2
2308 2
2307 1
2306 1
2678 2
2679 2
2305 1
2680 2
2681 2
2682 2
2683 2
2684 2
2685 2
2686 2
2687 2
2301 1
2316 1
2315 2
2314 2
2323 1
2322 2
2321 1
2320 2
2689 2
2319 1
2690 2
2318 2
2691 2
2317 2
2692 2
2693 2
2694 2
2695 2
2696 2
2697 2
2698 2
2328 2
2327 1
2326 2
2325 2
2334 1
2333 1
2700 2
2332 2
2331 1
2701 2
2702 2
2330 2
2329 1
2703 2
2704 2
2705 2
2706 2
2707 2
2708 2
2709 2
2711 2
2712 2
2713 2
2714 2
2715 2
2716 2
2717 2
2718 2
2719 2
2720 2
782 2
781 1
790 1
789 1
788 1
787 1
786 1
785 1
784 1
783 1
794 1
793 1
792 1
801 2
800 1
799 1
798 1
797 1
796 1
795 1
806 1
805 1
804 2
803 1
812 2
811 2
810 2
809 1
808 2
807 2
818 2
817 1
816 2
815 2
814 2
823 1
822 1
821 1
820 2
819 2
830 1
829 2
828 1
827 1
826 1
825 1
834 2
833 2
832 2
831 2
1784 2
842 1
1783 2
841 1
1782 2
840 1
1781 1
839 2
838 2
837 1
836 1
1790 2
1789 1
1788 1
1787 2
845 1
1786 2
844 1
1785 2
843 1
858 1
1796 1
854 2
1795 1
853 2
1794 1
852 2
1793 1
851 1
1792 1
850 1
849 2
848 2
847 2
1801 1
1800 1
1799 1
1798 1
856 1
1797 2
855 1
870 2
869 1
1808 2
866 2
1807 2
865 2
1806 1
864 2
1805 1
863 2
1804 1
862 2
1803 1
861 1
860 2
859 2
1812 1
1811 2
1810 1
1809 1
867 1
882 2
881 1
880 2
342 2
1820 1
878 1
1819 1
341 2
877 2
340 2
1818 2
876 2
339 2
1817 1
875 2
338 2
1816 2
874 2
1815 1
337 2
873 1
1814 1
872 2
871 2
346 1
345 1
1823 2
1822 1
344 1
343 1
1821 1
1836 2
354 1
1832 2
353 1
1831 2
889 2
352 1
1830 2
888 2
1829 1
351 1
887 2
1828 2
350 1
886 2
349 1
1827 1
885 2
348 1
1826 2
884 1
1825 2
883 2
357 1
1834 1
356 1
355 2
1833 1
370 1
1848 1
1847 2
1844 2
366 1
1843 1
365 1
1842 1
364 1
1841 1
363 1
362 2
1840 1
1839 1
361 1
360 1
1838 1
1837 2
359 2
3167 2
3168 1
3169 1
3170 1
3171 1
368 1
3172 1
1845 1
367 2
3173 1
3174 2
3175 1
3176 1
1860 2
382 2
1859 2
381 2
1858 1
378 2
1856 2
377 2
1855 1
1854 1
376 1
375 1
1853 2
374 1
1852 1
373 1
1851 2
372 1
1850 1
1849 1
371 1
3178 2
3179 2
3180 2
3181 1
3182 2
3183 2
3184 2
379 2
3185 2
3186 2
3187 2
1872 1
394 1
393 1
1871 1
1870 1
392 1
1869 1
390 1
389 1
1867 1
388 1
1866 1
387 2
1865 1
1864 1
386 1
385 2
1863 1
384 2
1862 2
1861 2
383 2
3189 2
3190 2
3191 2
3192 2
3193 1
3194 2
3195 2
3196 1
3197 2
3198 2
1884 1
406 1
1348 2
405 1
1883 2
404 1
1882 1
403 2
1881 1
1880 1
1344 1
401 1
1343 1
1878 1
400 2
1342 1
1877 1
399 2
1341 2
1876 1
398 2
1340 2
397 1
1875 1
1339 2
396 2
1874 1
3200 1
1338 2
1873 1
395 1
3201 2
1337 2
3202 1
3203 2
3204 1
3205 2
3206 1
3207 1
1346 1
3208 2
1345 1
3209 1
418 1
1360 1
417 1
1359 2
416 1
415 2
414 2
1356 1
1355 1
412 1
1354 1
411 1
1889 1
1353 1
1888 1
410 1
1352 1
409 1
1887 1
1351 1
3211 1
408 1
1886 1
1350 1
3212 1
1885 1
407 2
3213 2
1349 2
3214 2
3215 2
3216 2
3217 1
3218 2
3219 1
3220 1
1357 1
430 2
1372 2
429 1
1371 1
428 2
1370 2
427 1
426 2
425 2
1368 1
1367 2
1366 2
423 1
1365 2
422 1
3222 2
1364 1
421 2
1363 1
3223 2
420 1
3224 2
1362 1
419 1
3225 2
1361 1
3226 2
3227 2
3228 2
3229 1
3230 1
3231 2
442 2
1384 2
441 2
1383 2
440 1
1382 2
439 1
1381 1
438 2
437 2
436 1
1379 2
1378 2
3233 1
1377 1
434 2
3234 1
1376 1
433 1
3235 2
1375 2
432 1
1374 1
3236 2
431 1
3237 2
1373 2
3238 2
3239 2
3240 1
3241 1
3242 1
2338 1
1396 1
2337 1
1395 2
1394 2
1393 2
1392 2
1390 2
3244 1
3245 1
1389 1
1388 1
3246 2
445 2
3247 1
1387 1
444 1
1386 2
3248 1
443 1
3249 1
1385 2
3250 2
3251 1
3252 2
3253 1
2350 1
1408 1
2349 1
1407 1
2348 1
1406 2
1405 2
1404 2
1403 1
2346 1
2345 1
3255 2
2344 1
3256 2
2343 1
1401 1
3257 2
2342 1
3258 2
1400 1
2341 2
2723 2
1399 1
3259 2
2724 2
2340 2
1398 1
3260 1
2725 2
2339 1
1397 1
3261 1
2726 1
3262 1
2727 2
3263 1
2728 2
3264 2
2729 1
2730 1
2731 1
2732 2
2362 1
1420 2
2361 2
1419 1
2360 2
1418 2
2359 2
1417 2
1416 1
1415 1
1414 2
3266 1
2357 1
3267 2
2356 1
3268 1
2355 1
3269 1
2354 1
2734 1
1412 2
3270 2
2353 2
2735 2
1411 1
3271 2
2736 2
2352 1
1410 1
3272 2
2737 2
2351 1
3273 2
1409 1
2738 1
3274 1
2739 2
3275 2
2740 1
2741 2
2742 2
2743 2
2374 2
1432 2
2373 2
1431 2
2372 2
1430 2
2371 1
1429 2
2370 1
1428 2
1427 2
1426 2
1425 2
2368 1
2745 2
2367 1
2746 2
2366 1
2365 1
2747 2
1423 1
2748 2
2364 2
1422 1
2363 1
2749 2
1421 2
2750 2
2751 2
2752 1
2753 2
2754 2
1436 1
2386 1
1444 2
2385 2
1443 2
2384 1
1442 2
2383 2
1441 1
2382 2
1440 2
2381 2
1439 1
1438 1
1437 2
2756 2
2757 2
2379 1
2378 1
2758 2
2377 1
2759 2
2376 1
2760 2
1434 2
2761 2
2375 1
1433 2
2762 2
2763 2
2764 2
2765 2
2398 1
2397 1
2396 1
2395 2
2394 2
2393 2
2392 1
2767 2
2768 2
2769 2
2770 2
2390 1
2771 2
2389 1
2772 2
2388 1
2387 2
2773 2
1445 1
2774 2
2775 2
2776 2
2410 2
2409 2
2408 1
2407 2
2406 1
2405 1
2404 1
2403 1
2778 1
2779 1
2780 1
2781 1
2782 2
2783 1
2401 1
2784 2
2400 2
2399 2
2785 2
2786 2
2787 2
2414 1
2422 2
2421 2
2420 2
2419 1
2418 1
2417 2
2416 1
2415 1
2789 2
2790 2
2791 2
2792 1
2793 2
2794 2
2795 2
2796 2
2412 1
2797 2
2411 1
2798 2
2426 1
2425 1
2434 1
2433 1
2432 1
2431 2
2430 1
2429 1
2428 2
2800 2
2801 2
2427 2
2802 2
2803 2
2804 2
2805 2
2806 2
2807 2
2808 2
2423 1
2809 2
2438 1
2437 1
2436 2
2445 1
2444 2
2443 2
2442 2
2811 2
2441 2
2440 2
2812 2
2439 1
2813 2
2814 2
2815 2
3 2
2816 2
14 2
2817 2
25 2
2818 2
36 2
2819 2
47 2
2820 2
58 2
69 2
80 1
91 1
102 1
2822 2
2823 2
2824 2
2825 2
2826 2
114 1
2827 2
125 2
2828 2
136 1
2829 2
147 2
2830 2
158 1
2831 2
169 2
180 2
191 2
202 2
213 2
225 2
236 2
247 2
258 2
269 2
280 2
291 2
302 2
313 2
324 2
336 2
347 2
358 2
369 2
380 2
391 2
402 2
413 2
424 2
435 2
901 1
447 2
458 2
469 2
892 1
480 2
491 2
502 2
513 2
524 2
535 2
546 2
900 1
899 2
898 1
897 1
896 1
895 1
894 1
893 1
558 2
569 2
580 2
591 2
602 2
904 1
903 1
613 2
624 2
635 2
646 2
657 2
912 2
911 1
910 1
909 1
908 2
907 1
906 2
905 1
669 2
680 2
691 2
702 2
713 2
724 2
916 2
915 1
735 2
746 2
914 1
757 2
768 2
923 2
922 1
921 2
920 1
919 2
918 2
917 1
780 2
791 2
802 2
813 2
824 2
835 2
928 1
846 2
927 2
857 2
868 2
926 1
925 2
879 2
934 2
933 1
932 2
931 2
930 2
929 2
891 2
902 2
913 2
924 2
935 2
946 2
957 2
940 2
968 2
979 2
939 2
990 2
938 2
937 2
936 2
945 2
944 1
943 1
942 1
941 1
1002 2
1013 2
1024 2
1035 2
1046 2
1057 2
1068 2
1079 2
1894 1
952 2
1090 2
1893 1
1101 2
951 2
1892 1
950 2
949 1
948 2
947 2
1901 2
1900 1
1899 1
1898 1
956 2
1897 1
955 2
1896 1
954 2
1895 1
953 2
1906 2
964 1
1905 1
963 1
1904 1
962 1
1903 1
961 1
960 2
959 2
958 1
1912 2
1911 2
1910 1
1909 1
967 1
1908 1
966 1
1907 1
965 1
980 2
1918 2
976 2
1917 2
975 2
1916 1
974 2
1915 2
973 2
1914 2
972 2
971 2
970 2
969 2
1923 1
1922 1
1921 1
1920 2
978 2
1919 2
977 2
992 1
991 1
452 1
1930 1
988 2
451 1
1929 2
987 1
450 1
1928 1
986 1
1927 1
449 2
985 1
448 1
1926 2
984 1
1925 2
983 1
982 1
981 1
457 2
456 2
1934 2
1933 1
455 1
1932 1
454 1
453 2
1931 1
989 2
464 1
1942 1
1000 2
1941 1
463 1
999 2
462 1
1940 2
998 1
1939 1
461 2
997 2
460 1
1938 1
996 1
1937 1
459 2
995 2
1936 2
994 2
993 1
468 1
467 1
1945 2
466 1
1944 1
465 2
1943 1
1958 1
476 2
1954 1
1953 1
475 1
1952 1
474 1
1951 1
473 1
1950 1
472 1
1949 2
471 2
470 1
1948 2
1947 1
479 2
478 1
1956 1
1955 1
477 1
1970 1
492 2
1969 1
488 1
1966 1
1965 1
487 1
1964 2
486 2
485 1
1963 1
484 1
1962 1
483 1
1961 2
1960 1
482 2
1959 1
481 1
490 2
1967 1
489 2
1982 1
504 2
1981 2
503 1
1980 1
1978 1
500 1
1977 1
499 1
1976 1
498 1
497 1
1975 1
1974 1
496 1
495 2
1973 1
494 2
1972 1
1971 1
493 1
501 1