1787 2
2233 2
1337 2
1402 1
2215 1
899 2
1457 2
888 1
209 2
210 2
1229 2
2160 1
1472 1
569 2
621 1
2226 2
255 2
1389 2
1153 2
2187 1
2865 2
1823 1
2295 1
2778 1
1315 1
2303 2
1161 1
1408 2
2926 2
851 1
2697 1
3253 1
600 2
2541 1
609 1
1162 1
3254 1
2624 2
604 1
1526 2
1458 2
824 2
2777 1
1505 1
2424 1
2965 2
292 2
1018 1
884 2
211 2
380 2
35 2
315 2
2791 1
2428 1
1354 2
163 2
1523 2
2974 2
501 2
737 1
709 2
853 1
2201 2
850 2
2875 1
164 2
3066 1
689 2
984 2
1826 1
1104 1
3269 2
3031 2
1885 1
1790 2
3184 1
3030 2
2935 1
997 2
1131 2
1726 1
121 2
473 2
980 2
2983 2
2837 1
1029 1
3005 1
212 2
1317 2
1565 2
2099 1
2758 1
973 1
1210 2
1779 1
2274 2
2175 1
2205 1
584 2
85 1
53 2
2493 1
1924 1
1893 2
1745 1
2506 2
166 2
70 2
996 2
295 2
144 2
922 2
2127 2
556 2
1762 2
215 2
2552 2
213 2
214 2
619 1
601 1
489 2
1907 2
1911 2
2212 1
1806 1
3240 1
39 2
815 1
40 2
186 2
1917 1
1516 1
1154 2
2400 2
1657 1
50 2
950 2
409 2
1099 1
671 2
1455 1
165 2
2090 2
2089 2
741 2
941 1
1686 1
3187 1
1012 2
2112 2
2573 2
1325 1
300 2
1168 1
84 1
577 2
1167 1
1728 2
2190 1
1211 2
2425 2
1856 2
435 2
2433 1
3232 2
487 2
3250 2
837 2
1224 2
1889 2
2422 1
2944 2
1008 2
2068 2
1474 1
31 1
2189 1
348 2
3161 1
2317 2
862 1
878 2
309 2
555 1
2003 2
2639 2
2308 2
1536 2
2350 2
1266 2
2216 1
3097 2
1009 1
510 1
1165 2
833 2
2998 1
1212 2
2106 1
3148 1
2580 1
879 1
45 1
1387 1
576 2
238 2
1346 2
663 2
3049 1
1941 2
1430 1
2874 1
2101 2
1369 1
286 1
1462 2
445 1
1524 2
2931 1
736 2
1022 1
2007 1
1038 2
459 2
1757 1
3154 1
2025 1
2596 1
698 1
2674 2
2736 1
2100 2
1048 1
766 2
360 2
867 1
1380 2
974 1
598 2
1242 2
1718 1
1241 1
2318 1
2725 2
3135 1
624 1
2838 1
25 2
26 2
2266 1
27 2
174 2
268 2
2466 2
1385 2
2088 1
436 2
420 2
2138 2
2644 1
33 1
806 2
1395 2
1164 2
2666 2
1818 1
848 2
17 2
568 2
1817 1
3273 2
3274 2
2883 1
1596 1
470 2
3195 2
3180 1
821 2
2260 1
2472 1
1297 1
281 2
678 2
1972 1
301 2
675 2
677 2
676 2
2344 1
3134 2
2130 2
107 1
962 2
3021 1
2542 1
1920 2
1812 1
371 2
1690 1
265 2
83 1
1107 1
3183 2
679 2
3249 2
2608 1
2856 2
3235 2
1045 1
1731 2
674 2
3157 2
623 1
276 2
636 2
2595 1
1141 1
2162 1
2785 1
387 2
2812 1
801 1
1081 1
1658 2
12 2