1400 1
1218 2
1323 2
914 2
1302 2
2654 1
2993 2
2653 1
1967 1
2394 2
2527 2
1579 1
1580 1
193 2
1307 1
2574 1
1833 1
1257 2
1436 1
2827 2
1145 1
3121 2
536 2
1217 1
1122 1
384 2
1093 2
3222 1
830 2
2294 2
661 2
1381 2
1052 1
580 2
1259 1
3156 1
863 2
486 2
2022 1
3095 2
1422 1
1047 2
2999 1
1423 1
2977 2
2671 2
2798 2
2488 1
2307 2
647 2
1512 2
1205 2
187 2
3057 2
1206 2
314 2
2270 2
112 1
2543 1
3158 2
1417 1
2388 2
2606 2
2790 1
275 1
1016 2
218 2
287 2
141 2
909 1
2035 2
999 2
1374 1
405 2
219 2
1916 1
2033 2
1736 2
3048 1
2164 1
1732 2
2825 2
2826 2
317 2
2614 1
975 1
1824 2
462 2
1000 2
3160 1
1496 1
662 2
3053 1
2439 2
1010 1
2093 1
1879 2
655 1
382 2
383 2
1223 2
2019 2
2943 1
3010 2
2659 1
206 2
417 2
3009 2
2475 1
1364 2
725 1
2131 2
1376 1
2248 1
80 1
189 2
781 1
1085 1
2533 2
2084 2
311 2
2914 1
632 2
603 1
2161 1
873 2
2316 1
1801 1
2729 1
2727 1
2730 2
2503 1
759 2
1867 1
2959 1
961 1
492 2
1601 1
1096 1
1021 1
2132 2
2681 1
612 1
1151 1
2840 1
2225 1
1182 2
2224 1
2605 2
1231 1
3239 1
1952 1
2315 2
290 2
1543 2
2311 2
2336 2
3054 2
381 2
262 2
754 2
284 2
438 2
1631 2
1839 2
1719 2
2712 1
1426 2
2309 1
316 2
2435 2
634 2
344 1
2869 1
1386 1
10 2
1185 1
2357 2
1089 2
2544 1
1152 1
2358 1
2698 1
1618 1
2877 1
1758 1
1063 1
1915 1
1813 2
918 2
374 2
2464 1
1976 2
373 2
640 1
2157 2
3139 1
3082 1
2256 1
2800 2
1977 1
2899 2
2945 2
248 2
1023 1
340 1
988 1
2087 1
2186 2
1809 1
1510 2
702 2
2834 1
1667 2
3117 1
365 2
3244 1
1914 2
367 2
2823 2
910 2
2857 2
2369 1
1035 1
3078 1
3079 2
3081 2
3080 2
1894 2
2950 1
2121 2
419 2
690 2
795 1
2668 1
1925 1
1769 1
1197 2
506 1
2416 2
541 2
1432 1
2165 1
1105 1
613 1
1495 1
1273 1
1996 2
1617 2
531 2
1848 1
2927 2
1711 1
3013 1
1272 1
2263 2
1276 1
927 1
2878 1
1335 1
2756 1
1336 1
731 2
1785 2
2529 2
1810 1
2299 1
764 2
3266 2
2530 2
1990 2
720 2
2086 1
328 2
2125 2
1334 1
1934 2
3275 2
3111 1
544 2
615 1
2612 1
717 2
1470 2
2939 2
1332 1
586 2
1333 1
588 2
587 2
1076 2
2803 1
2904 1
2797 2
1970 2
1586 2
2540 1
2601 2
1971 1
2713 2
2873 1
1070 1
410 2
431 2
2498 2
1330 1
548 2
1331 1
1274 1
1604 1
3201 2
929 2
2020 2
3243 1
1329 1
98 2
3073 1
774 1
2928 2
1969 1
2796 2
1420 1
225 2
869 2
2227 2
1968 2
803 2