1566 2
3096 1
854 2
426 1
1362 1
1101 1
2419 2
2064 2
952 2
524 2
3234 2
2139 1
2140 1
1195 1
2627 1
2952 2
1999 2
2339 2
3094 1
2000 2
1777 2
2966 1
114 1
3190 2
2905 2
2833 1
2292 1
802 1
1365 1
2192 1
1756 1
249 2
197 2
198 2
2907 1
3045 1
699 1
3000 2
1754 1
2906 1
2002 1
2077 1
1531 1
2963 1
1770 1
1020 2
2962 1
724 1
389 2
2630 1
308 2
2250 2
1870 2
957 1
2978 1
2819 1
2990 2
397 2
2298 2
2170 1
757 2
1620 1
843 1
390 2
3123 1
392 2
2470 2
491 2
842 1
1140 2
391 2
400 2
1896 2
291 2
490 2
264 2
1538 2
274 2
2626 1
2279 1
614 1
2386 1
1183 1
159 2
2102 2
1844 2
1313 1
793 1
59 2
1789 1
1312 1
1113 2
2625 2
1184 1
1742 1
2839 2
366 2
2412 2
2563 2
2724 2
1811 1
2521 2
1614 2
2082 2
778 2
2936 1
1825 2
3189 1
2053 2
402 2
2767 1
146 2
2223 1
1821 1
1341 2
58 2
1342 2
686 2
1797 2
2768 1
1439 2
2769 1
372 2
1228 1
1863 1
1271 1
199 2
703 2
1938 2
1132 2
1989 1
1343 2
2434 1
744 2
2027 2
2772 1
502 2
3238 1
2092 1
2481 1
1535 2
2577 2
730 2
2715 1
2476 1
579 2
591 2
1028 2
1503 2
2771 1
1483 1
3020 2
2746 1
2253 2
77 2
3205 1
76 1
987 1
2094 1
1763 1
425 1
424 2
230 2
423 2
231 2
2081 1
3220 1
2953 2
1571 2
1377 2
2801 2
1155 1
75 2
1997 2
282 1
2665 1
2693 2
955 2
279 2
2672 2
685 2
1324 1
1773 1
368 2
627 2
3262 1
217 2
2703 1
3141 2
2110 1
229 2
1598 2
1864 1
460 2
616 1
2054 2
2643 2
1456 2
2480 2
2702 1
2888 2
2876 2
2367 1
3162 1
115 2
3229 2
1116 1
3228 2
2381 1
2109 2
763 2
3227 2
3212 2
364 2
3226 2
3225 2
3256 2
1202 1
2167 1
2395 2
2932 1
1244 2
3060 1
2134 1
64 1
3086 2
761 2
1252 2
1384 1
3230 2
241 2
1558 2
1909 1
2548 2
828 2
323 2
228 2
1319 1
1827 2
1699 1
2572 1
1714 1
2346 2
1463 2
2903 2
1569 1
3033 2
1693 1
42 2
2995 1
1694 1
1603 1
1181 2
1068 1
404 2
446 2
394 2
885 2
227 2
116 2
838 2
1119 1
414 2
451 2
177 2
2028 2
1149 1
2997 1
745 1
3223 1
2726 2
1901 2
1367 1
1835 2
178 2
179 2
2864 2
2066 1
377 2
667 2
3056 2
618 1
3055 2
1822 2
143 2
3255 2
1109 2
523 2
858 1
1800 1
762 2
142 2
310 2
2632 2
2908 1
1609 1
727 1
149 2
2579 2
150 2
151 2
152 2
57 2
2016 1
322 2
1652 2
2405 1
820 2
753 2
3012 2
1887 1
3011 2
626 2
2063 1
2947 2
2290 1
2065 1
1615 2
2658 2
819 1
1084 1
777 1
117 2
2181 1
1410 2
1247 2
1248 2
1284 1