3104 2
2814 1
582 2
2117 1
2610 1
721 2
2163 2
2793 1
1328 2
2536 2
2641 2
2502 2
173 2
2169 1
3267 1
293 2
388 2
2708 1
2465 2
859 1
1623 1
2338 2
1622 1
635 2
1759 1
3260 1
1630 2
1127 1
1621 1
631 2
1137 1
468 2
1561 2
810 1
467 2
466 2
1435 2
527 1
2581 2
2817 2
2418 1
1881 1
2589 1
718 2
1170 1
1892 1
2505 1
1305 2
3216 2
934 1
338 1
1306 1
1740 1
1421 2
145 2
2985 2
464 2
2664 2
465 2
897 1
1148 1
1042 1
1233 1
1092 2
2058 2
856 1
1499 1
378 2
1951 2
946 1
3004 1
1459 1
2948 1
2984 2
1091 1
2804 2
1174 1
2822 2
760 2
1529 1
1282 2
2200 2
497 2
3015 1
1250 2
2459 2
472 2
1235 1
912 2
2860 2
2377 1
1431 2
1067 1
2547 1
3193 1
2095 2
2393 2
1928 1
1428 1
2859 1
2401 1
2487 2
2901 2
875 2
1473 1
408 2
437 1
3143 1
1554 1
2755 1
498 2
898 1
2193 2
2194 2
672 2
924 1
2017 1
3242 1
62 2
3059 1
2018 1
2858 1
2069 1
2700 1
3270 2
2942 1
2940 1
585 2
2351 2
1786 2
2238 2
1041 1
3179 1
118 2
269 2
1993 1
1691 1
2172 2
505 2
1713 1
1452 1
183 2
302 2
2184 1
2652 1
1128 2
2408 1
1953 2
1834 2
1919 1
871 2
923 2
2306 1
3163 1
2680 1
3271 2
176 2
2679 1
2471 1
1974 1
2208 1
3207 1
1077 1
2414 2
2484 2
930 1
2734 2
2264 1
2483 2
3064 1
1289 1
2545 1
2188 1
2450 2
97 2
1662 2
1166 1
3063 1
1050 1
3085 1
2329 1
2882 2
2261 2
2988 2
958 1
3217 2
1654 1
1230 1
2262 2
2473 1
1803 1
2231 1
2137 1
1398 1
1407 1
1355 1
155 2
119 2
461 2
646 1
2824 2
886 2
3129 1
2757 1
202 2
1545 2
2179 1
1544 2
557 2
1434 1
1059 2
1227 1
3142 2
261 2
1685 2
2685 1
945 2
581 2
478 2
2937 1
480 2
1392 2
479 2
1651 2
483 2
2128 2
1514 2
1080 1
482 2
1705 1
481 2
861 1
2522 1
751 2
2989 2
2525 2
539 2
926 2
1929 1
1692 2
2206 1
1308 1
2886 2
2631 1
2855 2
1322 1
1351 1
629 2
630 2
1110 1
1659 2
1541 2
1849 2
2479 2
1877 2
2085 1
1829 2
3014 2
398 2
2385 1
2620 1
1715 1
369 2
2714 1
1933 1
605 2
1744 2
1169 1
517 2
2447 2
935 2
2677 1
1433 1
940 1
1321 1
1926 1
1793 2
370 2
1582 1
2185 1
171 2
1416 2
3137 1
1712 1
2642 1
2010 1
1191 1
2571 2
965 2
1940 1
668 2
131 2
1277 1
2075 2
521 2
1814 1
3018 1
1296 1
513 2
421 2
2420 1
1163 2
2813 2
2913 1
1443 2
3084 2
3100 1
30 2
1869 1
1444 1
1204 1
1963 1
2887 2
385 2
407 2
2526 2
41 2
3115 2
2343 1
1054 2
3092 1
1027 1
1494 1
266 2
2923 1
1702 1
1304 2
196 2