3128 1
243 2
562 2
931 2
2120 1
2684 1
2683 1
1957 2
1958 2
1959 2
1075 1
245 2
246 2
889 1
244 2
2920 1
3151 2
566 2
1791 1
2566 2
2286 2
1061 1
1955 1
2941 2
758 2
242 2
2096 1
1956 2
2415 2
2337 2
1655 1
154 2
971 1
2461 1
399 2
2141 1
943 2
835 2
528 2
1613 2
972 2
1783 2
1966 1
2602 2
982 2
775 2
2844 1
1802 1
2843 1
2507 1
2508 2
776 1
2770 1
2509 1
1509 1
567 2
1597 1
406 2
2841 1
2842 1
277 1
1213 1
1179 2
3032 1
3041 2
1401 2
798 1
1345 1
1847 1
564 2
82 2
1720 1
936 1
2532 1
1539 2
2203 2
755 2
752 1
706 2
822 1
1347 1
3042 1
1904 2
1461 1
3247 1
1143 2
1046 1
3126 1
2781 2
2331 1
1695 2
1359 1
1985 1
2549 2
2597 1
2565 1
1086 1
2191 1
2749 2
2588 1
1674 2
2585 1
1675 1
330 2
1189 2
1902 1
1846 1
1749 2
638 2
79 1
2281 2
1478 1
93 2
2282 2
1258 2
2762 1
907 2
120 2
2364 1
1095 1
2098 2
3165 1
1361 1
2376 1
2280 2
2445 1
1973 1
1828 1
1710 1
1511 1
1998 2
664 2
307 2
983 2
1559 1
66 2
2455 2
2091 2
1560 2
3035 1
804 1
44 1
207 2
535 2
1888 2
2815 2
2451 2
2310 1
708 2
1044 1
1568 1
2335 2
947 2
3173 2
518 2
2969 2
3077 2
2199 2
2811 1
707 2
2330 2
2050 2
545 2
1978 2
3113 1
1327 1
2496 1
1717 1
1591 1
1427 1
2704 1
1981 1
2477 1
2779 1
2398 1
342 2
723 1
2661 1
2692 1
1594 1
1415 1
1861 2
1979 2
37 2
2921 1
534 2
1980 1
2553 2
2691 1
1011 2
913 1
133 2
1897 1
538 2
356 2
345 2
355 2
2104 1
167 2
1214 2
54 2
1178 2
2265 1
1209 2
1125 1
1263 1
2304 2
3058 1
650 1
2748 1
2649 1
2198 2
789 2
2300 1
2440 2
2448 2
2667 1
109 1
1108 1
2628 2
1350 1
847 1
34 1
1078 1
1418 1
2486 1
1404 1
1286 1
1666 2
496 2
1176 1
1424 1
1130 2
160 2
1903 1
844 2
2660 2
2686 1
1548 2
257 2
413 2
2687 1
1203 1
1073 1
1454 2
3231 2
2688 1
327 2
2633 1
573 2
375 2
2452 2
891 2
94 2
2587 1
16 2
3138 1
2604 2
1982 1
2301 1
157 2
49 2
841 1
779 1
48 2
3174 1
2599 1
324 2
1102 1
2320 1
208 2
1064 1
3120 2
906 1
1707 1
2319 2
1378 1
2321 1
791 2
2992 1
2982 2
168 2
1382 1
1530 1
790 2
514 1
1983 1
3185 1
81 2
158 2
1984 1
1735 2
2501 1
395 2
2603 2
396 2
1124 2
3192 1
3002 1
749 2
2816 1
1570 1
3164 2
2696 1
1589 1
1349 1
784 1
1043 1
2695 1
2949 1
1581 1
750 2
2255 1
488 2
2453 2
2981 2
441 1
571 2
2370 1
1138 1
2731 2
2745 1
1491 1
1553 2
172 2
2933 1
2740 2
902 1