2333 2
1243 1
746 2
2122 2
1819 2
2709 2
2229 1
2195 2
135 2
55 2
1519 1
1766 2
2852 1
2384 1
526 2
1039 1
628 2
716 2
2568 2
99 2
2851 1
1251 2
3218 1
515 2
2934 2
1552 1
457 2
2326 2
602 1
2277 2
937 1
2795 2
1962 1
2380 2
331 2
2836 1
1698 2
2618 1
2114 1
1547 2
2012 1
1348 1
2722 1
642 1
1599 1
263 2
3003 1
3264 1
2177 1
1583 2
2178 1
393 2
2287 2
2744 2
1752 2
1114 2
2314 2
2442 1
68 1
2575 2
1588 2
272 1
1729 2
2004 2
1860 1
3062 1
1280 1
1007 2
2871 2
3102 1
1120 2
240 2
1030 1
105 2
2723 2
2964 1
1913 2
1175 1
2616 1
954 2
570 2
715 2
3116 1
3186 2
2867 1
512 2
2441 1
1265 1
2868 1
2739 2
89 2
2409 2
2786 1
452 2
1906 2
65 1
3127 1
1625 2
2821 2
2247 1
43 1
2118 1
1498 1
711 2
294 2
303 2
1774 2
1891 1
860 1
1506 2
1188 2
656 2
1040 1
2738 1
1024 1
1098 1
2847 2
890 2
2014 2
362 2
1371 2
474 2
1855 2
2500 2
1931 2
1965 2
192 2
2289 2
2032 1
2737 1
2119 1
2174 1
2569 1
2431 1
2288 2
2097 1
3171 1
1991 1
595 2
969 1
1616 2
611 1
1627 2
2676 1
1540 1
1730 2
840 2
1399 2
1200 2
61 2
1097 1
1841 2
1285 2
2462 2
783 1
520 2
1520 2
476 2
3200 1
2647 2
3199 1
2938 2
2443 1
2716 1
2341 1
1776 2
1782 2
816 2
2807 1
1775 2
1144 1
1246 2
195 2
797 1
2444 1
1884 1
2062 2
337 1
3211 1
1156 1
3131 1
1493 1
877 2
2957 2
1587 2
966 2
318 2
3176 2
1706 1
447 2
1032 1
2061 2
449 1
1033 1
2276 2
2707 1
938 2
110 1
1466 1
1375 1
448 2
2929 1
2275 1
2792 1
3196 2
696 1
1477 1
915 2
1602 1
1111 2
998 1
726 1
1290 1
1562 2
2754 1
2753 1
1653 1
2600 1
2615 2
2646 2
932 1
3245 1
905 1
3144 2
3008 1
1771 2
3178 2
1590 2
56 2
1287 1
201 2
3203 1
1397 1
74 2
1245 2
191 2
430 2
925 2
895 1
2537 1
336 1
1748 2
3114 1
2353 2
1747 2
3181 1
1056 1
2152 2
818 2
184 2
1150 2
2342 1
2426 1
1939 1
1026 1
1356 2
1948 2
73 2
1647 2
1950 2
1537 2
1564 1
499 2
1949 2
2083 2
639 2
2651 2
132 2
2728 1
51 2
1808 1
1688 1
599 2
1372 1
2151 2
3145 1
1100 1
72 2
1852 1
704 2
2115 2
705 2
2747 1
1049 1
2699 1
2511 1
3263 1
124 2
553 1
1947 2
1946 2
710 2
3006 1
439 1
3110 1
1172 1
1173 1
1193 1
3101 1
1262 2
823 2
234 2
2183 1
3098 1
1123 1
1944 2
532 2
3112 1
2051 2
1945 2
1567 2
714 1
2284 2
765 1
67 2
2979 2
814 2
2534 1
1069 1
944 2
574 2
1103 1
575 2
2861 1
2173 1
2591 1
2556 2