2013 2
1088 1
3191 1
1406 1
782 2
2391 2
2657 1
1923 2
1515 1
2743 1
2489 1
3088 2
363 2
2678 1
1508 1
47 2
475 2
683 2
651 2
684 2
136 2
1310 1
1606 2
1391 2
411 2
682 2
1441 1
2967 1
3022 2
870 1
2662 1
1687 1
1555 1
735 2
2214 1
2269 2
3252 2
2271 1
2742 1
516 1
2491 2
1593 1
3090 2
1370 2
1664 2
2805 1
1760 2
343 2
1832 2
767 1
288 2
728 1
768 1
2774 1
756 2
2135 1
729 1
1761 2
2015 1
3221 1
1788 2
2182 1
3159 1
108 1
14 2
1703 1
2116 1
3025 2
1126 2
916 2
1469 2
1255 2
1240 1
900 2
2031 1
1701 2
1222 1
2257 1
13 2
2142 2
680 2
800 2
46 1
2946 2
3107 1
458 2
3026 2
3027 2
1842 2
3029 2
1303 2
3028 2
2396 2
2763 2
3019 2
3023 2
1320 2
2912 2
1994 2
2144 1
3108 1
743 1
786 2
1014 1
1239 1
181 2
2348 1
530 2
3206 1
2732 1
2143 2
681 2
180 2
882 1
2340 1
2994 1
1937 1
2919 1
1249 1
2030 1
3024 2
2046 1
3152 2
2105 2
549 2
1031 1
443 2
444 1
1238 1
2783 1
1256 1
1237 1
1522 2
2149 2
2045 1
2044 1
845 1
2258 1
3034 1
2148 2
2147 2
2870 2
2146 2
559 2
2145 2
1755 1
1187 1
1734 2
903 1
2469 1
2554 2
1236 1
2070 1
2048 1
2916 1
2808 1
901 1
2047 1
2430 1
299 2
2126 2
834 1
1083 1
2150 2
2853 2
2550 2
3261 1
3265 1
836 1
1607 1
2670 1
2228 2
2043 1
2922 1
964 2
350 2
1746 2
2535 1
427 1
537 2
333 2
1645 1
963 2
1253 2
1254 2
252 2
137 2
138 2
463 2
561 2
2366 1
1932 1
2302 1
2717 1
2456 1
1147 2
2222 1
2705 1
4 2
1665 1
644 1
2980 1
560 2
1592 1
1507 2
995 2
325 2
2363 2
993 1
3257 2
2154 1
994 2
2918 1
6 2
5 2
2706 1
2975 1
2583 2
991 2
3040 1
2378 2
7 2
2124 1
3118 1
1708 1
992 1
2379 2
2617 1
9 2
8 2
951 2
1338 2
1339 2
1 2
572 2
3146 2
1340 2
2655 1
2243 2
2 2
908 1
1357 2
148 2
2427 1
3215 2
695 2
2403 1
2494 2
648 1
233 2
454 2
2113 2
2291 2
597 2
1611 1
1480 1
2207 1
3046 2
289 2
990 1
2810 2
1595 2
2237 1
403 2
1927 1
2773 1
883 1
1005 1
247 2
2885 2
1192 2
1261 2
1542 2
1260 2
418 2
1772 2
2129 2
259 2
2648 1
1804 1
1288 1
2518 2
2976 2
15 2
2557 2
471 2
1605 1
887 1
2690 1
60 2
2355 2
2675 1
1429 2
273 2
3136 1
1475 1
543 2
2968 2
2531 1
2467 1
1411 1
2551 2
2558 2
1975 2
547 2
2180 1
1549 2
153 2
3204 2
320 2
2166 1
401 2
1490 2
422 2
546 2
1488 2
1489 2
1486 2
349 2
1487 2
525 2
1036 1
3241 2
1484 2
1006 1
1485 2
1871 2