1244 358 2
2470 6 2
2346 6 2
1228 362 1
2140 362 1
1020 362 2
2339 362 2
2339 362 2
1999 362 1
1999 362 2
1896 362 2
2290 362 1
2290 362 1
2346 362 2
2395 362 1
1181 362 1
143 9 2
2905 10 2
1566 363 2
1116 363 2
854 363 2
2109 363 2
763 363 2
763 363 2
426 363 2
1362 363 2
1362 363 2
1101 363 2
1101 363 2
2419 363 2
1202 363 2
2064 363 2
952 363 2
2140 363 2
1244 363 2
1244 363 2
1195 363 2
2134 363 2
2134 363 2
1999 363 2
1999 363 2
64 363 2
1777 363 2
1365 363 2
802 363 2
802 363 2
761 363 2
761 363 2
1756 363 2
1252 363 2
1384 363 2
1754 363 2
1754 363 2
2002 363 2
2077 363 2
828 363 2
1020 363 2
1020 363 2
1770 363 2
1319 363 2
724 363 2
1699 363 2
1699 363 2
1714 363 2
1870 363 2
957 363 2
957 363 2
1463 363 2
1463 363 2
1693 363 2
2298 363 2
1694 363 2
2170 363 2
757 363 2
1620 363 2
1603 363 2
843 363 2
843 363 2
1181 363 2
1181 363 2
842 363 2
842 363 2
1140 363 2
1140 363 2
1068 363 2
1068 363 2
291 363 2
1538 363 2
446 363 2
885 363 2
885 363 2
614 363 2
1183 363 2
1183 363 2
1313 363 2
793 363 2
1312 363 2
1113 363 2
1113 363 2
838 363 2
838 363 2
1184 363 2
1184 363 2
1119 363 2
1149 363 2
1149 363 2
2412 363 2
1367 363 2
1614 363 2
778 363 2
2053 363 2
1821 363 2
2066 363 2
1341 363 2
1341 363 2
58 363 2
1342 363 2
1797 363 2
1439 363 2
1439 363 2
1228 363 2
1228 363 2
1863 363 2
703 363 2
1132 363 2
1989 363 2
1989 363 2
1343 363 2
2434 363 2
744 363 2
744 363 2
2027 363 2
2027 363 2
1822 363 2
2092 363 2
1535 363 2
1535 363 2
1109 363 2
1109 363 2
858 363 2
1028 363 2
1028 363 2
1503 363 2
1483 363 2
1800 363 2
762 363 2
762 363 2
987 363 2
2094 363 2
1763 363 2
1763 363 2
424 363 2
1609 363 2
1609 363 2
423 363 2
727 363 2
727 363 2
2016 363 2
1571 363 2
1377 363 2
1652 363 2
1155 363 2
1155 363 2
820 363 2
820 363 2
1997 363 2
282 363 2
279 363 2
955 363 2
753 363 2
1324 363 2
1887 363 2
2063 363 2
2110 363 2
2290 363 2
1598 363 2
1864 363 2
2065 363 2
2065 363 2
2054 363 2
2054 363 2
819 363 2
1456 363 2
1084 363 2
1084 363 2
777 363 2
1410 363 2
1247 363 2
1247 363 2
2367 363 2
1248 363 2
1248 363 2
1284 363 2
858 364 1
217 12 2
2693 14 2
2170 15 1
2579 18 2
179 18 2
231 19 2
364 19 2
150 19 2
229 19 2
523 20 2
1324 380 2
1140 380 2
1155 380 1
3234 381 2
2953 22 2
2627 22 2
2746 22 2
2746 22 2
2480 386 2
2521 386 2
2094 387 2
1763 387 2
1341 387 2
1694 387 2
952 387 2
1439 387 1
1271 387 1
1938 387 2
1938 387 2
744 387 2
820 387 2
2027 387 2
1773 387 1
1535 387 2
1252 387 2
1384 387 1
1754 387 1
1754 387 2
1558 387 2
1615 387 2
1909 387 1
1531 387 2
1456 387 2
1770 387 2
1901 387 1
1835 387 2
1463 387 2
2109 26 2
1821 26 2
763 26 2
58 26 2
1342 26 2
1101 26 2
1101 26 2
1202 26 2
2064 26 2
2167 26 2
524 26 2
2395 26 2
1863 26 2
2140 26 2
1244 26 2
667 26 2
2134 26 2
1989 26 2
1989 26 2
2434 26 2
64 26 2
744 26 2
2000 26 2
2000 26 2
1777 26 2
114 26 2
2092 26 2
2092 26 2
2292 26 2
761 26 2
2715 26 2
579 26 2
699 26 2
1754 26 2
1754 26 2
2002 26 2
2002 26 2
2077 26 2
1531 26 2
1531 26 2
323 26 2
1800 26 2
1770 26 2
1319 26 2
724 26 2
1699 26 2
308 26 2
2250 26 2
2250 26 2
2346 26 2
1463 26 2
310 26 2
1763 26 2
424 26 2
1693 26 2
2298 26 2
2081 26 2
42 26 2
2579 26 2
57 26 2
2016 26 2
1140 26 2
1140 26 2
1377 26 2
1652 26 2
2405 26 2
1155 26 2
1155 26 2
75 26 2
820 26 2
1997 26 2
282 26 2
274 26 2
753 26 2
2672 26 2
2279 26 2
2279 26 2
1887 26 2
885 26 2
627 26 2
614 26 2
2063 26 2
1844 26 2
2110 26 2
116 26 2
793 26 2
2290 26 2
1789 26 2
1113 26 2
2625 26 2
1742 26 2
2065 26 2
451 26 2
1149 26 2
2480 26 2
1811 26 2
777 26 2
2521 26 2
117 26 2
802 28 1
1362 28 1
1367 28 1
414 389 2
1742 390 1
397 33 2
491 33 2
391 33 2
197 33 1
152 33 2
425 394 2
2110 396 1
885 397 1
2577 398 2
1028 34 2
955 34 2
1184 34 1
1503 399 1
1887 399 2
1252 399 2
1901 399 2
1652 399 2
1714 399 2
2027 399 2
2002 399 2
2065 399 2
3123 35 1
2864 35 2
2665 35 1
2819 35 1
2672 35 1
2936 35 1
397 400 2
198 400 2
1566 401 1
2092 401 1
1365 401 1
1535 401 2
2223 401 1
2223 401 1
1341 401 2
1342 401 2
1694 401 1
2002 401 2
1531 401 2
1456 401 2
1149 401 2
1319 401 2
1343 401 2
1997 401 2
279 401 2
2997 36 2
2053 405 2
2028 405 2
1531 405 2
1084 405 1
1999 405 2
1999 405 2
1844 405 2
757 405 2
626 406 2
1101 406 1
1181 407 2
2092 409 1
75 39 2
1531 410 2
828 417 2
1149 417 2
1456 417 1
1183 417 2
1535 417 2
1109 417 2
1614 417 1
1789 417 1
1797 417 2
744 417 1
1184 417 2
1410 417 2
1870 45 1
1343 47 2
753 47 2
843 48 2
143 50 2
1909 51 1
425 52 2
3228 52 2
2632 52 1
1821 52 1
727 52 1
3220 52 1
3226 52 2
3256 52 2
3234 52 2
2953 52 1
1271 52 1
322 52 1
2627 52 2
1377 52 1
618 52 1
1538 52 2
2966 52 1
3238 52 1
3012 52 2
2833 52 1
627 52 2
3255 52 2
2577 52 2
116 52 1
579 52 2
616 52 1
2563 52 2
2771 52 1
2724 52 2
2724 52 2
1699 52 1
77 52 2
2978 52 1
76 52 2
2053 422 2
2028 422 2
2109 422 2
1341 422 2
1342 422 2
1343 422 2
1797 422 2
2064 422 2
838 422 2
2094 425 1
2054 425 2
425 427 2
274 427 2
2839 57 1
3229 57 1
3228 57 1
3223 57 1
3226 57 1
3220 57 1
3220 57 1
3225 57 1
3094 57 1
2907 57 1
3234 57 1
3189 57 1
3162 57 1
2702 62 2
2563 63 2
2724 63 1
1140 431 2
1155 431 2
308 431 2
2395 65 1
114 67 1
842 437 2
843 437 2
1652 69 1
1503 72 2
1603 72 1
1763 440 2
1770 76 1
2279 443 1
819 443 2
802 443 1
1535 443 2
2063 443 2
820 443 2
957 443 2
2250 443 2
230 77 2
424 78 2
2419 81 2
115 448 2
308 453 2
1603 453 2
1439 453 2
1284 453 1
2279 83 1
1789 456 1
828 84 1
1084 84 1
858 84 1
1614 458 2
1149 86 2
423 86 2
1620 86 1
1463 86 2
366 460 2
228 460 2
424 89 2
703 89 2
42 89 2
2381 91 2
2386 91 1
2109 91 2
1938 91 1
2134 91 2
2054 91 1
1989 463 2
1463 463 2
1615 463 2
2102 93 2
3212 95 2
392 465 2
231 465 1
364 465 2
686 465 2
149 465 2
197 465 2
490 465 2
264 465 2
178 465 1
179 465 2
390 465 2
404 465 2
2053 98 2
1800 98 1
1821 98 1
1938 98 2
1938 98 2
1693 98 2
1827 98 2
1538 98 2
762 98 2
2298 99 2
2000 99 2
1247 467 2
1248 467 2
1827 102 2
1825 102 2
1183 104 1
3056 107 2
115 108 2
1362 108 2
1101 108 2
1113 108 1
858 108 2
838 108 2
1184 108 2
524 108 2
842 108 2
842 108 2
1140 108 2
1140 108 2
1155 108 2
1068 108 2
744 108 2
957 108 2
778 108 2
279 108 2
1756 109 2
2339 109 2
2181 109 2
1569 109 2
2139 476 1
2339 476 2
2170 476 1
1870 476 1
1754 476 1
2223 114 1
227 114 2
377 115 2
2876 115 2
2903 115 2
159 480 2
3096 116 2
778 116 2
397 481 2
227 481 2
197 481 1
229 481 2
241 481 2
151 481 2
198 481 1
591 481 2
460 481 1
366 481 1
199 481 2
1827 481 2
2027 481 2
264 481 1
2833 482 1
2962 482 2
2947 482 1
2966 482 1
3205 484 2
58 486 2
117 486 2
116 486 2
523 486 2
579 486 2
502 486 2
616 486 1
414 486 2
76 486 2
2839 119 2
3226 119 2
3220 119 1
3225 119 2
3056 119 2
2990 119 2
2292 488 1
2412 488 2
1989 488 1
1825 488 1
858 489 1
745 126 2
1439 126 2
1822 490 2
2092 490 2
57 127 1
819 491 2
761 491 2
1020 491 2
1068 491 1
730 491 2
778 491 2
762 491 2
1989 492 1
3229 499 2
3228 499 2
3033 499 2
3055 499 2
1252 500 2
1844 502 2
1566 505 1
1384 505 2
1598 505 2
178 506 2
1811 133 1
2082 133 1
2064 133 2
3229 134 2
3262 134 1
3255 134 1
3227 134 2
2864 134 2
3225 134 2
2579 134 2
3256 134 1
3230 134 2
3234 134 2
2932 134 1
2726 134 2
2772 134 1
3189 134 1
3162 134 1
149 507 1
490 507 2
404 507 2
1252 508 2
426 510 1
308 510 1
76 510 1
2094 511 1
2767 138 1
3096 138 1
3228 138 2
3228 138 2
3033 138 1
2908 138 2
3227 138 2
3227 138 2
3220 138 1
3226 138 2
3226 138 2
3225 138 2
2579 138 2
3256 138 1
2768 138 1
2769 138 1
2395 138 1
2953 138 2
2932 138 1
3060 138 2
2952 138 2
3056 138 2
3086 138 2
3086 138 2
2693 138 2
3055 138 2
2966 138 1
2772 138 1
2626 138 1
3190 138 1
2905 138 2
3262 138 1
3011 138 2
2703 138 1
2577 138 2
2907 138 2
3045 138 1
3000 138 1
2906 138 2
2906 138 2
2643 138 2
2771 138 1
2724 138 2
2962 138 2
2726 138 2
2702 138 2
2819 138 2
2876 138 1
2903 138 2
402 513 2
146 513 2
230 513 2
231 513 2
686 513 2
149 513 2
150 513 2
151 513 2
372 513 2
392 513 2
491 513 2
377 513 2
391 513 2
199 513 2
264 513 1
685 513 1
394 513 2
368 513 2
217 513 2
159 513 2
2063 513 2
227 513 2
249 513 2
241 513 2
198 513 2
591 513 2
460 513 1
177 513 2
228 513 2
2250 513 2
142 513 2
761 514 2
753 514 2
1116 140 1
854 140 2
1821 140 1
763 140 1
763 140 2
1362 140 2
1362 140 2
1341 140 2
58 140 1
1342 140 2
1101 140 2
1228 140 2
1244 140 2
1195 140 2
1132 140 2
1343 140 2
502 140 2
802 140 1
802 140 2
761 140 2
761 140 2
523 140 2
1028 140 2
1020 140 2
1020 140 1
1483 140 2
724 140 2
1714 140 2
957 140 2
1463 140 2
762 140 2
1569 140 2
42 140 1
727 140 2
757 140 2
757 140 2
1620 140 2
843 140 2
843 140 2
1181 140 2
842 140 2
842 140 2
1068 140 1
820 140 2
955 140 2
955 140 2
753 140 2
753 140 2
446 140 2
885 140 2
885 140 1
1183 140 2
1183 140 1
626 140 1
1313 140 2
793 140 1
1312 140 2
1789 140 2
1113 140 1
1113 140 2
1184 140 1
838 140 2
616 140 2
1119 140 1
819 140 2
745 140 2
1084 140 2
1084 140 2
1811 140 2
1901 140 2
1367 140 2
1410 140 2
778 140 2
1825 140 2
2092 142 1
1887 142 2
1571 142 1
1571 142 1
1821 142 2
1827 142 2
1844 142 2
1155 142 1
1699 142 2
1410 142 1
778 518 2
42 148 2
1615 149 1
2905 150 2
2833 150 2
2952 150 2
1598 154 2
1362 155 1
2978 524 1
394 529 2
228 529 2
152 529 2
2386 162 2
685 163 1
2995 164 1
3225 166 2
2767 167 1
2109 167 2
1609 167 1
2864 167 2
727 167 1
2995 167 1
757 167 1
57 167 1
703 167 2
667 167 2
744 167 2
1068 167 1
955 167 2
1773 167 1
446 167 1
1887 167 2
614 167 1
1183 167 1
1756 167 1
626 167 2
59 167 1
116 167 2
2907 167 2
699 167 1
1184 167 1
838 167 2
2906 167 2
2065 167 2
1770 167 1
2724 167 1
1811 167 1
777 167 1
117 167 2
2167 169 2
1109 171 2
1362 171 1
249 171 2
1367 171 1
1343 171 2
2082 171 1
1068 171 1
2064 171 1
2102 172 2
2339 172 2
2746 534 1
2746 534 1
1538 534 2
2772 534 1
2990 534 2
1797 535 2
2253 536 2
802 173 1
2963 174 1
2801 174 2
1116 538 1
1756 539 2
1252 539 2
1694 539 2
1714 539 2
1603 539 1
1615 539 2
727 540 2
59 540 2
116 540 2
291 540 2
57 540 1
524 540 2
76 540 2
1028 541 2
291 541 2
1028 543 2
616 543 2
1324 544 2
828 544 2
3255 544 1
3060 544 2
3223 544 1
2726 544 1
3141 544 1
3055 544 2
1864 544 1
3190 544 1
1312 546 1
2579 547 2
1365 175 2
1116 175 2
1109 175 2
1362 175 2
1362 175 2
1313 175 2
1312 175 2
1101 175 2
1558 175 2
1439 175 2
1228 175 2
1228 175 2
842 175 2
1140 175 2
745 175 2
1367 175 2
744 175 2
820 175 2
957 175 2
1538 175 2
778 175 1
1463 175 2
1247 175 2
1248 175 2
2279 176 1
2140 176 2
2102 176 2
2253 176 2
2434 176 2
2027 176 2
2250 176 1
1835 176 2
2367 176 1
2016 176 2
1566 177 2
1503 177 1
1020 177 2
1341 177 2
1342 177 2
1248 177 2
1284 548 2
762 549 2
618 551 2
987 551 2
115 178 1
426 178 1
58 178 1
1202 178 1
524 178 1
1228 178 1
1271 178 1
1244 178 1
703 178 1
667 178 1
64 178 1
618 178 1
114 178 1
502 178 1
802 178 1
1252 178 1
1109 178 1
523 178 1
858 178 1
858 178 1
699 178 1
579 178 1
323 178 1
77 178 1
308 178 1
957 178 1
76 178 1
310 178 1
425 178 1
423 178 1
42 178 1
727 178 1
57 178 1
1181 178 1
322 178 1
75 178 1
1068 178 1
291 178 1
282 178 1
279 178 1
955 178 1
446 178 1
627 178 1
885 178 1
614 178 1
1183 178 1
626 178 1
59 178 1
1113 178 1
616 178 1
1119 178 1
414 178 1
819 178 1
451 178 1
1149 178 1
1084 178 1
117 178 1
778 178 1
1248 178 1
730 179 2
778 179 2
1615 183 2
397 552 2
143 552 2
368 552 2
230 552 2
364 552 2
249 552 1
686 552 2
229 552 2
241 552 2
151 552 1
390 552 2
372 552 2
377 552 2
1531 552 2
199 552 1
389 552 2
490 552 1
142 552 2
685 552 1
2767 554 1
3096 554 1
3229 554 1
3229 554 1
3228 554 1
3228 554 1
3227 554 1
3227 554 1
2864 554 1
2864 554 1
3226 554 1
3225 554 1
3225 554 1
3256 554 1
3256 554 1
2768 554 1
2769 554 1
3234 554 1
2395 554 1
2932 554 1
2627 554 2
2952 554 1
2952 554 1
3094 554 1
3056 554 1
3056 554 1
3086 554 1
3086 554 1
3055 554 1
3055 554 1
2966 554 1
3190 554 1
3238 554 1
2905 554 1
2833 554 1
3255 554 1
3255 554 1
3230 554 1
2907 554 1
3045 554 1
2906 554 1
2771 554 1
2963 554 1
2962 554 1
3020 554 1
2630 554 1
3205 554 1
2819 554 1
3033 554 1
2908 554 1
2908 554 1
3220 554 1
3220 554 1
2995 554 1
2579 554 1
3123 554 1
2801 554 1
2665 554 1
2693 554 1
3012 554 1
3012 554 1
3262 554 1
3011 554 1
3141 554 1
2947 554 1
2947 554 1
2839 554 1
2839 554 1
2643 554 1
2563 554 1
3223 554 1
3162 554 1
627 555 2
1183 555 1
1483 555 1
42 555 2
177 556 2
820 557 1
1439 557 2
627 187 1
614 187 2
426 187 2
116 187 2
523 187 2
579 187 1
57 187 1
414 187 2
451 187 1
322 187 1
117 187 1
64 187 1
77 187 2
291 187 2
502 187 2
1863 560 1
1896 560 1
2223 189 1
1503 561 2
1028 190 2
402 191 1
491 191 2
2223 564 1
1811 566 1
2819 192 2
146 193 2
230 193 2
231 193 2
364 193 1
686 193 1
372 193 2
392 193 1
491 193 2
377 193 2
391 193 1
490 193 2
264 193 2
404 193 1
685 193 1
394 193 2
143 193 2
217 193 2
227 193 1
198 193 1
591 193 1
460 193 1
177 193 2
389 193 1
178 193 2
179 193 2
142 193 2
2905 195 1
1863 571 2
1773 571 2
1887 571 2
460 196 1
957 197 1
2627 200 1
2864 200 2
2630 200 1
1821 201 2
2630 573 1
2572 573 2
2864 576 2
727 576 2
3226 576 1
2995 576 2
3225 576 2
3256 576 2
3256 576 1
3234 576 2
3234 576 2
2769 576 2
3060 576 2
2952 576 1
3056 576 2
2665 576 2
3055 576 1
2772 576 1
3190 576 2
3238 576 1
2833 576 2
3255 576 1
2703 576 1
3141 576 2
2947 576 2
2947 576 2
858 576 2
2907 576 2
838 576 2
2658 576 2
2839 576 2
2839 576 2
2997 576 2
3020 576 2
2876 576 2
2936 576 2
2027 203 1
2395 203 1
1312 577 1
3012 579 2
2643 579 2
2905 579 2
2563 579 2
2963 579 2
3141 579 2
3056 579 2
2665 579 2
2876 579 2
2672 579 2
2395 579 2
2990 579 2
2470 204 1
2092 204 1
2140 204 2
2412 204 1
2339 204 2
1997 204 2
2290 204 2
2000 204 2
2250 204 1
1821 206 1
1827 206 2
1699 206 2
1603 206 1
1754 206 2
502 206 2
2279 207 1
1797 207 2
2250 207 2
2577 209 2
2995 209 1
3000 209 1
2907 209 2
2906 209 2
2906 209 2
2769 209 1
2658 209 2
2953 209 2
2963 209 1
2724 209 2
2962 209 1
2962 209 1
2726 209 2
2746 209 1
2746 209 1
2702 209 1
2572 209 1
2978 209 1
2936 209 1
2192 582 2
2434 582 2
389 583 2
197 583 2
390 583 2
1763 210 2
1844 210 2
1699 210 2
1742 210 2
1763 587 2
2081 587 2
1827 587 2
2405 587 1
2253 587 2
1896 587 2
2110 587 1
2167 587 2
1870 587 2
1887 588 2
1763 588 1
1365 588 1
2064 588 2
2064 588 2
1742 588 1
1456 588 2
1770 588 1
1571 588 2
1571 588 2
1084 588 1
1652 588 2
2082 588 1
1614 588 2
1538 588 2
2833 590 1
3033 590 2
2966 590 1
115 592 2
310 592 2
2066 592 2
757 592 2
838 592 2
1028 592 2
828 592 2
322 592 2
745 592 1
777 592 2
744 592 1
282 592 1
955 592 2
1763 215 2
2081 215 1
1989 215 2
1609 216 1
2381 218 2
2223 218 2
2223 218 2
2109 218 2
2109 218 2
1609 218 2
2081 218 2
2066 218 2
2167 218 2
2140 218 1
1938 218 2
2134 218 1
2000 218 2
2279 218 1
2279 218 1
2092 218 2
2092 218 2
2102 218 2
2110 218 2
1598 218 2
1864 218 2
2054 218 2
2065 218 1
2065 218 1
1909 218 2
1770 218 2
1800 218 1
1614 218 2
1870 218 2
2250 218 1
2367 218 2
1535 595 2
2997 597 2
3011 597 2
2908 597 2
2703 597 2
2952 597 2
2864 597 2
2702 597 2
2572 597 2
3055 597 2
3000 597 2
2768 597 2
2990 597 2
1109 222 2
730 222 2
955 222 2
987 222 2
745 599 2
3229 602 2
3230 602 2
2658 602 2
2990 231 2
1694 235 1
2065 235 1
3228 238 2
2908 238 2
3227 238 2
3141 238 2
1887 608 2
1763 608 2
1821 608 2
1827 608 2
1699 608 2
2027 608 2
1714 608 2
1742 608 1
2002 608 2
1615 608 1
425 609 2
75 609 1
2412 610 2
2476 610 2
152 611 2
2905 612 2
3096 612 2
3262 612 1
3228 612 2
3255 612 2
3255 612 2
3227 612 2
3227 612 2
3256 612 2
3256 612 2
3045 612 2
3123 612 2
2997 612 2
3060 612 2
2952 612 2
3086 612 2
3086 612 2
3205 612 2
2672 612 2
3190 612 2
3189 612 2
3238 612 1
3162 612 2
1938 241 2
402 613 2
146 613 2
2626 243 2
1887 244 2
2223 244 1
2081 244 1
2290 244 1
2290 244 1
2419 244 2
2002 244 2
2054 244 1
2395 244 1
2016 244 2
1863 244 1
2548 244 1
2139 244 2
2140 244 2
2405 244 1
2253 244 2
2434 244 2
2000 244 2
2000 244 2
2346 244 2
2367 244 1
838 245 2
761 246 2
763 246 2
762 246 2
1535 615 2
1228 249 1
2094 249 2
1844 619 2
2290 619 1
2000 619 2
1938 252 2
451 253 2
146 253 2
159 253 2
389 253 2
241 253 1
114 253 2
2167 255 1
1155 621 1
2002 621 1
2864 622 2
1835 257 2
2767 259 1
2833 259 1
2632 259 1
2947 259 1
2579 259 2
3000 259 1
2907 259 2
2907 259 2
3045 259 1
2906 259 2
2627 259 1
2952 259 1
2801 259 2
3086 259 1
3086 259 1
3055 259 2
2978 259 2
1566 260 2
1140 625 2
793 625 2
1773 626 1
1463 626 2
2577 627 2
2906 627 2
2192 263 1
1244 264 2
2521 270 2
446 629 2
451 629 1
59 629 1
77 629 2
1116 630 2
854 630 2
763 630 2
1101 630 2
757 630 2
757 630 2
1181 630 2
1181 630 2
1228 630 2
1195 630 2
703 630 2
1132 630 2
667 630 2
1343 630 2
744 630 2
1068 630 2
885 630 2
1183 630 2
1252 630 2
1109 630 2
1313 630 2
1384 630 2
1113 630 2
730 630 2
1184 630 2
1184 630 2
838 630 2
1020 630 2
745 630 2
745 630 2
777 630 2
778 630 2
1410 630 2
762 630 2
1247 630 2
1247 630 2
1248 630 2
1248 630 2
394 632 2
177 632 2
366 632 2
151 632 2
152 632 2
178 632 2
372 632 2
2643 633 2
2102 634 2
2419 634 2
2290 635 1
753 636 2
1365 637 2
1756 637 2
1609 637 2
1844 637 2
1620 637 2
1603 637 2
1615 637 2
1531 637 2
1244 637 2
1770 637 1
1901 637 2
1827 637 2
1614 637 2
1714 637 2
1835 637 2
1119 275 2
3229 638 2
3220 638 1
842 276 2
885 276 2
802 276 1
2109 276 2
2063 276 1
724 276 2
727 276 2
1614 276 1
618 276 1
1538 276 2
762 276 2
843 276 1
2908 639 2
2962 639 1
2065 279 1
2632 641 2
2864 641 2
3226 641 2
2995 641 2
3220 641 2
3225 641 2
2627 641 2
2627 641 2
2952 641 2
3094 641 2
3056 641 2
3056 641 2
3055 641 2
2693 641 2
2905 641 2
2833 641 2
3045 641 2
3000 641 1
2906 641 2
2658 641 2
2997 641 2
2771 641 2
2963 641 2
2963 641 2
2962 641 2
2726 641 2
2726 641 2
2702 641 2
2888 641 2
2876 641 2
1615 643 1
1770 281 1
1149 645 2
1244 645 2
1483 645 2
400 646 2
1531 282 2
1693 282 1
1821 282 2
1827 282 2
1384 282 1
1864 282 1
2932 647 1
2995 647 1
2572 647 1
761 283 2
426 283 2
1252 283 2
793 283 2
1101 283 2
1113 283 2
1202 283 2
1184 283 1
843 283 2
1181 283 2
1181 283 2
1228 283 2
1028 283 2
1020 283 2
745 283 2
1132 283 2
1343 283 2
1068 283 2
957 283 2
1247 283 2
753 283 2
1284 283 2
1989 649 2
1714 649 2
955 651 2
3012 288 2
2997 288 2
2632 288 1
2627 288 1
2726 288 2
2947 288 2
3056 288 2
3055 288 2
2876 288 2
2626 288 1
2903 288 2
1822 653 1
1535 653 2
1699 653 1
2082 653 1
1603 653 2
2279 289 2
1887 289 2
3011 289 2
2908 289 2
2995 289 2
2077 289 1
2839 289 2
2480 289 2
2952 289 2
2134 289 2
2726 289 2
2888 289 2
2819 289 2
2626 289 2
2936 289 2
1341 293 2
1342 293 2
1343 293 2
3220 294 2
3086 294 2
3086 294 2
626 659 1
591 297 1
2563 299 2
2905 300 1
3020 300 1
2746 300 1
2746 300 2
2990 300 2
2963 302 2
2962 302 2
2481 303 2
1827 303 2
76 303 2
2405 305 1
820 665 2
1341 666 2
2192 667 1
2963 667 1
2963 667 2
2908 667 2
2962 667 1
2995 667 2
2167 667 2
2876 667 1
2053 668 2
2054 668 1
2997 669 2
2801 669 2
2626 669 1
2053 311 2
1822 311 1
2223 311 1
1377 311 2
1614 311 1
2000 311 2
1714 311 2
1714 311 2
1538 311 2
1558 311 1
2054 311 2
3012 312 2
2292 312 1
1609 312 2
2170 312 1
2395 312 1
2953 312 2
2997 312 2
2962 312 2
2726 312 2
1997 312 2
2181 312 2
2346 312 1
2876 312 2
3229 672 2
3229 672 2
2833 672 1
3011 672 1
1571 672 1
1571 672 1
2724 672 2
2726 672 2
2947 672 1
3230 672 2
1714 672 1
2903 672 2
2724 674 2
2625 675 2
1324 313 1
310 313 2
763 313 1
1109 313 2
1109 313 2
2298 313 2
727 313 1
1113 313 2
2167 313 1
1603 313 1
2140 313 2
2140 313 2
1149 313 1
1195 313 1
228 313 2
1084 313 1
1084 313 1
1319 313 2
2405 313 1
2434 313 2
77 313 2
753 313 2
987 313 2
2480 314 2
115 677 2
159 679 2
802 315 2
424 315 2
724 315 2
524 315 2
2053 681 2
2028 681 1
1531 681 2
1483 681 2
1558 681 2
2002 681 1
1342 683 2
1284 683 1
1538 320 2
2367 685 1
3012 686 2
3033 686 1
1938 686 1
2995 686 1
2250 686 2
2346 686 2
3189 686 1
2839 321 2
2767 321 2
2082 322 2
2064 322 2
952 325 2
2632 326 2
2908 326 2
3227 326 2
3225 326 2
2768 326 1
3234 326 2
2769 326 1
2627 326 2
3060 326 2
2801 326 2
2665 326 1
2693 326 2
2905 326 2
2833 326 1
3011 326 2
3011 326 2
2703 326 2
2907 326 2
2906 326 2
2839 326 2
2643 326 2
2997 326 2
2997 326 2
2724 326 2
3223 326 1
2746 326 1
2746 326 1
2630 326 1
2888 326 2
2978 326 1
3205 326 2
2876 326 2
2936 326 1
2990 326 2
2903 326 2
1609 689 1
952 689 2
2064 689 1
2053 327 1
1909 327 2
2028 327 1
1247 329 2
1248 329 2
2027 330 2
2672 692 2
1615 337 2
854 700 2
3255 700 2
1901 700 1
3256 700 2
3162 700 2
402 705 2
368 339 2
391 339 2
366 339 2
2053 340 2
1773 340 1
1271 340 1
1149 340 2
1252 340 2
1844 340 2
2434 340 2
2027 340 2
1754 340 1
2054 340 2
42 708 2
75 708 2
618 708 1
955 708 2
3096 342 1
3229 342 2
3228 342 2
3255 342 1
3227 342 2
3226 342 2
3230 342 2
2907 342 2
2839 342 2
2932 342 1
3223 342 1
3094 342 1
3205 342 1
3238 342 1
322 344 1
423 344 2
854 712 2
392 713 2
368 713 2
229 713 2
2627 714 1
2768 714 1
3234 714 2
2140 350 2
1770 350 2
2298 350 2
1377 350 2
1844 350 2
1844 350 2
1155 350 1
1699 350 1
1603 350 1
1558 350 1
1463 352 2
1439 353 2
249 355 1
150 355 2
142 355 2
2724 718 2
1864 718 1
2876 718 2
2658 718 2
745 719 1
753 719 2
2223 721 1
957 721 1
402 356 1
397 356 2
146 356 2
230 356 2
231 356 2
364 356 2
686 356 2
149 356 1
150 356 1
151 356 1
152 356 1
390 356 1
372 356 2
392 356 1
491 356 2
377 356 1
391 356 1
199 356 1
490 356 2
264 356 2
685 356 2
404 356 1
394 356 2
143 356 2
368 356 1
217 356 2
159 356 2
227 356 2
249 356 1
197 356 1
229 356 2
241 356 2
198 356 1
591 356 2
460 356 1
177 356 2
366 356 1
389 356 1
178 356 2
179 356 2
142 356 2