2793 1 1
2652 3 2
2887 3 1
2642 3 1
1433 5 2
2484 6 2
2526 6 2
2525 6 2
2471 6 2
2351 6 2
2483 6 2
2450 6 2
2420 6 1
1296 361 2
1166 7 2
965 362 2
2526 362 2
2525 362 2
2163 362 2
2351 362 2
2401 362 1
2343 362 1
1077 362 1
2179 362 2
2117 363 2
2471 363 2
1974 363 2
721 363 2
2163 363 2
1328 363 2
1328 363 2
2208 363 2
1077 363 2
1077 363 2
2414 363 2
2169 363 2
2169 363 2
2484 363 2
930 363 2
2483 363 2
1289 363 2
1623 363 2
1623 363 2
1622 363 2
1622 363 2
1759 363 2
1759 363 2
1662 363 2
1127 363 2
1137 363 2
1050 363 2
958 363 2
958 363 2
1561 363 2
810 363 2
1435 363 2
1654 363 2
527 363 2
1230 363 2
2262 363 2
1803 363 2
2137 363 2
1398 363 2
1407 363 2
1355 363 2
1881 363 2
1881 363 2
1170 363 2
886 363 2
1892 363 2
1545 363 2
1305 363 2
1544 363 2
934 363 2
1434 363 2
1434 363 2
1740 363 2
1740 363 2
1421 363 2
1421 363 2
1059 363 2
1227 363 2
945 363 2
897 363 2
1042 363 2
1042 363 2
1148 363 2
1233 363 2
1392 363 2
1392 363 2
1651 363 2
1092 363 2
2128 363 2
1514 363 2
1514 363 2
1080 363 2
2058 363 2
2058 363 2
1705 363 2
861 363 2
861 363 2
2522 363 2
856 363 2
751 363 2
1499 363 2
1951 363 2
946 363 2
1091 363 2
926 363 2
926 363 2
760 363 2
1529 363 2
1282 363 2
1692 363 2
1692 363 2
1308 363 2
1250 363 2
1322 363 2
1351 363 2
629 363 2
1110 363 2
1659 363 2
1877 363 2
1877 363 2
1235 363 2
912 363 2
1715 363 2
1715 363 2
1933 363 2
1744 363 2
1431 363 2
1431 363 2
1067 363 2
1067 363 2
935 363 2
1928 363 2
1433 363 2
940 363 2
1321 363 2
1321 363 2
1926 363 2
1793 363 2
1428 363 2
1582 363 2
1416 363 2
875 363 2
1191 363 2
1473 363 2
965 363 2
965 363 2
408 363 2
1940 363 2
1554 363 2
898 363 2
1277 363 2
2075 363 2
2194 363 2
924 363 2
1296 363 2
62 363 2
1163 363 2
1443 363 2
1444 363 2
1041 363 2
1041 363 2
2238 363 2
1204 363 2
269 363 2
1691 363 2
2172 363 2
505 363 2
1452 363 2
1054 363 2
2408 363 2
1953 363 2
1027 363 2
1834 363 2
1919 363 2
1494 363 2
871 363 2
871 363 2
923 363 2
2306 363 2
2306 363 2
266 363 2
1702 363 2
521 364 2
859 364 1
940 11 2
498 12 2
2677 14 1
2813 14 2
1933 369 1
1227 16 1
196 371 2
1459 372 1
1514 372 2
1416 372 1
2377 377 2
1621 377 1
472 19 2
468 19 2
41 20 2
118 20 2
497 21 2
202 21 2
2988 22 2
183 383 2
2459 24 2
1059 385 1
2261 386 2
1940 387 1
1169 387 2
1974 387 2
1630 387 1
1759 387 1
1928 387 2
1814 387 1
1541 387 2
1926 387 2
1793 387 2
1793 387 2
1459 387 1
1428 387 2
2017 387 2
1582 387 1
1434 387 2
1435 387 2
1953 387 2
1289 387 1
1834 387 2
1163 387 2
2200 26 2
1929 26 2
2163 26 2
1308 26 2
2208 26 2
1250 26 2
629 26 2
630 26 2
2169 26 2
2169 26 2
2484 26 2
2264 26 2
1877 26 2
1829 26 2
293 26 2
2620 26 2
2377 26 2
2188 26 2
2188 26 2
2465 26 2
605 26 2
1744 26 2
1623 26 2
1622 26 2
635 26 2
1067 26 2
2547 26 2
1759 26 2
2095 26 2
2677 26 2
1928 26 2
631 26 2
940 26 2
2329 26 2
1582 26 2
958 26 2
2185 26 2
2401 26 2
527 26 2
2487 26 2
1803 26 2
1398 26 2
1940 26 2
2418 26 2
1881 26 2
131 26 2
2075 26 2
119 26 2
646 26 2
886 26 2
2179 26 2
557 26 2
338 26 2
62 26 2
2018 26 2
1306 26 2
1421 26 2
513 26 2
421 26 2
2700 26 2
2685 26 2
1148 26 2
1148 26 2
30 26 2
1869 26 2
1786 26 2
1444 26 2
2238 26 2
1204 26 2
118 26 2
861 26 2
2522 26 2
751 26 2
1499 26 2
1993 26 2
1993 26 2
1691 26 2
1951 26 2
505 26 2
1713 26 2
41 26 2
2343 26 2
1054 26 2
1834 26 2
923 26 2
266 26 2
2680 27 2
2679 27 2
668 27 2
926 28 2
3014 30 2
2193 31 2
2194 31 2
1951 390 2
480 33 2
398 33 2
261 33 2
481 33 2
465 33 2
2680 391 1
2679 391 1
2581 391 2
2631 392 1
2855 392 2
3004 392 1
924 395 2
2238 396 2
2231 396 1
2208 398 1
1148 34 2
945 34 2
1713 399 2
1306 399 2
1651 399 2
1435 399 2
1529 399 2
1834 399 2
1685 399 1
1993 399 2
1793 399 2
1702 399 1
3104 35 1
2948 35 1
2989 35 1
3092 35 1
2822 35 2
2664 35 1
2664 35 2
1398 401 2
1929 401 2
2117 401 2
1407 401 1
2206 401 2
1881 401 2
1110 401 1
1545 401 2
1877 401 1
2377 401 1
2450 401 2
859 401 1
1622 401 2
1869 401 1
2238 401 2
1321 401 1
1499 401 1
2172 401 2
1091 401 1
1435 401 2
1174 401 1
1054 401 2
1416 401 2
760 401 2
1712 401 2
1494 401 1
2010 401 2
2385 402 1
2128 404 2
1148 405 2
1080 405 1
1137 405 1
965 406 1
875 406 2
945 406 2
1712 409 2
338 39 1
897 410 1
1431 412 1
646 413 2
924 417 2
1431 417 1
1169 417 2
1091 417 1
1355 417 2
1308 417 2
1444 417 1
1421 417 1
1127 417 2
2058 417 2
1621 417 1
1230 417 2
856 418 2
3271 52 1
2814 52 1
2817 52 2
3143 52 1
2793 52 1
1277 52 1
2824 52 2
2824 52 2
3216 52 2
557 52 2
3014 52 2
2860 52 1
421 52 2
2985 52 2
3270 52 1
1443 52 2
3084 52 2
3100 52 1
97 52 2
517 52 2
1444 52 1
3260 52 1
3193 52 2
3179 52 1
2882 52 2
1582 52 1
2988 52 2
2804 52 2
3115 52 2
2581 52 2
2901 52 2
1974 422 1
1715 422 1
2571 424 2
2526 424 2
2420 424 1
1621 425 2
41 427 2
517 427 2
3104 57 1
3084 57 1
3242 57 1
2804 57 1
3260 57 1
3207 57 1
3179 57 1
2985 57 1
3270 57 1
2824 57 1
2824 57 1
946 58 1
2652 59 2
2942 60 1
3059 60 2
2882 63 2
1443 63 1
1042 431 2
930 431 2
1067 431 2
897 431 2
2887 65 1
176 433 2
467 433 1
173 433 2
859 434 1
2913 436 1
1127 67 1
1169 69 1
1174 69 1
945 69 2
2984 439 2
467 71 2
202 71 2
2075 72 1
875 72 2
1953 75 2
2351 76 2
1305 443 2
1561 443 1
3063 443 1
1919 443 1
2169 443 1
1473 444 1
930 80 1
505 453 2
1148 453 2
1692 453 2
718 453 2
1351 453 1
646 453 2
1691 453 1
1702 453 2
898 82 1
2886 457 1
1392 84 2
1080 84 1
1077 84 1
871 84 2
407 84 2
751 85 2
1328 458 2
1662 86 1
1974 87 1
672 89 2
582 89 2
97 89 2
912 90 1
1623 91 1
2085 91 1
1869 91 1
2208 91 1
1919 91 1
1892 91 2
2179 91 2
965 462 2
1435 463 2
3271 94 1
3207 95 1
497 465 2
479 465 2
466 465 2
388 465 1
155 465 2
482 465 1
464 465 2
173 465 2
370 465 2
378 465 2
1651 466 2
1659 466 1
1744 98 2
1692 98 1
1662 98 1
1282 98 1
1951 98 1
1691 98 1
2264 99 1
1974 99 1
1623 468 2
1428 470 1
718 106 2
965 108 2
1148 108 2
1067 108 2
1092 108 2
940 108 2
861 108 2
1321 108 2
521 108 2
751 108 2
886 108 2
930 108 2
930 108 2
293 108 2
1054 108 2
871 108 2
859 108 2
945 108 2
1940 109 1
2526 109 1
2525 109 1
935 475 2
2184 476 2
2377 476 1
2393 476 2
605 112 1
1713 114 2
2261 114 2
2184 114 1
2351 114 2
1881 114 2
2208 114 2
2058 114 2
2058 114 2
2188 114 2
2942 115 1
2989 115 1
2988 115 2
2988 115 1
3014 115 2
3015 115 1
3084 116 2
2923 116 2
472 481 1
176 481 2
468 481 2
183 481 2
369 481 1
481 481 2
1814 481 2
196 481 2
2817 482 2
2652 482 2
3014 482 2
2858 482 1
2714 482 1
3137 117 2
2620 485 1
581 486 2
437 486 2
582 486 2
721 486 2
539 486 2
293 486 2
119 486 2
521 486 2
370 487 2
1623 488 1
1622 488 1
2208 488 1
1494 488 1
1067 126 2
751 126 2
1042 491 2
1042 491 2
912 491 1
1041 491 1
1041 491 1
1137 491 1
856 491 2
751 491 2
897 491 1
2261 128 2
1433 492 1
2194 492 2
539 499 2
2755 499 1
498 499 2
3142 499 2
2824 499 2
3129 499 2
2545 503 1
1554 505 1
1434 505 1
1803 133 1
3104 134 1
2505 134 1
2942 134 1
3267 134 1
3014 134 2
2589 134 1
2887 134 1
2985 134 2
3137 134 2
2642 134 1
3004 134 1
497 507 1
155 507 2
464 507 1
2824 509 2
338 135 1
935 135 2
2680 138 2
3143 138 1
3143 138 2
2679 138 2
2679 138 2
3015 138 1
2755 138 1
2536 138 2
2886 138 1
2855 138 2
2855 138 2
2824 138 2
3129 138 2
3018 138 1
3242 138 2
2860 138 1
2714 138 2
2708 138 1
2985 138 2
2913 138 1
2942 138 1
2937 138 2
3100 138 2
2940 138 1
3193 138 2
2882 138 2
2948 138 1
2989 138 2
2652 138 2
2859 138 1
3217 138 2
3115 138 2
3092 138 1
3092 138 2
2822 138 2
2901 138 2
3137 138 2
3137 138 2
2642 138 1
3163 138 1
3163 138 1
176 513 2
478 513 2
1974 513 1
2238 513 2
498 513 2
483 513 2
155 513 2
482 513 2
173 513 2
378 513 2
2179 513 2
370 513 2
468 513 2
183 513 2
466 513 2
388 513 1
369 513 1
171 513 2
145 513 2
261 513 1
464 513 2
465 513 2
196 513 2
721 140 1
1328 140 1
1328 140 2
1308 140 1
1308 140 2
1322 140 1
630 140 2
1110 140 2
930 140 1
930 140 2
1235 140 2
912 140 2
912 140 2
859 140 2
1744 140 2
1431 140 1
1067 140 2
1067 140 2
1050 140 2
1321 140 2
958 140 2
1230 140 2
1416 140 2
875 140 2
1398 140 1
1355 140 2
898 140 2
1170 140 1
886 140 1
934 140 2
1434 140 2
1740 140 2
1421 140 1
513 140 1
1685 140 2
1163 140 2
1443 140 2
897 140 2
945 140 1
1148 140 2
1233 140 2
1392 140 2
1041 140 2
1092 140 2
1080 140 2
751 140 2
1499 140 2
946 140 2
1713 140 2
1128 140 2
760 140 1
1529 140 2
926 140 1
1304 140 1
1434 142 1
1881 142 2
1514 142 1
1705 142 2
1416 142 1
1529 142 1
926 142 1
1814 142 2
1545 142 2
1654 519 2
2984 150 2
2901 150 2
2231 150 1
1431 154 2
1514 154 2
1321 154 2
1392 155 2
1459 156 1
2984 524 2
3004 525 1
385 157 2
2193 528 2
2194 528 2
30 161 2
2401 162 1
2172 162 2
1692 530 1
183 163 2
176 165 2
385 165 2
2886 167 1
521 167 2
2757 167 1
557 167 2
912 167 1
3014 167 2
513 167 1
1933 167 1
897 167 1
945 167 2
2913 167 2
2942 167 1
30 167 1
935 167 2
1630 167 1
1092 167 2
1127 167 1
2677 167 1
1050 167 2
861 167 2
269 167 1
1793 167 2
2948 167 1
302 167 2
2988 167 1
2652 167 1
2859 167 1
1174 167 1
1054 167 1
2179 169 1
1929 171 1
2447 171 2
1227 171 2
2545 171 2
2450 171 2
2420 171 1
923 171 1
2238 172 2
2343 172 2
2822 534 2
1407 173 1
1713 539 2
1662 539 1
1529 539 2
1951 539 2
437 540 2
97 540 2
41 540 2
119 540 2
630 540 1
3084 541 1
2447 541 2
2804 541 2
2459 541 2
2545 541 1
1529 541 1
2824 541 1
2169 541 1
859 541 1
1452 542 1
585 543 2
751 543 2
923 543 2
3271 544 1
2505 544 1
1544 544 1
1877 544 2
2447 544 1
1306 544 1
2401 544 1
1050 544 2
3270 544 1
30 545 2
629 545 2
1416 546 2
965 175 2
721 175 2
1407 175 2
1328 175 2
1328 175 2
1277 175 2
1322 175 2
1351 175 2
1077 175 2
1110 175 2
912 175 2
1421 175 2
1421 175 2
945 175 2
1443 175 2
1042 175 2
1067 175 2
1392 175 2
1392 175 2
935 175 2
1444 175 2
1041 175 2
1127 175 2
1137 175 2
940 175 2
1321 175 2
1321 175 2
1174 175 2
1128 175 2
1054 175 2
1054 175 2
1494 175 2
1473 175 2
1744 176 1
2338 176 1
2200 176 2
2163 176 2
2238 176 2
2393 176 2
1963 176 2
1951 176 2
1877 176 2
2085 176 1
2018 176 2
2408 176 1
1953 176 2
1416 176 2
1431 177 2
1059 177 2
1514 177 2
1321 177 2
1250 548 2
1351 548 2
751 548 2
875 548 1
886 549 2
2447 550 1
721 178 1
1077 178 1
629 178 1
630 178 1
930 178 1
912 178 1
293 178 1
1289 178 1
859 178 1
605 178 1
635 178 1
517 178 1
631 178 1
940 178 1
1050 178 1
958 178 1
810 178 1
527 178 1
965 178 1
965 178 1
408 178 1
437 178 1
668 178 1
131 178 1
718 178 1
119 178 1
521 178 1
646 178 1
886 178 1
672 178 1
934 178 1
557 178 1
338 178 1
62 178 1
1059 178 1
513 178 1
421 178 1
1163 178 1
897 178 1
1042 178 1
581 178 1
585 178 1
30 178 1
1204 178 1
118 178 1
269 178 1
407 178 1
505 178 1
302 178 1
41 178 1
539 178 1
926 178 1
871 178 1
871 178 1
266 178 1
2536 182 2
1433 184 2
478 552 2
480 552 2
1308 552 2
1435 552 2
483 552 2
171 552 2
261 552 2
465 552 2
2483 553 2
3104 554 1
3104 554 1
3271 554 1
2814 554 1
2679 554 1
2679 554 1
3015 554 1
2536 554 1
3207 554 1
2734 554 1
2860 554 1
3064 554 1
2714 554 1
2714 554 1
2708 554 1
3260 554 2
3193 554 1
3085 554 1
3217 554 1
2901 554 1
2901 554 1
3137 554 1
2642 554 1
2817 554 1
2817 554 1
3143 554 1
3143 554 1
2755 554 1
2824 554 1
2757 554 1
3129 554 1
2505 554 1
3018 554 1
3216 554 1
3242 554 1
2858 554 1
3059 554 1
3142 554 1
2664 554 1
2664 554 1
3270 554 1
3270 554 1
2813 554 1
2913 554 1
2942 554 1
2937 554 1
3084 554 1
3084 554 1
3100 554 1
2940 554 1
2940 554 1
3179 554 1
2887 554 1
2948 554 1
2989 554 1
2652 554 1
2804 554 1
3115 554 1
3092 554 1
3163 554 1
3163 554 1
196 555 2
408 187 1
582 187 2
513 187 2
131 187 1
119 187 2
266 187 2
2393 560 2
2329 560 2
2329 560 2
1919 189 1
2172 189 1
480 191 1
483 191 1
1829 564 2
1561 565 1
1786 565 2
1662 565 1
1351 565 2
497 193 2
479 193 2
498 193 2
155 193 1
481 193 2
173 193 1
385 193 2
378 193 2
370 193 2
466 193 1
388 193 2
171 193 2
261 193 1
145 193 2
464 193 1
539 567 2
2937 195 2
2641 195 1
1621 571 2
1541 571 2
1793 571 2
171 196 1
1233 197 1
958 197 1
1416 198 2
1304 198 1
2479 200 2
2734 200 2
2418 200 1
3063 200 1
2465 200 2
2882 200 2
3104 576 2
2680 576 2
2814 576 2
2817 576 2
2817 576 2
3143 576 2
2679 576 2
2855 576 2
1077 576 2
2757 576 1
3018 576 1
3216 576 2
3242 576 2
3059 576 2
3064 576 1
2664 576 2
3270 576 2
2913 576 2
2942 576 2
2940 576 2
3179 576 2
3063 576 2
2677 576 1
940 576 1
861 576 1
3085 576 2
2882 576 2
2882 576 2
2948 576 2
3217 576 2
3115 576 2
3115 576 2
1174 576 2
3092 576 1
3092 576 1
926 576 2
3163 576 1
3163 576 2
2401 203 1
1421 577 2
926 577 2
2814 579 2
2988 579 2
3014 579 2
2631 579 2
2714 579 2
2822 579 2
2664 579 2
3085 579 2
2913 579 2
3163 579 2
2923 579 2
2447 204 2
1881 204 2
2385 204 2
2238 204 2
2414 204 2
2329 204 2
2137 204 1
1304 205 2
1305 206 2
1713 206 1
2117 206 2
1692 206 1
1296 206 1
1328 206 2
1715 206 1
2058 206 1
2058 206 1
1128 206 1
861 206 2
1834 206 2
2306 206 2
2329 207 2
2989 208 1
2505 209 2
2937 209 1
2641 209 2
2886 209 1
2620 209 1
965 582 1
2401 582 1
467 583 2
398 583 2
461 583 1
721 585 1
1544 210 2
1740 210 2
1786 210 2
1630 210 2
437 586 2
119 586 2
1654 587 2
1715 587 2
1834 587 2
2169 587 2
2306 587 2
2179 587 2
1974 588 1
1740 588 1
1740 588 1
1814 588 2
1685 588 2
1892 588 2
1849 588 2
1545 588 1
2859 590 1
2824 590 2
635 592 2
2184 592 2
302 592 2
810 592 2
1829 592 2
1740 592 2
631 592 2
2329 592 2
946 592 2
1712 214 2
1993 215 2
481 217 2
385 217 2
2200 218 2
2117 218 2
2163 218 1
2206 218 2
1881 218 2
1881 218 2
2208 218 2
2193 218 2
2194 218 1
2194 218 2
1892 218 2
1877 218 2
2085 218 2
1740 218 2
2188 218 2
2338 218 1
2447 218 2
1786 218 2
1759 218 2
2238 218 2
2128 218 2
1705 218 2
1433 218 2
1963 218 2
1993 218 2
2329 218 2
1951 218 1
2172 218 2
1428 218 2
2343 218 1
1834 218 2
1834 218 2
2306 218 2
2306 218 2
1803 218 2
585 594 1
2942 597 2
2817 597 2
2940 597 2
2793 597 2
2581 597 2
2855 597 2
1042 222 2
2855 222 2
945 222 2
1041 226 2
1077 226 1
1435 601 2
1110 228 2
1191 603 1
897 233 1
1953 604 2
1993 235 2
293 606 2
3267 238 1
3084 238 2
2989 238 2
3260 238 1
3193 238 2
3207 238 2
2860 238 1
2923 238 1
1582 608 1
1582 608 1
1692 608 1
1877 608 2
1407 608 1
1541 608 2
1304 608 1
1473 239 1
3271 612 2
2937 612 2
3084 612 2
3143 612 2
2940 612 2
2940 612 2
3015 612 2
3085 612 2
2882 612 2
3018 612 2
3267 612 2
3216 612 2
3242 612 2
3217 612 2
3142 612 2
2822 612 2
3137 612 2
3270 612 2
2642 612 1
3163 612 2
369 613 1
2200 244 2
2471 244 1
2418 244 2
2208 244 2
2075 244 1
2193 244 2
2194 244 2
2502 244 2
2414 244 2
2169 244 1
2169 244 1
1892 244 2
2484 244 2
2069 244 1
2483 244 2
1933 244 1
2420 244 1
2338 244 2
2447 244 1
2058 244 2
2058 244 2
2393 244 2
2522 244 2
2261 244 2
2526 244 2
2525 244 2
2401 244 1
2401 244 1
2408 244 1
2262 244 2
2231 244 1
2010 244 2
398 245 2
202 245 2
1444 615 1
1321 615 1
1443 615 1
466 616 1
1042 249 2
2069 249 2
1582 618 1
1421 618 2
3085 251 1
2483 619 1
1926 619 1
1974 252 1
2208 252 1
672 253 2
97 253 2
585 253 2
145 253 1
461 253 2
886 620 2
2200 255 2
2447 255 2
2188 255 2
2261 621 2
2264 621 2
2193 621 1
2194 621 1
1933 621 2
2859 622 1
1786 258 2
3104 259 2
2817 259 2
2589 259 1
3064 259 1
2581 259 2
2631 259 1
2913 259 2
2179 624 2
1793 626 2
2547 261 2
2385 261 1
2679 627 2
2536 627 2
2473 627 2
871 262 2
2610 270 2
2525 270 2
668 629 2
421 629 2
629 629 2
1554 630 2
1328 630 2
1328 630 2
1355 630 2
1308 630 2
1277 630 2
1170 630 2
1305 630 2
930 630 2
930 630 2
1434 630 2
1434 630 2
1235 630 2
62 630 2
912 630 2
1059 630 2
945 630 2
1443 630 2
1148 630 2
1233 630 2
1431 630 2
1514 630 2
1204 630 2
1166 630 2
940 630 2
940 630 2
856 630 2
861 630 2
751 630 2
1459 630 2
1561 630 2
1230 630 2
760 630 2
875 630 2
871 630 2
923 630 2
145 632 2
2989 633 2
2641 633 2
2923 633 1
1630 274 1
1416 274 2
2526 634 2
1869 634 2
1444 634 2
2483 634 2
2408 634 1
2522 634 2
2179 634 2
1398 635 1
2401 635 1
1174 635 1
1744 637 2
1452 637 2
1713 637 2
1544 637 2
1431 637 2
1169 637 2
1392 637 2
1759 637 2
1715 637 2
1712 637 2
1849 637 2
1128 275 2
861 275 2
1623 276 2
635 276 2
1233 276 1
810 276 1
912 276 2
1435 276 2
1174 276 2
1027 276 1
1322 276 1
886 276 2
1473 276 1
3100 639 1
2708 640 1
1692 278 2
1355 278 1
1691 278 2
2817 641 2
3100 641 2
2679 641 2
2793 641 2
2641 641 2
2589 641 2
3063 641 2
2855 641 2
2855 641 2
2757 641 2
2882 641 2
2734 641 2
2988 641 2
2652 641 2
2652 641 2
3014 641 2
3014 641 2
2859 641 2
2858 641 1
2620 641 2
2822 641 2
2901 641 2
3137 641 2
2913 641 1
1027 280 2
1421 643 2
1494 643 1
1993 643 2
1951 643 2
1622 645 1
1444 645 2
1059 645 2
1685 645 2
1713 282 2
1929 282 1
1561 282 2
1877 282 2
1759 282 1
1174 282 1
1849 282 2
2755 647 1
1042 283 2
1041 283 2
1166 283 2
1170 283 2
269 283 2
886 283 2
946 283 2
924 283 2
958 283 2
1091 283 2
1235 283 2
1230 283 1
1027 283 2
875 283 2
871 283 2
269 648 2
2484 286 2
2393 286 2
2940 288 2
1582 653 2
1544 653 1
1881 653 2
1651 653 2
1630 653 1
1715 653 2
1705 653 2
1953 653 1
1793 653 2
1304 653 1
1702 653 1
2652 654 2
2858 654 1
2479 289 2
3084 289 2
2940 289 2
3063 289 2
2714 289 2
2714 289 2
2262 289 2
3137 289 2
1951 289 2
2813 289 2
721 290 2
585 291 1
2536 658 2
2813 658 1
3143 294 2
721 298 2
1308 662 1
1282 662 1
2822 300 2
557 301 2
62 301 2
465 664 2
2479 303 2
2571 303 2
2571 303 2
582 303 2
41 303 1
1869 303 2
668 303 2
118 303 2
631 303 2
2502 303 2
1834 303 2
2465 303 2
1306 666 1
897 308 1
2988 667 1
2018 667 1
2855 667 2
2179 667 2
3004 667 1
2184 668 1
2631 669 1
2882 669 1
1713 311 1
2261 311 2
1974 311 1
1392 311 2
1715 311 1
1712 311 2
1834 311 2
2679 312 2
2351 312 2
3014 312 2
3015 312 1
2886 312 2
2860 312 1
2581 312 2
2459 312 2
2901 312 1
2414 312 2
1744 671 1
1452 671 1
2589 672 1
1514 672 2
1621 672 1
2855 672 2
2757 672 1
2734 672 2
2989 672 1
2988 672 1
3115 672 2
1715 672 1
3142 672 1
3092 672 1
3092 672 1
2714 672 1
2822 672 2
1685 672 2
2913 672 2
2610 673 2
2414 673 2
2858 674 1
2620 674 2
1623 313 2
2338 313 2
582 313 2
1622 313 1
668 313 1
2128 313 2
131 313 2
1080 313 1
118 313 2
1499 313 1
1926 313 2
672 313 2
924 313 1
2261 313 2
1829 313 1
527 313 2
3064 313 1
2188 313 2
2188 313 2
2450 313 2
1514 678 2
1077 315 2
886 315 1
1431 680 1
958 680 2
1713 681 1
1428 681 2
1582 681 2
1296 681 1
1308 681 2
1651 681 2
1654 681 1
926 681 1
875 681 2
1659 681 2
1444 683 2
1435 683 2
1204 683 1
1166 683 1
1443 683 2
1940 686 1
1622 686 1
581 321 2
1814 322 2
871 325 1
3104 326 2
3104 326 2
2814 326 1
2817 326 2
3143 326 2
3143 326 2
2793 326 1
2536 326 2
2641 326 2
2589 326 2
3207 326 2
2631 326 2
3129 326 2
3267 326 1
2734 326 2
3059 326 2
2377 326 2
3064 326 1
3142 326 2
2714 326 2
2708 326 2
2664 326 2
2813 326 2
2913 326 2
3084 326 2
2940 326 2
3179 326 1
2677 326 1
3004 326 2
2984 326 1
2988 326 1
2652 326 2
3217 326 2
3115 326 2
3092 326 2
2822 326 2
2901 326 2
3137 326 2
2010 326 2
3163 326 1
2923 326 1
1054 327 2
926 328 1
1993 330 2
2942 692 1
1928 331 2
479 695 2
461 699 2
3137 700 2
1443 701 2
2479 704 2
2465 704 2
1306 706 1
1702 706 2
2473 338 2
378 707 2
480 339 2
1744 340 1
1692 340 1
934 340 2
2085 340 1
1829 340 1
2188 340 2
2194 340 2
2473 340 2
2231 340 2
1849 340 2
1793 340 2
97 708 2
721 708 2
1308 708 1
421 708 2
527 708 2
3104 342 2
3271 342 1
2505 342 1
3216 342 2
3260 342 1
2755 342 1
3207 342 1
2887 342 2
2664 342 2
3270 342 1
3270 342 1
3129 342 2
2128 710 2
1027 711 1
467 345 2
1623 347 1
1622 347 2
398 713 2
388 713 2
461 713 2
1227 349 1
3193 714 2
2822 714 1
3270 714 1
1554 350 1
1692 350 1
1169 350 1
1444 350 1
1705 350 1
1322 350 1
1963 350 1
1691 350 1
1305 350 1
1452 350 1
958 350 2
2185 350 1
1740 350 1
1740 350 1
2069 350 1
1416 350 1
2473 350 2
1529 350 2
1443 350 2
472 355 1
369 355 2
2194 355 2
468 717 2
1928 718 2
338 719 1
958 721 2
1054 721 1
176 356 2
497 356 2
498 356 2
155 356 2
461 356 1
173 356 1
202 356 1
472 356 2
398 356 2
388 356 2
369 356 1
145 356 2
261 356 1
464 356 1
465 356 1
478 356 2
479 356 2
483 356 1
482 356 1
481 356 2
385 356 2
378 356 2
370 356 2
468 356 1
183 356 2
467 356 1
466 356 1
171 356 1
196 356 2
3115 722 2
131 722 2
3092 722 1