3019 1 1
1240 358 2
2135 2 2
2467 2 2
2870 3 2
2657 3 2
2291 359 2
288 4 2
2427 6 1
2489 6 2
2154 6 2
900 361 2
2237 8 1
1975 362 2
2228 362 2
964 362 2
1237 362 1
2363 362 2
2149 362 2
2489 362 1
2148 362 2
2257 362 1
2142 362 2
2378 362 2
963 362 2
2531 362 1
2302 362 1
2456 362 1
1147 363 2
1147 363 2
1088 363 2
1406 363 2
1923 363 2
1515 363 2
644 363 2
1508 363 2
1606 363 2
1310 363 2
1592 363 2
1391 363 2
1391 363 2
1441 363 2
870 363 2
1687 363 2
1555 363 2
995 363 2
995 363 2
2269 363 2
2269 363 2
1370 363 2
1664 363 2
994 363 2
1832 363 2
1832 363 2
767 363 2
768 363 2
756 363 2
756 363 2
1761 363 2
2135 363 2
2182 363 2
108 363 2
1126 363 2
1126 363 2
1469 363 2
916 363 2
916 363 2
1255 363 2
1255 363 2
1240 363 2
1240 363 2
991 363 2
1701 363 2
1222 363 2
2257 363 2
2142 363 2
800 363 2
1842 363 2
1842 363 2
1303 363 2
1303 363 2
1994 363 2
1320 363 2
743 363 2
786 363 2
786 363 2
1014 363 2
1014 363 2
1239 363 2
530 363 2
992 363 2
2143 363 2
951 363 2
882 363 2
882 363 2
1338 363 2
1338 363 2
1339 363 2
1339 363 2
1340 363 2
1340 363 2
2243 363 2
1249 363 2
908 363 2
2030 363 2
2046 363 2
2046 363 2
2105 363 2
1357 363 2
1031 363 2
1031 363 2
1238 363 2
1256 363 2
1237 363 2
1522 363 2
2149 363 2
2045 363 2
648 363 2
845 363 2
2258 363 2
2113 363 2
2148 363 2
2148 363 2
2147 363 2
2147 363 2
2146 363 2
559 363 2
1480 363 2
1755 363 2
1187 363 2
1734 363 2
903 363 2
1236 363 2
2048 363 2
2237 363 2
2047 363 2
1005 363 2
1192 363 2
2126 363 2
2126 363 2
1083 363 2
1261 363 2
1542 363 2
1260 363 2
1260 363 2
1772 363 2
1607 363 2
1288 363 2
964 363 2
1605 363 2
887 363 2
60 363 2
427 363 2
1429 363 2
1429 363 2
273 363 2
1475 363 2
963 363 2
1411 363 2
1253 363 2
1253 363 2
1254 363 2
1975 363 2
1549 363 2
2180 363 2
137 363 2
138 363 2
2166 363 2
561 363 2
422 363 2
1490 363 2
546 363 2
1488 363 2
1489 363 2
1489 363 2
1486 363 2
1487 363 2
1487 363 2
1932 363 2
1036 363 2
525 363 2
1006 363 2
1485 363 2
1871 363 2
870 364 1
2147 13 2
2228 13 2
2491 15 2
782 370 2
1542 16 1
247 371 2
1480 372 2
2291 377 2
681 19 2
180 19 2
233 19 2
1031 385 2
1320 387 2
1469 387 2
1593 387 2
1665 387 2
1927 387 2
2031 387 2
1760 387 2
1832 387 2
1480 387 2
1487 387 2
1475 387 2
1441 387 1
1842 387 2
1687 387 1
2030 387 2
2030 387 2
1871 387 2
1871 387 2
1147 26 2
2013 26 2
782 26 2
1665 26 2
2678 26 2
136 26 2
411 26 2
735 26 2
2271 26 2
516 26 2
2491 26 2
2363 26 2
993 26 2
1664 26 2
1664 26 2
994 26 2
2154 26 2
1760 26 2
767 26 2
728 26 2
768 26 2
729 26 2
2135 26 2
2015 26 2
108 26 2
1703 26 2
2583 26 2
1126 26 2
916 26 2
1469 26 2
1255 26 2
1240 26 2
991 26 2
900 26 2
1222 26 2
2142 26 2
2378 26 2
1303 26 2
2396 26 2
1320 26 2
743 26 2
786 26 2
786 26 2
1239 26 2
2379 26 2
882 26 2
572 26 2
908 26 2
908 26 2
2046 26 2
2105 26 2
549 26 2
1357 26 2
444 26 2
1522 26 2
2427 26 2
695 26 2
2045 26 2
648 26 2
2044 26 2
454 26 2
2258 26 2
2148 26 2
2291 26 2
2146 26 2
559 26 2
2145 26 2
1755 26 2
1734 26 2
903 26 2
289 26 2
2469 26 2
2554 26 2
2070 26 2
2047 26 2
2430 26 2
1005 26 2
2550 26 2
418 26 2
1288 26 2
2043 26 2
2228 26 2
1746 26 2
1746 26 2
60 26 2
2355 26 2
2355 26 2
333 26 2
543 26 2
1253 26 2
2551 26 2
2558 26 2
547 26 2
2180 26 2
137 26 2
2166 26 2
561 26 2
1490 26 2
1486 26 2
2366 26 2
1484 26 2
1006 26 2
1485 26 2
2302 26 2
2456 26 2
2732 27 1
2705 27 2
2258 388 1
1549 28 1
695 28 1
181 28 2
1975 30 2
2126 30 2
2363 31 1
530 389 2
1832 390 2
1937 390 1
13 33 2
9 33 2
475 33 2
682 33 2
350 33 2
2705 391 1
2976 392 2
1975 396 2
546 397 1
2228 398 1
2583 398 2
1005 34 1
834 34 2
1703 399 2
1832 399 2
1469 399 2
1645 399 1
1761 399 1
1370 399 1
1746 399 1
1555 399 2
3034 35 1
2810 35 2
3023 35 2
2946 35 2
2124 401 1
2116 401 1
1975 401 1
2222 401 1
1549 401 1
2048 401 2
1320 401 1
1593 401 2
887 401 1
2044 401 2
900 401 1
2031 401 2
1429 401 2
1488 401 1
1480 401 2
2550 401 2
1484 401 2
2015 401 2
2030 401 2
403 36 2
682 36 2
401 36 2
2243 404 2
2046 405 2
2043 405 2
547 405 2
1083 405 1
882 405 1
786 405 1
1734 405 2
2047 405 1
992 406 2
136 39 2
1370 410 2
2363 416 2
1031 417 2
1357 417 2
1522 417 1
1515 417 2
1240 417 2
900 417 2
1192 417 1
1338 417 2
1187 417 2
1484 417 2
1441 417 2
1734 417 1
870 417 2
1254 417 2
2912 43 2
1014 44 2
325 45 2
992 47 1
2030 51 2
1515 421 1
3152 52 1
836 52 1
3025 52 1
443 52 1
2922 52 2
1605 52 1
2403 52 1
2743 52 1
3088 52 1
3034 52 2
2675 52 1
537 52 2
333 52 2
46 52 1
560 52 2
1734 52 2
1507 52 1
3046 52 2
2810 52 2
3023 52 2
1595 52 2
2912 52 2
3252 52 2
3252 52 2
3108 52 1
2808 52 1
516 52 1
3118 52 1
2918 52 1
2617 52 1
2885 52 2
2885 52 2
288 52 2
3146 52 2
3146 52 2
1772 52 1
3221 52 1
3221 52 1
2975 52 2
1236 422 2
2143 422 1
1832 422 2
2149 422 2
2558 424 2
1923 425 1
1871 425 2
320 427 2
454 427 2
3136 57 1
2912 57 1
3252 57 1
3108 57 1
2808 57 1
3107 57 1
3118 57 1
2717 57 1
2743 57 1
3257 57 1
3221 57 1
3221 57 1
3159 57 1
1592 63 1
1254 63 2
2396 65 2
845 437 2
1238 69 1
1469 69 2
1338 70 2
1701 72 1
1927 72 1
2143 443 2
1489 443 2
1486 443 1
2550 443 2
2149 443 2
1507 443 2
3046 443 2
403 77 2
422 78 2
2550 447 2
2378 81 2
2348 81 2
2456 81 2
471 449 2
1391 451 2
2237 452 2
333 453 2
1429 453 1
1489 453 2
525 453 2
1507 453 1
1338 456 2
1339 456 2
1340 456 2
836 84 2
834 84 2
1083 84 1
138 86 2
13 460 2
349 89 2
411 89 2
1486 90 2
1484 90 1
1485 90 2
2013 91 2
2116 91 1
2269 91 2
1975 91 1
2228 91 2
2180 91 1
2237 91 1
1923 91 1
1593 91 1
2379 91 2
2031 91 1
2113 91 1
2148 91 2
2147 91 2
2291 91 2
2146 91 2
2129 91 1
1339 92 2
964 462 2
963 462 2
3206 95 1
363 465 1
252 465 2
684 465 2
681 465 2
4 465 2
458 465 2
543 465 1
181 465 2
259 465 2
288 97 2
1488 98 2
1832 98 2
1755 98 2
1391 98 2
1772 98 2
1788 98 2
1595 468 2
2105 469 2
1254 101 2
1607 104 1
2146 470 2
2145 105 2
2705 471 2
2706 471 2
3241 472 1
1147 108 2
782 108 2
964 108 2
1126 108 2
993 108 2
994 108 2
834 108 2
1488 108 2
800 108 2
951 108 2
951 108 2
560 108 2
882 108 2
767 108 1
525 108 2
963 108 2
1391 108 2
908 108 2
2363 109 2
2243 109 1
2489 109 1
546 473 2
273 473 2
1665 474 1
2113 476 1
2116 476 1
2142 476 2
2378 476 2
2143 476 1
2145 476 2
2150 476 2
2427 476 2
2015 476 1
2258 476 1
2182 476 1
2355 476 2
651 477 2
2046 114 1
1760 114 2
2257 114 2
2070 114 2
15 114 2
1994 114 2
2207 114 1
2 114 2
2166 114 1
2182 114 1
2355 114 2
2379 114 2
2675 115 1
252 480 2
680 480 2
14 481 2
47 481 1
680 481 2
475 481 2
15 481 1
4 481 2
403 481 2
2 481 2
1927 481 1
2870 482 2
2774 482 1
2743 482 2
3029 482 1
3204 484 2
2706 484 2
2922 117 2
2980 485 1
2912 485 2
108 486 1
47 486 2
444 486 2
651 486 2
559 486 2
695 486 1
458 487 2
259 487 1
2228 488 1
1261 123 1
1006 126 1
995 491 2
325 491 1
547 491 2
1126 491 2
525 491 2
963 491 1
1014 491 1
901 491 1
530 491 2
2558 128 2
2070 492 1
537 495 2
349 495 1
2135 496 1
782 131 2
767 131 1
768 131 2
463 498 1
299 499 2
2912 499 1
3257 499 1
516 504 2
2340 505 2
1256 505 1
1255 505 2
2494 505 2
1253 505 2
1254 505 2
1994 133 2
2044 133 1
3152 134 2
2885 134 2
2946 134 1
3108 134 1
3146 134 2
3027 134 2
3261 134 1
2743 134 1
3029 134 2
3221 134 1
547 510 1
1932 136 1
2535 136 1
3152 138 1
3191 138 1
2976 138 2
2705 138 2
2783 138 1
2557 138 2
3215 138 1
3040 138 2
3040 138 2
3088 138 1
2678 138 2
2870 138 2
3107 138 2
3107 138 2
3026 138 2
3027 138 2
2967 138 2
2967 138 2
3046 138 2
2662 138 1
2396 138 2
2763 138 1
2916 138 1
3252 138 1
3108 138 1
2742 138 2
3206 138 2
2773 138 1
2732 138 1
2617 138 2
2885 138 2
2774 138 1
3241 138 2
2919 138 1
3146 138 2
3146 138 2
3265 138 1
2717 138 1
3159 138 2
2975 138 1
2046 513 2
148 513 2
15 513 2
4 513 2
471 513 2
350 513 2
233 513 2
363 513 1
13 513 2
597 513 1
680 513 2
7 513 2
475 513 2
684 513 2
458 513 2
682 513 2
252 513 2
181 513 2
463 513 2
6 513 2
9 513 2
247 513 2
8 513 2
5 513 2
1 513 2
2 513 2
259 513 2
1147 140 2
1088 140 2
1357 140 1
1357 140 2
782 140 2
782 140 2
964 140 2
916 140 2
1255 140 1
845 140 2
1240 140 1
644 140 2
1508 140 2
333 140 2
800 140 2
1480 140 2
1187 140 2
1391 140 2
1842 140 2
1734 140 2
1303 140 1
1507 140 2
735 140 1
743 140 1
743 140 2
786 140 1
786 140 2
1014 140 2
1014 140 1
901 140 2
993 140 2
992 140 2
994 140 2
994 140 2
883 140 2
1005 140 2
1490 140 2
1490 140 2
834 140 2
1192 140 2
1488 140 2
1083 140 2
1489 140 2
951 140 2
951 140 2
1487 140 2
767 140 2
728 140 2
756 140 2
768 140 2
729 140 2
1761 140 2
1340 140 2
908 140 2
1429 142 2
1487 142 2
1469 142 2
1515 142 2
2047 142 2
735 144 1
299 148 2
2919 150 2
2143 152 1
2149 152 2
1320 154 2
1555 154 2
1391 155 2
1932 156 1
1522 156 1
2044 156 2
995 158 1
2214 526 1
1508 527 2
1490 527 2
1488 527 2
1489 527 2
1487 527 1
13 529 2
475 529 2
2302 162 1
2732 164 1
597 165 2
2013 167 2
1031 167 1
2043 167 2
782 167 2
964 167 1
1923 167 1
916 167 1
1255 167 1
1256 167 1
1746 167 1
537 167 2
800 167 2
273 167 1
543 167 2
1842 167 2
1253 167 1
1254 167 1
3028 167 2
995 167 2
990 167 1
993 167 1
561 167 2
2773 167 1
546 167 1
834 167 2
951 167 1
882 167 1
882 167 1
767 167 1
756 167 2
768 167 1
2774 167 1
2706 167 2
908 167 1
1871 167 1
1261 531 1
870 531 1
1255 171 2
1254 171 1
903 171 1
991 171 2
1486 534 2
1406 173 1
1338 173 2
1339 173 2
1340 173 2
994 173 2
2805 174 1
1607 539 1
1592 539 2
343 540 2
138 540 2
136 540 2
728 540 2
2518 541 2
2378 541 2
1542 541 1
2302 541 1
2243 541 2
2467 541 2
2494 541 2
2430 541 1
1411 542 1
995 543 1
427 543 2
549 543 2
537 543 2
743 543 2
887 543 2
903 543 2
2031 544 1
2043 544 2
951 544 2
1480 544 2
320 544 2
2271 544 1
3028 544 2
572 545 2
836 175 2
1147 175 2
1357 175 2
1288 175 2
1406 175 2
964 175 2
1515 175 2
1310 175 2
963 175 2
1391 175 2
1441 175 2
1303 175 2
1253 175 2
990 175 2
1236 175 2
1320 175 2
1593 175 2
901 175 2
993 175 2
992 175 2
994 175 2
422 175 2
834 175 2
1192 175 2
1261 175 2
1338 175 2
1338 175 2
1339 175 1
1339 175 2
1260 175 2
1340 175 2
1340 175 2
1249 175 2
2046 176 2
2291 176 2
2378 176 2
2378 176 2
2126 176 2
1932 176 1
2271 176 1
1755 176 2
1937 176 1
2302 176 1
2015 176 2
2348 176 1
2030 176 2
1486 177 2
756 177 2
1260 177 2
1260 177 2
1484 177 2
1485 177 2
1411 177 1
1507 177 1
1222 548 2
743 548 2
887 548 2
1253 548 2
1147 178 1
1088 178 1
549 178 1
1031 178 1
443 178 1
782 178 1
444 178 1
1237 178 1
695 178 1
648 178 1
644 178 1
454 178 1
47 178 1
651 178 1
559 178 1
560 178 1
136 178 1
1187 178 1
1187 178 1
411 178 1
289 178 1
735 178 1
325 178 1
516 178 1
901 178 1
993 178 1
994 178 1
299 178 1
883 178 1
343 178 1
834 178 1
1192 178 1
1192 178 1
767 178 1
288 178 1
1260 178 1
1260 178 1
728 178 1
729 178 1
418 178 1
108 178 1
1288 178 1
964 178 1
1126 178 1
1126 178 1
887 178 1
60 178 1
427 178 1
537 178 1
333 178 1
800 178 1
46 178 1
273 178 1
963 178 1
963 178 1
1254 178 1
547 178 1
137 178 1
138 178 1
743 178 1
786 178 1
530 178 1
561 178 1
422 178 1
546 178 1
951 178 1
349 178 1
525 178 1
572 178 1
1006 178 1
908 178 1
908 178 1
2557 182 2
1484 182 2
14 552 2
153 552 1
403 552 1
471 552 1
463 552 2
6 552 1
363 552 2
680 552 2
683 552 2
180 552 1
1 552 2
1484 552 2
682 552 2
3152 554 1
2670 554 1
3191 554 1
2976 554 1
2705 554 1
2783 554 1
2557 554 1
3215 554 1
2743 554 1
3040 554 1
3088 554 1
2678 554 1
2980 554 1
3136 554 1
3136 554 1
2946 554 1
2946 554 1
3107 554 1
3107 554 1
3026 554 1
2967 554 1
3028 554 1
2396 554 1
2763 554 1
2763 554 1
2810 554 1
3019 554 1
3023 554 1
2912 554 1
2912 554 1
2916 554 1
3204 554 1
3252 554 1
3252 554 1
2808 554 1
3108 554 1
3108 554 1
2742 554 1
3090 554 1
3090 554 1
3257 554 1
3206 554 1
2918 554 1
2732 554 1
2617 554 1
2853 554 1
2706 554 1
3241 554 1
2655 554 1
3146 554 1
3146 554 1
3261 554 1
3221 554 1
2648 554 1
47 187 2
443 187 2
651 187 2
559 187 2
320 187 1
728 187 2
572 187 2
729 187 2
543 187 2
411 187 2
454 187 2
289 187 2
2271 188 1
2237 560 1
2149 560 2
1288 561 1
1187 190 2
401 191 2
2043 565 2
1338 565 2
1391 565 2
252 193 2
148 193 2
15 193 1
4 193 1
471 193 2
350 193 2
401 193 2
233 193 1
6 193 1
363 193 2
597 193 2
247 193 1
683 193 2
5 193 1
684 193 1
681 193 1
180 193 1
458 193 2
1 193 2
2 193 1
259 193 2
1489 194 2
1475 197 1
1441 197 1
1260 199 2
2670 200 1
2946 200 1
2657 200 2
2783 200 1
3027 200 1
3046 200 2
3024 200 1
3152 576 2
108 576 1
2922 576 2
2976 576 2
2705 576 2
2705 576 2
3215 576 2
2403 576 2
2743 576 2
2678 576 2
2148 576 2
2147 576 2
2980 576 2
2146 576 2
3107 576 2
3046 576 2
3046 576 2
2662 576 1
3028 576 2
990 576 1
2763 576 2
2763 576 2
3252 576 1
3108 576 2
3090 576 2
993 576 1
3257 576 2
994 576 2
2706 576 2
3146 576 2
2655 576 2
3261 576 2
3265 576 2
3221 576 1
2046 203 2
2031 203 2
1475 203 2
2030 203 2
2396 579 2
2810 579 2
2980 579 2
2922 579 2
3108 579 2
2783 579 2
2783 579 2
3026 579 1
3090 579 2
3027 579 1
2690 579 2
2648 579 2
2269 204 2
2269 204 2
2554 204 2
2146 204 2
2366 204 2
2150 204 2
2363 204 2
1842 204 2
2243 204 2
2149 204 2
2207 204 1
2166 204 2
1260 580 2
2046 206 1
836 206 1
2013 206 2
2391 206 1
1255 206 2
1256 206 1
2355 206 2
1222 206 1
1490 206 1
1488 206 2
1489 206 2
1480 206 2
1487 206 1
1340 206 2
2243 206 2
2015 206 1
1253 206 2
1254 206 2
2456 206 1
2271 207 1
2763 209 2
2670 209 2
3023 209 2
2976 209 1
2657 209 1
2403 209 1
2743 209 2
2773 209 1
3088 209 1
3034 209 2
2885 209 2
2706 209 1
2975 209 1
2113 582 1
1607 582 1
2126 582 2
2207 582 1
2015 582 2
2258 582 1
2355 582 2
1238 210 1
1832 210 2
1542 210 2
1772 210 2
1746 210 1
1760 587 2
2222 587 2
2146 587 2
1542 587 2
1761 587 2
2302 587 2
1708 587 1
1804 588 1
1429 588 2
1487 588 1
1606 588 2
1842 588 1
1239 588 1
1664 588 2
2783 590 1
2774 590 1
2968 590 2
3028 590 2
2391 213 2
995 592 2
883 592 2
560 592 2
320 592 2
756 592 2
908 592 2
2044 592 2
2182 592 1
2045 215 2
5 217 2
2105 218 1
2116 218 2
1607 218 2
2043 218 2
2222 218 2
2391 218 1
2044 218 2
1746 218 2
1240 218 2
2355 218 2
1701 218 1
2113 218 1
2257 218 2
2147 218 2
2291 218 2
2378 218 2
1429 218 1
2145 218 2
1606 218 2
1645 218 2
2207 218 2
1734 218 2
2269 218 2
2269 218 2
2180 218 2
1994 218 2
2271 218 2
2271 218 2
2144 218 2
1708 218 2
2166 218 1
2348 218 2
2154 218 1
2379 218 2
1927 218 1
1489 218 2
2340 218 2
1932 218 1
2135 218 2
1484 218 2
2302 218 2
2243 218 1
1485 218 1
2030 218 2
1031 595 1
767 220 1
1255 220 2
1256 220 1
1253 220 2
1254 220 2
2870 597 2
2994 597 2
2783 597 2
2919 597 2
3029 597 2
2648 597 2
995 222 2
2922 222 2
1126 222 2
2967 222 1
1975 223 2
1734 223 1
2145 598 2
2558 600 2
1788 227 2
1508 601 2
992 228 2
2048 229 2
2763 602 2
3107 602 1
325 233 1
768 605 2
1555 607 1
2678 238 2
3191 238 2
3136 238 2
2916 238 2
3252 238 2
3261 238 2
3118 238 2
1490 608 1
1842 608 2
1664 608 2
2044 608 2
1746 608 1
3191 612 2
2670 612 2
2922 612 2
3019 612 2
3204 612 2
3252 612 2
3252 612 2
3108 612 2
3108 612 2
2742 612 2
2557 612 2
3090 612 2
3215 612 2
2743 612 2
3257 612 2
3257 612 2
3206 612 2
2980 612 2
3136 612 2
2946 612 2
2994 612 2
2853 612 2
3241 612 2
2655 612 2
3022 612 2
3159 612 2
5 613 1
2228 244 2
2427 244 2
2427 244 2
2494 244 2
2489 244 2
2044 244 2
2044 244 2
2148 244 2
2257 244 2
2147 244 2
2291 244 2
2142 244 2
2378 244 2
2146 244 2
2145 244 1
2558 244 2
2269 244 2
2180 244 1
2144 244 2
2363 244 2
2379 244 2
2126 244 2
2126 244 2
2143 244 2
2302 244 2
2243 244 2
2243 244 2
1772 244 2
1788 244 2
2182 244 2
1871 244 2
963 245 1
1320 615 2
994 615 2
1760 249 2
1249 249 2
644 249 2
1515 618 2
3026 251 2
3027 251 2
3040 251 2
2046 619 1
1804 252 2
443 253 2
153 253 2
572 253 2
530 253 2
2237 254 2
1303 620 2
1923 255 1
2166 255 2
2044 621 1
1788 621 2
2853 622 1
3024 622 2
2237 258 1
2773 259 1
3023 259 2
2912 259 2
2774 259 1
2968 259 2
3090 259 2
2717 259 1
2805 259 1
3040 259 2
1339 623 2
2430 261 1
2456 261 1
782 627 2
2427 627 1
1014 627 1
2366 263 2
3040 265 2
2222 270 1
273 629 2
349 629 2
289 629 2
549 630 2
1147 630 2
1147 630 2
1357 630 2
1357 630 2
916 630 2
916 630 2
1469 630 2
1255 630 1
1237 630 2
1515 630 2
648 630 2
60 630 2
427 630 2
1222 630 2
800 630 2
1480 630 2
1187 630 2
1475 630 2
1441 630 2
1303 630 2
1303 630 2
1253 630 2
903 630 2
995 630 2
990 630 2
1236 630 2
743 630 2
1014 630 2
993 630 2
1490 630 2
834 630 2
1192 630 2
1488 630 2
1489 630 2
1486 630 2
882 630 2
1487 630 2
1036 630 2
756 630 2
1260 630 2
1340 630 2
1484 630 2
1249 630 2
1485 630 2
1645 631 1
1708 631 1
148 632 1
683 632 2
153 632 2
401 632 2
181 632 2
463 632 2
2975 633 1
1475 274 2
2045 274 1
2291 634 2
2291 634 2
2070 634 2
2583 634 2
2366 634 1
2145 635 2
2363 635 1
2491 635 2
2258 635 2
1804 637 2
1469 637 2
1842 637 2
1485 637 2
1664 637 2
1303 637 2
1687 637 2
1788 637 2
756 275 2
3221 638 1
325 276 2
2222 276 1
964 276 1
1320 276 1
2237 276 1
2271 276 1
1522 276 1
1014 276 1
845 276 2
1192 276 1
800 276 2
2146 276 2
882 276 1
1310 276 1
756 276 2
1475 276 2
1411 276 1
422 639 2
1357 278 2
2670 641 2
3025 641 2
3019 641 2
3023 641 2
3023 641 2
2705 641 2
2916 641 2
2742 641 2
2805 641 2
2918 641 2
3034 641 2
2678 641 2
2870 641 2
2706 641 2
2706 641 2
3026 641 2
2968 641 2
3027 641 2
3027 641 2
2967 641 2
3046 641 2
2648 641 1
990 280 2
1595 643 2
1031 645 2
1611 645 2
2045 645 2
1664 645 2
1871 645 2
1703 282 1
2043 282 2
1611 282 2
1480 282 2
1475 282 2
1391 282 2
1593 282 2
1746 282 1
2946 647 1
3040 647 2
834 283 2
964 283 2
1126 283 2
882 283 2
916 283 2
768 283 2
1249 283 2
993 283 2
1239 283 2
992 283 2
3025 284 1
1975 649 2
1240 649 1
2148 652 2
2147 652 2
2146 652 2
2968 288 1
2743 288 1
2967 288 2
2662 288 1
1975 653 1
1488 653 1
1611 653 2
1605 653 2
1370 653 1
1593 653 1
1485 653 2
1239 653 1
1487 656 2
1475 656 2
2763 289 2
2810 289 2
2271 289 2
2783 289 2
3090 289 2
3118 289 2
2805 289 2
2918 289 2
2617 289 2
3136 289 2
3107 289 2
1475 289 2
2655 289 2
3046 289 2
2975 289 2
1187 657 2
2808 658 2
3146 294 2
3221 294 2
299 295 2
2922 299 2
1126 661 2
2105 663 1
1606 663 1
3025 300 1
2922 300 2
2885 300 2
2657 300 1
648 301 2
2583 303 2
444 303 1
1595 303 2
137 303 2
2149 303 1
2427 303 1
2166 303 1
2355 303 2
2150 303 2
288 303 1
418 303 2
543 303 2
411 303 2
2302 303 2
1701 666 2
2885 667 2
2968 667 2
2403 667 1
2427 667 1
3029 667 2
2015 667 2
2129 667 2
3024 667 2
2126 668 2
2182 668 2
6 310 1
2675 669 1
836 311 1
2126 311 2
1611 311 2
1595 311 2
1486 311 2
1515 311 1
2427 311 1
1664 311 1
2105 312 1
2396 312 2
3023 312 2
2166 312 1
1927 312 1
2535 312 2
3088 312 1
2147 312 2
2853 312 2
2655 312 1
3027 312 2
2967 312 2
3022 312 2
3046 312 2
3024 312 2
14 670 1
597 670 2
1755 671 1
992 671 2
1549 672 1
2912 672 2
1469 672 2
2690 672 1
1708 672 1
3040 672 2
3034 672 2
2885 672 2
684 672 2
2946 672 1
2994 672 1
2706 672 2
3241 672 1
2717 672 1
2967 672 1
2967 672 2
3022 672 2
3046 672 2
2743 674 2
2105 313 2
1147 313 2
2269 313 2
1406 313 2
2043 313 2
138 313 2
2237 313 1
1605 313 1
1515 313 1
3090 313 2
2166 313 1
2258 313 1
2258 313 1
991 313 2
2355 313 2
299 313 2
883 313 1
1005 313 2
1083 313 2
349 313 1
136 313 2
963 313 1
2243 313 2
908 315 2
1357 680 2
1310 680 1
2043 681 2
2048 681 1
1320 681 1
1592 681 1
1411 681 1
1665 681 1
1664 681 2
1555 681 2
991 681 2
1486 683 2
2391 685 2
2675 686 1
2469 686 1
2070 686 2
2143 686 1
2145 686 2
2366 686 1
2237 686 2
1832 686 2
2557 686 2
2149 686 2
1842 686 2
2705 321 2
2706 321 2
1871 322 2
1088 325 1
2670 326 2
2922 326 2
2783 326 2
3215 326 2
2403 326 2
2535 326 2
3040 326 2
3136 326 2
3136 326 2
2946 326 1
3107 326 2
2531 326 1
2662 326 1
2763 326 2
2912 326 2
2916 326 2
3204 326 2
2808 326 2
3090 326 2
3090 326 2
3206 326 2
3257 326 1
2732 326 1
2617 326 1
2994 326 2
2853 326 2
2919 326 1
3146 326 2
3265 326 1
2648 326 1
1192 689 2
916 689 1
1187 689 1
1734 689 2
1804 327 1
1339 690 2
1429 330 2
2030 330 2
2675 692 1
651 692 2
1664 333 2
992 696 2
1703 337 1
2030 337 2
2557 700 2
1441 701 1
1192 703 2
2105 704 2
2015 338 2
1975 340 2
1406 340 2
1488 340 1
1485 340 2
1687 340 1
2154 340 2
1237 341 1
995 708 1
47 708 2
343 708 2
1236 708 1
743 708 2
1006 708 2
1515 708 1
870 708 1
454 708 2
289 708 2
2763 342 2
3191 342 1
3136 342 2
3204 342 2
2742 342 2
3261 342 1
3257 342 1
3206 342 2
3159 342 2
786 344 1
756 346 2
148 713 2
153 713 2
681 713 2
1 713 2
350 713 2
2773 714 1
2922 714 2
2967 714 2
3028 714 2
1490 350 1
1611 350 2
1832 350 2
1606 350 2
1592 350 1
1469 350 2
1605 350 1
1708 350 1
1665 350 1
1746 350 1
1871 350 2
2142 351 2
14 355 2
729 355 1
2258 355 1
2142 718 2
1187 718 2
343 719 2
743 719 1
14 356 1
148 356 2
15 356 2
4 356 1
471 356 2
350 356 2
233 356 1
13 356 2
597 356 1
680 356 2
475 356 2
683 356 1
684 356 1
458 356 1
682 356 2
252 356 2
153 356 1
403 356 1
401 356 2
181 356 1
463 356 2
6 356 1
247 356 1
8 356 1
5 356 1
681 356 1
180 356 2
1 356 2
2 356 2
259 356 1
1429 357 2