2971 1 1
1057 358 1
2809 3 1
2449 6 2
2449 6 2
2328 6 1
2241 8 2
2497 362 2
2273 362 1
2361 362 1
2361 362 1
1837 362 2
2267 362 1
2360 362 1
2209 362 1
2242 362 2
2123 362 1
1521 362 2
2159 362 2
1534 362 2
1608 362 1
2171 362 1
319 10 2
1358 363 2
1358 363 2
1722 363 2
872 363 2
872 363 2
1733 363 2
794 363 2
1723 363 2
52 363 2
2267 363 2
2241 363 2
1234 363 2
1216 363 2
1216 363 2
129 363 2
1672 363 2
2159 363 2
852 363 2
2052 363 2
2008 363 2
1171 363 2
1004 363 2
1721 363 2
2026 363 2
552 363 2
1905 363 2
1298 363 2
1221 363 2
739 363 2
739 363 2
36 363 2
970 363 2
970 363 2
1874 363 2
1215 363 2
1781 363 2
1058 363 2
740 363 2
1015 363 2
1117 363 2
1117 363 2
2057 363 2
1878 363 2
865 363 2
865 363 2
1106 363 2
2171 363 2
1425 363 2
2232 363 2
2011 363 2
1910 363 2
1053 363 2
1053 363 2
1610 363 2
558 363 2
1267 363 2
2273 363 2
1845 363 2
1057 363 2
1741 363 2
1368 363 2
1368 363 2
1190 363 2
1481 363 2
1453 363 2
2297 363 2
1866 363 2
864 363 2
1534 363 2
1129 363 2
967 363 2
1194 363 2
1546 363 2
1546 363 2
2285 363 2
38 363 2
2457 363 2
1003 363 2
769 363 2
2009 363 2
2123 363 2
911 363 2
1051 363 2
1232 363 2
1551 363 2
1551 363 2
813 363 2
1669 363 2
839 363 2
812 363 2
1002 363 2
1527 363 2
1527 363 2
1413 363 2
1820 363 2
1820 363 2
1414 363 2
2005 363 2
921 363 2
921 363 2
1087 363 2
876 363 2
876 363 2
554 363 2
1533 363 2
1876 363 2
2156 363 2
799 363 2
799 363 2
1624 363 2
1739 363 2
1882 363 2
2296 363 2
2219 363 2
989 363 2
989 363 2
1492 363 2
1492 363 2
1199 363 2
1199 363 2
2209 363 2
1521 363 2
1521 363 2
986 363 2
986 363 2
1836 363 2
1836 363 2
2268 363 2
855 363 2
1383 363 2
1383 363 2
1390 363 2
1390 363 2
2245 363 2
2246 363 2
2246 363 2
1074 363 2
1465 363 2
1942 363 2
1942 363 2
1060 363 2
1550 363 2
1445 363 2
1445 363 2
2197 363 2
981 363 2
1446 363 2
1446 363 2
1650 363 2
1650 363 2
2236 363 2
788 363 2
1727 363 2
1727 363 2
2324 363 2
868 363 2
747 363 2
747 363 2
831 363 2
831 363 2
2108 363 2
1890 363 2
1094 363 2
1862 363 2
2111 363 2
1663 363 2
1279 363 2
1279 363 2
1388 363 2
742 363 2
1737 363 2
1737 363 2
1447 363 2
2006 363 2
2006 363 2
1838 363 2
1886 363 2
1886 363 2
1608 363 2
1608 363 2
1460 363 2
1644 363 2
1352 363 2
1352 363 2
1533 16 1
1563 16 1
868 16 2
1074 372 2
1234 372 1
1521 372 2
1413 372 1
1551 372 1
2555 374 2
2490 375 1
221 19 2
236 19 2
223 19 2
226 19 2
552 20 1
1060 385 1
1610 387 1
1942 387 2
1733 387 1
1820 387 2
1414 387 1
2005 387 2
1550 387 2
1190 387 1
1481 387 2
1453 387 2
1672 387 2
2052 387 2
1807 387 2
1807 387 2
1721 387 2
1624 387 1
1394 387 1
1890 387 2
1882 387 2
1663 387 1
1767 387 2
1492 387 2
2009 387 2
1737 387 1
1051 387 1
2006 387 2
2006 387 1
1912 387 2
2057 387 1
1878 387 2
1669 387 2
1910 387 1
794 26 2
794 26 2
2267 26 2
127 26 2
1216 26 2
339 26 2
129 26 2
130 26 2
1482 26 2
2052 26 2
1004 26 2
1721 26 2
2278 26 2
1905 26 2
2230 26 2
713 26 2
739 26 2
2322 26 2
1874 26 2
453 26 2
1450 26 2
519 26 2
1117 26 2
1878 26 2
1106 26 2
1831 26 2
2332 26 2
1053 26 2
2133 26 2
1610 26 2
558 26 2
542 26 2
2273 26 2
2273 26 2
2361 26 2
1741 26 2
2474 26 2
2297 26 2
1866 26 2
864 26 2
280 26 2
1129 26 2
1546 26 2
2593 26 2
2285 26 2
38 26 2
125 26 2
1003 26 2
769 26 2
2468 26 2
1767 26 2
87 26 2
2356 26 2
1668 26 2
1019 26 2
2123 26 2
2570 26 2
911 26 2
101 26 2
1051 26 2
32 26 2
1669 26 2
812 26 2
1002 26 2
2490 26 2
2656 26 2
1533 26 2
652 26 2
1850 26 2
1876 26 2
2156 26 2
2156 26 2
799 26 2
1739 26 2
1882 26 2
2296 26 2
2296 26 2
2219 26 2
2209 26 2
2458 26 2
1836 26 2
1836 26 2
2268 26 2
670 26 2
2245 26 2
1134 26 2
1465 26 2
329 26 2
1942 26 2
78 26 2
981 26 2
2323 26 2
2078 26 2
868 26 2
747 26 2
2108 26 2
1862 26 2
742 26 2
1737 26 2
606 26 2
1886 26 2
2328 26 2
2209 388 1
2107 388 2
2244 388 2
222 28 2
1837 28 2
2682 30 2
2322 31 2
2313 31 2
2866 32 2
1807 390 2
232 33 2
11 33 2
147 33 2
740 392 1
2900 392 2
456 394 1
2230 396 1
1447 396 2
921 397 2
2429 398 1
2217 398 1
2074 398 2
794 34 2
831 34 2
855 34 1
1134 34 2
2026 399 2
2009 399 2
1836 399 2
1836 399 2
1624 399 2
1890 399 2
1739 399 2
1368 399 1
1368 399 1
1650 399 2
3153 35 2
2996 35 2
2830 35 2
232 400 2
2133 401 2
1527 401 2
1445 401 2
2197 401 2
1446 401 2
1453 401 2
1234 401 1
2297 401 2
2052 401 1
864 401 2
2879 401 2
2879 401 2
1534 401 2
1171 401 1
1194 401 1
2230 401 2
1221 401 1
1394 401 1
1215 401 1
1447 401 2
1232 401 1
1551 401 2
1551 401 2
2449 401 2
865 401 2
2244 401 2
1383 401 2
2245 401 2
2232 401 2
2232 401 2
2236 404 1
2008 405 1
1094 405 2
1644 405 1
986 406 2
970 406 1
2057 409 1
2244 409 2
2245 409 2
329 39 1
1368 410 1
78 411 2
127 40 2
2429 416 1
2437 416 2
1358 417 2
1527 417 2
1413 417 1
1563 417 2
2005 417 1
1094 417 2
1741 417 1
1767 417 2
1767 417 2
1190 417 1
1279 417 2
1388 417 1
1521 417 2
1866 417 2
1533 417 1
1482 417 1
1534 417 2
1425 417 1
1171 417 1
1352 417 1
1352 417 1
1002 417 2
1309 417 2
1058 45 1
742 47 2
1492 421 2
2156 52 1
558 52 2
3068 52 2
542 52 2
1624 52 1
278 52 2
2634 52 2
3168 52 1
3214 52 2
2960 52 2
1781 52 1
2741 52 1
1532 52 1
2831 52 2
554 52 2
101 52 2
2820 52 2
3147 52 1
2830 52 2
2973 52 2
3251 52 1
3177 52 2
1721 52 2
3051 52 2
1942 422 2
1060 422 1
2009 423 2
2559 424 2
1546 54 1
1532 425 1
2008 425 1
1882 425 1
125 427 2
36 427 2
3067 57 1
2831 57 1
3068 57 1
2830 57 1
3168 57 1
3214 57 1
2622 57 1
3177 57 1
1527 429 2
2072 429 2
1837 429 2
2879 63 2
2879 63 2
967 431 1
1002 64 1
864 434 2
865 434 1
769 435 2
1190 67 1
2111 68 1
831 437 2
1413 438 1
788 72 1
3124 73 2
2108 74 2
2011 75 2
2235 443 2
2495 443 2
1447 443 2
1390 443 1
1492 443 2
2246 443 2
2246 443 2
1309 443 2
440 445 2
554 78 1
1532 79 1
2629 81 2
2389 81 2
2555 81 2
354 449 2
1610 453 1
1551 453 2
1481 453 2
87 453 2
1058 453 1
52 454 2
2328 83 2
2765 457 2
1279 84 1
139 84 2
813 84 1
1171 84 1
1309 84 2
519 85 2
1015 458 1
1445 458 1
128 86 1
670 86 2
1878 87 2
1721 87 1
3 460 2
606 89 2
280 89 2
967 90 2
2176 91 2
2078 91 2
2241 91 1
2360 91 1
2123 91 1
2297 91 2
1992 91 1
2322 91 2
2296 91 2
2103 91 2
2103 91 1
1850 463 2
1527 463 2
1866 463 2
1912 463 2
1874 463 2
1874 463 2
1425 463 2
1004 463 2
1910 463 1
1721 463 2
2809 464 1
2107 93 2
2108 93 1
2638 94 2
353 465 2
203 465 2
237 465 2
235 465 2
126 96 2
2006 466 1
1650 466 1
1668 98 2
1886 98 2
1831 98 2
1781 98 2
2103 99 1
1388 104 1
1390 104 1
3076 107 2
3202 472 1
2721 472 2
747 108 2
872 108 1
794 108 2
831 108 2
799 108 2
970 108 2
1199 108 2
128 108 2
876 108 2
876 108 2
742 108 2
1216 108 2
911 108 2
986 108 2
519 108 2
1015 108 2
1015 108 2
1117 108 2
855 108 2
865 108 2
1053 108 2
1737 109 2
1727 109 2
2361 109 1
2244 109 2
1669 109 2
2245 109 2
1650 109 1
2103 109 1
769 110 2
1481 474 2
1002 474 2
2235 476 2
2457 476 1
2241 476 2
2242 476 2
2389 476 2
2244 476 2
2197 476 1
2011 476 2
2103 476 1
2356 476 2
283 478 2
1862 479 2
1670 114 2
1942 114 2
1672 114 2
2107 114 2
2373 114 2
2328 114 1
226 114 2
2356 114 2
361 480 2
156 480 2
1298 116 2
1383 116 2
127 481 1
232 481 1
2026 481 2
477 481 2
235 481 1
32 481 2
223 481 2
3061 482 1
2689 482 2
2866 482 1
2809 482 2
2718 482 2
2900 482 2
139 483 2
2862 117 2
2497 117 2
3213 485 2
96 486 2
101 486 2
606 486 2
278 486 2
670 486 1
78 486 2
126 486 2
652 486 2
32 486 2
440 486 2
453 486 2
87 486 1
2752 119 2
2156 488 1
831 488 2
2373 488 2
1669 488 1
1425 488 1
1663 488 1
2862 124 2
1550 489 2
1886 489 1
1481 126 2
38 491 1
1019 491 2
1015 491 1
855 491 1
36 491 1
981 491 2
2559 128 2
865 492 1
339 495 1
2133 496 2
339 497 2
359 498 1
3168 499 1
3109 499 1
769 500 1
1450 500 1
1608 505 1
1820 133 2
3067 134 2
3047 134 1
3068 134 2
2694 134 1
3202 134 1
3050 134 2
2634 134 2
3076 134 1
3168 134 1
2809 134 1
2930 134 1
3177 134 1
3051 134 2
831 508 2
852 508 2
2831 509 2
2830 509 2
130 510 1
1886 511 2
3153 138 2
3153 138 2
2720 138 1
3067 138 2
3047 138 1
3068 138 2
3068 138 2
2829 138 2
3202 138 1
3202 138 2
2634 138 2
2719 138 2
3168 138 1
2809 138 2
3061 138 1
3105 138 2
3147 138 1
2879 138 2
2879 138 2
3233 138 1
2593 138 1
2622 138 1
3109 138 1
3251 138 1
3177 138 1
3051 138 2
3051 138 2
3224 138 2
2582 138 2
3050 138 2
2497 138 1
3076 138 1
3076 138 2
3214 138 2
2765 138 1
2971 138 1
3194 138 2
2830 138 1
2930 138 1
2872 138 1
2872 138 1
3089 138 1
2718 138 2
2900 138 1
2848 138 2
2848 138 1
2721 138 1
3125 138 2
220 513 2
232 513 2
353 513 2
237 513 2
222 513 2
235 513 2
156 513 2
221 513 2
204 513 2
11 513 2
2111 513 1
386 513 2
3 513 2
169 513 2
354 513 2
251 513 2
203 513 2
477 513 2
236 513 2
2232 513 2
226 513 2
981 139 2
1358 140 1
1358 140 2
1413 140 2
794 140 2
1414 140 2
921 140 2
1087 140 2
701 140 1
846 140 2
876 140 1
139 140 1
554 140 2
1216 140 2
339 140 2
129 140 2
652 140 1
1004 140 2
1221 140 2
799 140 2
739 140 2
970 140 2
1215 140 2
1058 140 2
1199 140 2
1532 140 2
1521 140 2
986 140 2
1015 140 2
1117 140 2
855 140 2
865 140 2
1390 140 2
1106 140 2
1425 140 1
1053 140 1
1074 140 2
1060 140 1
1550 140 2
981 140 1
981 140 2
1446 140 2
1741 140 2
1481 140 2
1727 140 1
864 140 2
1129 140 1
1194 140 1
1546 140 2
1309 140 2
747 140 2
747 140 1
1003 140 2
769 140 2
831 140 1
1890 140 2
319 140 2
1279 140 2
1388 140 1
742 140 2
742 140 2
911 140 2
1232 140 2
1551 140 2
839 140 2
1002 140 2
1003 142 2
1610 142 2
1845 142 1
921 142 1
1663 142 1
1199 142 2
1672 142 2
2006 142 2
1838 142 1
2057 142 2
1878 142 2
1608 142 2
1807 142 2
1721 142 2
2429 143 1
2437 143 2
221 517 2
1733 519 2
1862 519 2
2996 147 2
2230 150 2
2900 150 2
2845 150 1
1453 522 2
986 153 1
2296 153 2
1610 154 2
1521 154 2
1445 154 2
1546 154 2
1298 156 1
2682 524 1
670 159 2
1563 527 1
169 529 1
353 163 1
251 165 2
594 165 2
3047 167 1
1527 167 2
1465 167 1
1267 167 1
78 167 1
1087 167 1
981 167 1
2960 167 1
846 167 1
1216 167 1
852 167 2
2008 167 1
1129 167 1
1004 167 1
2593 167 1
868 167 2
2862 167 1
747 167 1
747 167 1
1003 167 1
831 167 2
739 167 1
3050 167 1
28 167 1
970 167 1
1882 167 1
1882 167 1
989 167 2
742 167 2
1737 167 1
101 167 2
1836 167 1
2006 167 1
1886 167 2
1608 167 1
812 167 1
2485 167 1
2718 167 1
2011 167 1
1053 167 1
1002 167 1
2241 169 2
2242 169 2
1074 171 1
1942 171 1
1117 171 2
1215 171 1
2328 171 1
989 171 2
2360 172 2
2107 172 2
2108 172 2
2219 172 1
1492 534 1
1057 173 1
1058 173 1
2802 174 2
2970 174 1
1610 539 1
1737 539 2
1413 539 2
1807 539 2
1644 539 1
127 540 1
101 540 2
130 540 2
542 540 2
278 540 1
126 540 2
36 540 2
319 540 2
2241 541 2
2831 541 2
1216 541 2
2242 541 2
2123 541 1
2361 541 1
864 541 2
2389 541 2
2830 541 1
865 541 1
2296 541 2
28 543 2
1492 543 2
3067 544 2
1876 544 2
3202 544 1
1878 544 2
1534 544 2
1094 544 2
3213 544 2
2356 544 2
1358 546 2
1358 175 2
1003 175 2
769 175 2
794 175 2
1445 175 2
1368 175 2
1481 175 2
1453 175 2
1199 175 2
1234 175 2
1216 175 2
1051 175 2
1447 175 2
1015 175 1
1232 175 1
1383 175 2
839 175 2
1425 175 2
1425 175 2
1004 175 2
1352 175 2
1352 175 1
1053 175 2
1942 176 2
2107 176 1
2273 176 2
2108 176 1
1862 176 1
2296 176 2
2356 176 1
2103 176 1
2103 176 1
2009 176 2
2123 176 2
2312 176 1
2389 176 2
2246 176 2
2246 176 2
2285 176 1
1279 177 2
1521 177 2
1298 177 2
1060 177 2
876 548 1
1117 548 2
1414 548 2
1481 548 2
989 551 2
329 178 1
558 178 1
872 178 1
872 178 1
542 178 1
794 178 1
1060 178 1
278 178 1
78 178 1
701 178 1
52 178 1
1190 178 1
128 178 1
456 178 1
127 178 1
139 178 1
554 178 1
1216 178 1
339 178 1
129 178 1
130 178 1
864 178 1
126 178 1
652 178 1
1194 178 1
38 178 1
747 178 1
125 178 1
552 178 1
713 178 1
739 178 1
28 178 1
1094 178 1
1094 178 1
36 178 1
970 178 1
970 178 1
319 178 1
453 178 1
87 178 1
989 178 1
1199 178 1
1019 178 1
101 178 1
519 178 1
1117 178 1
670 178 1
855 178 1
865 178 1
440 178 1
283 178 1
1019 179 1
2555 182 2
1546 183 2
1532 552 1
359 552 2
1727 552 1
2383 552 2
221 552 2
1383 552 1
236 552 2
1882 552 1
11 552 1
386 552 1
354 552 2
2720 554 1
3153 554 1
3153 554 1
3124 554 1
3047 554 1
3067 554 1
3067 554 1
3068 554 1
2829 554 1
2829 554 1
3202 554 1
3202 554 1
2673 554 1
2559 554 1
2634 554 1
2719 554 1
2809 554 1
2752 554 1
2845 554 1
2845 554 1
3061 554 1
2846 554 1
2972 554 1
3147 554 1
2832 554 1
2973 554 1
2973 554 1
3233 554 1
2593 554 1
2622 554 1
3109 554 1
3177 554 1
3177 554 1
3224 554 1
3051 554 1
3051 554 1
2862 554 1
2862 554 1
2582 554 1
2694 554 1
2884 554 1
3076 554 1
3076 554 1
3075 554 1
3213 554 1
3214 554 1
2970 554 1
2970 554 1
2971 554 1
3194 554 1
2831 554 1
2831 554 1
2830 554 1
2930 554 1
2682 554 1
2900 554 1
3125 554 1
1352 555 1
1352 555 1
2332 186 2
456 187 2
96 187 2
519 187 2
28 187 2
283 187 2
1267 559 1
2241 560 2
2245 560 2
1837 560 2
2267 560 1
2323 560 2
1057 190 2
2268 564 1
220 193 1
251 193 2
203 193 2
237 193 1
477 193 2
235 193 2
204 193 2
594 193 2
226 193 2
3 193 1
169 193 2
354 193 1
1267 568 1
1060 199 2
2458 200 1
2846 200 1
2719 200 2
2900 200 2
2900 200 2
2845 200 2
2009 572 2
1862 572 2
1831 572 2
2682 574 2
3153 576 2
3124 576 2
3068 576 2
2829 576 2
2673 576 2
2673 576 2
2559 576 2
921 576 2
1087 576 2
2802 576 2
52 576 1
2845 576 1
846 576 1
2846 576 2
2832 576 2
3251 576 2
2694 576 2
2689 576 2
3076 576 1
3075 576 1
1094 576 2
3213 576 2
3214 576 2
319 576 2
3099 576 1
2831 576 2
2830 576 2
2872 576 2
2872 576 2
3089 576 1
2718 576 2
2848 576 2
2721 576 1
1358 577 2
3067 579 2
2820 579 2
2996 579 2
2884 579 2
2972 579 2
2689 579 2
2973 579 2
2872 579 2
2872 579 2
2718 579 2
2718 579 2
2970 579 2
2970 579 2
2345 204 1
2156 204 2
2230 204 1
1820 204 2
2107 204 1
2273 204 2
2108 204 1
2555 204 1
1862 204 2
2236 204 2
2323 204 2
2176 204 2
2235 204 2
2297 204 2
2349 204 1
2324 204 2
2244 204 2
2245 204 2
2072 204 1
1199 205 2
2345 206 1
1722 206 2
747 206 1
1610 206 1
1820 206 2
2005 206 1
2361 206 1
1394 206 1
701 206 2
1739 206 1
2356 206 2
788 206 1
1672 206 2
2297 206 2
2057 206 2
1608 206 1
1460 206 2
2389 207 2
36 207 1
2829 209 2
2820 209 2
2694 209 1
2497 209 2
2830 209 2
2930 209 1
2718 209 2
2593 209 1
2960 209 2
2373 582 2
2244 582 2
970 582 1
2332 582 2
2103 582 1
147 583 2
1722 210 2
1668 210 2
1781 210 2
1460 210 2
1492 210 2
440 586 2
2485 586 2
2848 586 1
2078 587 2
1722 587 2
1876 587 2
2156 587 2
2009 587 2
2242 587 2
1727 587 2
1447 587 2
2107 587 2
2232 587 2
1465 588 2
1820 588 1
1221 588 1
1414 588 1
2057 588 1
1890 588 2
1886 588 1
1390 588 1
1767 588 2
552 589 2
36 589 1
2996 590 2
2634 590 2
2828 590 1
2011 213 2
872 592 2
2296 592 2
981 592 2
2111 592 2
128 592 2
740 592 2
2360 592 2
986 592 1
2052 592 2
440 592 2
2244 592 1
2245 592 2
2245 592 2
2011 592 2
739 593 2
1850 215 1
2133 215 1
1668 215 2
1942 215 2
1608 216 1
1845 218 1
2218 218 2
2197 218 2
1650 218 2
2103 218 1
2267 218 2
2235 218 2
2437 218 2
2220 218 2
2241 218 2
2242 218 2
1866 218 2
1482 218 2
2052 218 1
2159 218 1
1876 218 2
2230 218 2
2107 218 1
2108 218 1
2108 218 2
1862 218 2
1882 218 2
2111 218 2
1767 218 1
2356 218 2
2360 218 2
2209 218 2
2009 218 2
2123 218 2
1836 218 2
1015 218 1
2006 218 2
2312 218 1
1838 218 2
1912 218 1
1886 218 2
2057 218 1
1878 218 1
2245 218 2
1608 218 1
2171 218 2
2232 218 1
1644 218 2
2074 218 1
2246 218 2
2246 218 2
1352 218 2
1352 218 2
1425 219 1
1527 595 2
1534 595 2
1003 220 2
1413 220 2
2848 221 2
2582 597 2
2689 597 2
2634 597 2
2752 597 2
2960 597 2
2831 597 2
2846 597 2
2972 597 2
2879 597 2
2879 597 2
2930 597 2
2718 597 2
2900 597 2
2848 597 2
2848 222 1
1053 222 2
1019 599 2
1053 599 2
1388 225 1
1390 225 1
1015 226 2
986 228 1
3075 602 1
2650 232 2
839 603 2
1390 604 1
2297 234 2
2322 234 2
2296 234 2
1850 235 2
3099 238 1
2559 238 2
3050 238 2
3233 238 2
3177 238 1
1672 608 2
1482 608 1
1874 608 2
1460 608 1
3153 612 2
3153 612 2
3124 612 2
3047 612 2
3202 612 2
2884 612 2
3050 612 2
3076 612 2
3168 612 2
2802 612 2
3213 612 2
2845 612 2
3099 612 2
2832 612 2
2973 612 2
3233 612 2
2622 612 2
3224 612 2
203 240 2
222 242 2
236 613 2
2848 243 1
2133 244 2
2559 244 2
2273 244 2
2236 244 1
2267 244 1
2474 244 2
2078 244 2
2220 244 2
1670 244 2
2242 244 2
2297 244 2
1672 244 2
2217 244 1
2052 244 1
2052 244 1
2389 244 2
2345 244 1
2278 244 1
2230 244 1
2230 244 1
2383 244 1
2322 244 2
1882 244 2
1882 244 2
2296 244 2
1767 244 2
1781 244 1
2458 244 1
1992 244 1
2449 244 2
2332 244 2
130 246 1
1534 615 2
2457 617 2
2297 249 1
1807 619 2
606 253 2
361 253 1
126 253 1
280 253 2
2241 254 2
2267 256 1
2241 621 2
2242 621 1
2267 621 1
2862 259 1
2720 259 2
3047 259 1
2829 259 1
3050 259 1
2634 259 2
2866 259 1
2802 259 2
2765 259 1
2970 259 2
2828 259 1
2741 259 1
2972 259 2
2972 259 2
2973 259 2
3089 259 1
2718 259 2
2593 259 1
3051 259 1
2356 624 2
128 625 2
769 625 1
2242 261 2
2219 261 1
2497 627 2
2449 627 2
872 262 1
2322 263 2
2313 263 1
876 267 2
846 269 1
2345 270 1
2324 270 2
2232 270 2
127 629 2
456 629 2
606 629 2
78 629 2
36 629 2
283 629 2
1358 630 2
872 630 2
921 630 2
981 630 2
1368 630 2
1190 630 2
788 630 2
1234 630 2
1216 630 2
852 630 2
967 630 2
1171 630 2
1194 630 2
1309 630 2
831 630 2
799 630 2
970 630 2
989 630 2
1450 630 2
1279 630 2
1279 630 2
1521 630 2
986 630 2
855 630 2
855 630 1
813 630 2
1425 630 2
1134 630 2
220 632 2
251 632 2
359 632 2
477 632 2
361 632 2
222 632 2
156 632 2
204 632 2
147 632 2
594 632 2
2809 633 2
2429 634 1
2457 634 2
2567 634 2
1727 634 2
2107 634 1
2108 634 1
2629 634 2
2171 634 1
2474 634 2
2273 635 2
2232 635 2
742 636 2
1003 637 2
1465 637 2
1733 637 2
1737 637 2
1727 637 2
1912 637 2
1890 637 2
1534 637 2
1425 637 2
1004 637 2
1004 637 2
1453 637 2
1002 637 2
1134 275 2
1074 276 1
2156 276 1
2156 276 1
769 276 1
739 276 1
1094 276 1
52 276 2
1650 276 2
1190 276 1
989 276 2
740 276 1
2176 276 2
911 276 2
2297 276 2
1992 276 1
1534 276 2
812 276 1
1004 276 1
2232 276 2
2246 276 2
2246 276 2
2820 277 2
3075 277 2
2830 639 2
1358 278 2
2383 279 2
3067 641 2
3047 641 2
3068 641 2
2829 641 2
2673 641 2
2884 641 2
3050 641 2
3076 641 2
2802 641 1
2809 641 2
2960 641 2
2970 641 2
2970 641 2
2831 641 2
2846 641 1
2972 641 2
2832 641 2
2973 641 2
2973 641 2
2872 641 2
2872 641 2
2848 641 2
1912 643 1
1453 643 2
1876 645 2
1060 645 2
1890 645 2
1876 282 2
1003 282 1
1942 282 2
1905 282 2
1445 282 2
1446 282 2
1481 282 2
1737 282 2
1836 282 2
1447 282 2
2052 282 2
1878 282 2
1644 282 1
2829 647 2
1279 283 2
876 283 2
876 283 2
794 283 2
1117 283 2
1232 283 2
864 283 2
1106 283 2
1190 283 2
1199 283 2
1134 283 2
2930 284 2
2721 284 1
2828 284 1
1650 650 2
2383 286 2
2930 287 2
2009 652 2
3047 288 1
3068 288 2
3050 288 2
3050 288 1
2689 288 2
2930 288 1
2718 288 2
2960 288 2
2845 288 1
1610 653 2
1221 653 2
1550 653 1
865 653 1
1878 653 2
1862 653 2
1874 653 1
1831 653 2
1368 653 1
1663 653 1
1767 653 2
1721 653 2
2972 654 2
2802 654 2
2006 656 1
3067 289 2
2361 289 2
1845 289 2
2866 289 2
2930 289 2
2721 289 2
2845 289 2
1383 657 2
2765 658 1
125 295 2
552 295 1
3099 299 2
839 662 2
2720 300 1
2820 300 1
2884 300 2
2972 300 1
2972 300 1
2634 300 2
2752 300 2
2970 300 1
2634 302 2
2960 302 2
456 303 2
329 303 2
2389 303 2
652 303 2
2373 303 1
280 303 2
2232 303 1
329 309 1
2638 667 2
2437 667 1
2829 667 2
2449 667 2
2719 667 2
2332 667 2
2960 667 2
2970 667 2
1670 668 2
1672 668 2
2349 668 1
2741 669 1
2828 669 2
1668 311 1
1527 311 2
1733 311 1
1723 311 1
2008 311 1
1862 311 1
1492 311 1
1910 311 2
2862 312 1
2078 312 1
2123 312 2
2832 312 2
2197 312 2
1767 312 2
2900 312 2
986 671 2
2741 672 2
3067 672 2
3047 672 1
2582 672 2
3202 672 1
2972 672 2
2765 672 2
2485 672 1
2848 672 1
2159 673 2
2809 674 2
2802 675 2
3246 675 1
1610 313 1
1445 313 1
2218 313 1
701 313 2
2197 313 1
1446 313 1
2103 313 1
2236 313 1
2313 313 1
1453 313 2
2429 313 1
96 313 1
129 313 2
2389 313 2
28 313 1
2322 313 2
1094 313 2
1215 313 1
1767 313 2
989 313 2
742 313 2
2009 313 1
1447 313 1
1015 313 2
2268 313 1
32 313 1
2244 313 2
812 313 2
594 679 1
740 315 2
876 315 2
769 315 2
794 315 2
799 315 2
2373 317 2
1413 681 1
2005 681 2
1624 681 2
921 681 2
1394 681 1
1890 681 2
1383 681 2
1650 681 2
1368 681 2
1546 681 1
1492 683 1
1820 686 2
2829 686 2
2268 686 1
2057 686 1
2634 686 2
359 324 2
156 324 2
147 324 2
739 325 1
799 325 1
1053 325 2
1002 325 2
3153 326 2
3153 326 2
3124 326 2
3047 326 1
3202 326 2
2673 326 2
2559 326 2
2719 326 1
3168 326 1
3168 326 2
2752 326 2
2809 326 2
2960 326 2
2845 326 2
2845 326 2
3147 326 1
2879 326 2
2879 326 2
2622 326 2
3109 326 1
3251 326 1
3177 326 1
3051 326 2
3224 326 2
2862 326 1
2582 326 2
2694 326 2
3050 326 2
2497 326 2
3076 326 2
3075 326 1
2866 326 2
2828 326 2
2741 326 2
2971 326 2
3194 326 2
2831 326 2
2996 326 2
2930 326 1
2682 326 2
2872 326 2
2872 326 2
2485 326 2
3089 326 1
2900 326 2
3125 326 2
2217 689 1
1608 689 1
846 689 2
921 328 1
799 696 1
1446 337 1
2673 698 2
3194 700 2
1890 700 2
855 700 2
1551 701 2
1190 703 1
1450 703 1
2267 338 1
2429 340 2
2026 340 2
2437 340 2
2230 340 2
1727 340 1
2383 340 2
1551 340 2
2197 340 2
2074 340 2
1003 708 2
872 708 2
713 708 2
1057 708 2
1190 708 1
989 708 2
788 708 2
1117 708 1
1533 708 1
1383 708 1
813 708 2
283 708 2
1002 708 2
3194 342 2
2559 342 2
3168 342 1
3233 342 1
3109 342 1
3051 342 2
3051 342 2
3224 342 2
223 709 2
353 343 1
204 343 2
855 712 1
1563 348 2
1481 348 2
220 713 2
223 713 2
3061 714 1
2971 714 1
2673 714 2
2802 714 2
2973 714 2
2485 714 2
3125 714 2
1905 350 1
1723 350 2
1845 350 2
1445 350 1
1445 350 2
1446 350 1
1453 350 2
1672 350 2
1836 350 1
1727 350 1
1447 350 1
1383 350 2
1546 350 1
1546 350 1
1721 350 1
1413 352 2
361 355 2
11 355 1
3 355 2
2862 718 1
1876 718 2
1886 718 2
1446 718 1
1837 718 2
742 719 2
220 356 1
353 356 1
237 356 1
222 356 1
235 356 2
156 356 2
221 356 2
204 356 2
223 356 1
11 356 2
386 356 2
147 356 2
3 356 1
169 356 2
354 356 1
251 356 2
203 356 2
359 356 1
477 356 2
361 356 2
236 356 2
594 356 1
226 356 2