2426 2 1
2964 3 1
2871 3 2
2753 3 1
574 5 2
2333 6 2
2441 6 2
2426 6 1
595 360 2
1150 7 2
2333 8 2
1931 362 2
2444 362 1
2444 362 2
1375 362 1
2441 362 1
2115 362 2
1265 362 1
1040 362 2
2314 362 2
1537 362 2
2173 362 1
2537 362 1
2114 362 2
2284 362 2
570 10 2
1243 363 2
1616 363 2
1540 363 2
1627 363 2
1730 363 2
1730 363 2
746 363 2
746 363 2
840 363 2
840 363 2
1399 363 2
1200 363 2
1200 363 2
61 363 2
1841 363 2
1097 363 2
1285 363 2
1819 363 2
1819 363 2
783 363 2
1520 363 2
1776 363 2
1776 363 2
816 363 2
1782 363 2
1144 363 2
1144 363 2
1246 363 2
1519 363 2
1766 363 2
797 363 2
797 363 2
2444 363 2
1039 363 2
1884 363 2
1884 363 2
716 363 2
716 363 2
2062 363 2
2062 363 2
1156 363 2
877 363 2
877 363 2
1493 363 2
966 363 2
1706 363 2
1032 363 2
447 363 2
2061 363 2
2061 363 2
449 363 2
1251 363 2
1251 363 2
1466 363 2
1375 363 2
1552 363 2
1552 363 2
915 363 2
915 363 2
1602 363 2
1111 363 2
998 363 2
726 363 2
1290 363 2
1562 363 2
937 363 2
937 363 2
932 363 2
1771 363 2
1962 363 2
1590 363 2
331 363 2
1287 363 2
1245 363 2
1698 363 2
925 363 2
925 363 2
895 363 2
2114 363 2
1348 363 2
1056 363 2
1599 363 2
818 363 2
818 363 2
1583 363 2
1583 363 2
1150 363 2
2177 363 2
2178 363 2
1939 363 2
1114 363 2
1114 363 2
1356 363 2
1588 363 2
1588 363 2
1026 363 2
1026 363 2
1729 363 2
1729 363 2
2004 363 2
1948 363 2
1860 363 2
1647 363 2
1647 363 2
1564 363 2
1537 363 2
1950 363 2
1007 363 2
1280 363 2
1949 363 2
1949 363 2
2083 363 2
1030 363 2
1030 363 2
1120 363 2
1120 363 2
1808 363 2
1688 363 2
1913 363 2
1913 363 2
1175 363 2
1175 363 2
1372 363 2
954 363 2
715 363 2
1100 363 2
2115 363 2
1265 363 2
1049 363 2
452 363 2
1906 363 2
124 363 2
1947 363 2
1947 363 2
710 363 2
1625 363 2
2247 363 2
2247 363 2
1946 363 2
2118 363 2
1172 363 2
1173 363 2
1173 363 2
1498 363 2
1498 363 2
1193 363 2
1774 363 2
1262 363 2
823 363 2
860 363 2
860 363 2
2183 363 2
1506 363 2
1188 363 2
1188 363 2
1040 363 2
1123 363 2
1024 363 2
1024 363 2
1944 363 2
2051 363 2
1945 363 2
1945 363 2
1098 363 2
890 363 2
1567 363 2
1371 363 2
1371 363 2
714 363 2
2284 363 2
765 363 2
814 363 2
1965 363 2
1965 363 2
1069 363 2
2032 363 2
2032 363 2
2289 363 2
944 363 2
944 363 2
2119 363 2
574 363 2
1103 363 2
2288 363 2
2097 363 2
969 363 2
969 363 2
1590 367 1
938 11 2
201 12 2
746 370 2
2537 375 2
2277 377 2
499 19 2
55 20 2
639 20 1
711 378 2
3171 381 1
2957 22 2
2646 384 2
2229 23 1
55 25 2
1547 387 1
1855 387 2
1931 387 2
1884 387 2
2062 387 2
1285 387 1
1819 387 2
2032 387 1
1587 387 2
1944 387 2
1948 387 2
2097 387 1
1860 387 2
1950 387 2
1567 387 2
1776 387 1
1782 387 2
1946 387 2
1688 387 1
2333 26 2
2333 26 2
1627 26 2
746 26 2
2122 26 2
61 26 2
1097 26 2
1841 26 2
1841 26 2
783 26 2
1776 26 2
2341 26 2
816 26 2
1782 26 2
1775 26 2
135 26 2
55 26 2
1766 26 2
2384 26 2
797 26 2
2444 26 2
526 26 2
1884 26 2
628 26 2
716 26 2
337 26 2
1156 26 2
1032 26 2
447 26 2
2061 26 2
99 26 2
449 26 2
110 26 2
1466 26 2
1375 26 2
448 26 2
1111 26 2
1653 26 2
602 26 2
2277 26 2
2615 26 2
2646 26 2
1962 26 2
2380 26 2
56 26 2
331 26 2
430 26 2
925 26 2
895 26 2
2537 26 2
2537 26 2
2114 26 2
336 26 2
2012 26 2
1748 26 2
2353 26 2
1747 26 2
642 26 2
818 26 2
1583 26 2
1583 26 2
2178 26 2
2287 26 2
2287 26 2
1114 26 2
2314 26 2
2442 26 2
68 26 2
1588 26 2
1026 26 2
1729 26 2
73 26 2
1948 26 2
1860 26 2
1949 26 2
2083 26 2
2083 26 2
2651 26 2
132 26 2
1120 26 2
105 26 2
51 26 2
1808 26 2
570 26 2
2151 26 2
1100 26 2
1852 26 2
2441 26 2
2115 26 2
705 26 2
89 26 2
2409 26 2
2409 26 2
452 26 2
553 26 2
65 26 2
1947 26 2
1625 26 2
1946 26 2
43 26 2
2118 26 2
2118 26 2
439 26 2
1172 26 2
1173 26 2
1173 26 2
1193 26 2
294 26 2
303 26 2
1774 26 2
823 26 2
823 26 2
2183 26 2
1188 26 2
656 26 2
1024 26 2
532 26 2
1567 26 2
714 26 2
2284 26 2
2284 26 2
765 26 2
2500 26 2
1965 26 2
2289 26 2
2174 26 2
575 26 2
2288 26 2
2097 26 2
2097 26 2
1991 26 2
2591 26 2
969 26 2
628 27 2
2618 27 2
1991 388 2
816 28 2
1947 30 2
1946 30 2
1855 390 2
1947 390 2
1819 390 2
715 392 2
2738 392 1
2247 396 2
1200 34 2
1172 399 1
1748 399 2
1931 399 2
1056 399 2
1884 399 1
1774 399 2
1150 399 1
1841 399 1
1493 399 1
1752 399 1
1944 399 2
1520 399 2
1552 399 2
1647 399 2
1950 399 2
1562 399 1
2511 35 1
2821 35 2
3098 35 1
1547 401 2
1540 401 2
1251 401 2
860 401 1
1583 401 2
2178 401 1
1506 401 1
1123 401 2
1552 401 2
1552 401 2
1588 401 2
2004 401 2
1948 401 2
1111 401 1
1120 401 2
1175 401 1
2441 401 1
2115 401 2
2032 401 1
2119 401 2
2119 401 2
1587 401 2
1397 401 1
1245 401 1
1103 401 2
1906 401 2
2247 401 2
2114 401 2
2122 404 2
2004 405 2
1945 405 2
998 405 1
639 405 1
1200 405 1
1808 405 1
1100 406 2
56 39 2
515 39 2
726 413 2
51 413 2
2083 416 1
1519 417 1
937 417 2
1588 417 2
1602 417 1
1348 417 1
1056 417 2
1782 417 2
1852 417 2
1493 417 1
1069 417 1
2032 417 1
1627 52 2
3181 52 1
3181 52 1
1599 52 1
3003 52 1
1583 52 2
520 52 2
1356 52 2
272 52 1
3200 52 2
3199 52 2
2651 52 2
105 52 2
2723 52 2
2852 52 1
715 52 2
526 52 1
3116 52 1
3145 52 1
3186 52 2
3211 52 2
704 52 2
3131 52 2
705 52 2
2747 52 1
2957 52 2
2957 52 2
3263 52 1
1906 52 2
553 52 1
3127 52 2
3006 52 2
439 52 1
3101 52 1
3218 52 2
3196 52 2
532 52 2
1945 52 2
1562 52 1
937 52 1
3245 52 2
67 52 2
2979 52 1
2979 52 2
3008 52 2
3008 52 2
3178 52 1
2569 52 1
1397 52 1
74 52 2
2836 52 2
575 52 1
3171 52 1
1026 422 2
2062 422 2
1819 422 2
2051 424 2
2534 424 1
336 55 2
1950 56 2
611 427 1
642 427 2
43 427 1
3145 57 1
2867 57 1
3211 57 1
3178 57 1
2744 57 1
2957 57 1
3203 57 1
2699 57 1
2739 57 1
2836 57 1
3171 57 1
3171 57 1
3200 57 1
3199 57 1
3102 57 1
966 58 2
932 428 1
1688 429 2
2871 62 2
1766 63 2
2747 63 1
1193 431 2
1039 431 2
2083 432 2
2275 432 2
2929 66 2
2618 66 2
2462 435 2
840 437 2
1602 69 2
1590 69 1
1537 72 2
1150 72 2
1771 76 2
2431 443 2
1498 443 2
1498 443 2
2051 443 2
1372 443 1
2097 443 2
1375 443 1
816 443 2
2807 443 1
2247 443 2
1493 443 1
2118 443 2
705 445 2
938 78 2
132 78 2
2431 81 2
240 449 2
1477 453 1
1552 453 2
1627 453 2
2333 83 2
1931 456 2
2728 457 1
1245 84 2
1103 84 1
1520 458 2
99 86 2
1730 87 2
105 88 2
448 89 2
512 89 2
51 89 2
2122 91 1
1782 91 2
2178 91 1
2342 91 1
1625 91 1
2284 91 1
2114 91 1
2314 91 2
1587 91 1
1647 463 2
1493 463 2
2114 94 2
263 465 2
234 465 1
184 465 2
362 465 2
474 465 2
393 465 2
192 465 2
67 96 2
1948 466 2
704 97 2
1913 98 2
1730 98 2
1647 98 2
1782 98 2
1939 98 1
1752 98 1
1287 101 2
1262 104 1
1188 104 1
937 108 2
1172 108 2
1103 108 2
1103 108 2
1251 108 2
840 108 2
840 108 2
715 108 2
715 108 2
823 108 2
823 108 2
860 108 2
710 108 2
1144 108 2
877 108 2
515 108 2
1477 474 2
890 475 2
1991 476 1
2083 476 1
2326 476 2
2426 476 1
51 112 1
1931 479 2
2333 114 2
476 114 2
1747 114 2
2384 114 2
2152 114 2
2341 114 2
1891 114 2
2380 114 2
1588 115 2
3008 115 2
2651 115 1
2723 115 2
3112 116 1
2867 116 1
3127 116 2
3110 116 2
195 481 2
457 481 2
553 481 1
2707 482 2
2938 482 1
2707 484 2
2646 117 2
2500 117 2
2646 485 2
2647 485 1
3264 485 1
2868 485 1
110 486 1
711 486 2
628 486 2
716 486 2
448 486 2
337 486 1
704 486 2
532 486 2
74 486 2
68 486 2
575 486 2
430 486 2
124 486 2
43 486 1
135 486 2
234 487 2
362 487 2
201 487 2
1906 488 2
2284 488 2
318 122 1
1855 123 2
2861 124 2
1884 125 1
61 126 2
954 491 2
715 491 2
1098 491 1
628 491 2
716 491 2
716 491 2
823 491 2
72 491 1
1040 491 2
969 491 2
336 491 1
1033 491 1
2534 128 1
2152 492 2
877 492 2
915 493 2
132 129 2
1730 494 1
1103 132 1
2836 499 2
89 499 2
1477 500 2
765 501 1
1947 133 2
1819 133 1
2699 134 1
2676 134 1
2836 134 1
2795 134 1
3062 134 1
3186 134 2
3102 134 1
3264 134 1
2851 134 1
2723 134 2
2738 134 2
474 507 2
1251 508 2
1144 508 2
65 135 1
2288 136 2
2287 136 2
1948 511 2
1949 511 2
1962 511 1
2707 138 2
2707 138 2
3114 138 1
3181 138 1
3101 138 1
2744 138 2
2575 138 2
3200 138 2
3200 138 2
2938 138 1
2938 138 1
3199 138 2
3199 138 2
2871 138 2
3102 138 1
3102 138 2
2807 138 1
2723 138 2
2600 138 1
2964 138 2
2500 138 2
2616 138 1
3144 138 2
3116 138 2
3145 138 2
3186 138 2
3186 138 1
3211 138 2
3211 138 2
3178 138 2
3131 138 1
3131 138 1
2747 138 2
2737 138 2
2569 138 1
2957 138 2
2957 138 2
3203 138 1
2836 138 1
2511 138 1
3263 138 1
3176 138 1
2861 138 1
2556 138 2
2821 138 2
3006 138 2
3110 138 1
599 513 1
2122 513 2
263 513 2
234 513 2
184 513 1
393 513 2
192 513 2
201 513 2
696 513 2
532 513 2
1588 513 2
191 513 2
575 513 1
2229 513 1
457 513 2
499 513 1
639 513 1
595 513 2
240 513 2
1243 140 2
1540 140 2
1627 140 2
746 140 2
840 140 1
1056 140 2
1150 140 2
1200 140 2
1097 140 2
1114 140 2
1114 140 2
520 140 2
1356 140 2
1026 140 1
73 140 2
1564 140 2
816 140 1
132 140 2
1120 140 1
1120 140 2
135 140 2
1913 140 2
1372 140 1
954 140 2
715 140 2
797 140 2
797 140 2
1039 140 2
716 140 2
337 140 2
1852 140 2
1156 140 2
512 140 1
877 140 2
1493 140 2
1049 140 1
452 140 2
1032 140 2
449 140 2
710 140 2
439 140 2
1172 140 2
1173 140 1
1498 140 2
938 140 2
294 140 2
1466 140 2
823 140 2
823 140 1
860 140 2
860 140 2
1891 140 2
1188 140 2
1040 140 2
1123 140 2
1024 140 2
1477 140 2
1602 140 2
1111 140 1
890 140 2
998 140 2
726 140 1
1562 140 2
602 140 1
932 140 2
905 140 2
905 140 2
944 140 1
1103 140 2
925 140 2
969 140 1
1519 142 1
1944 142 2
1748 142 2
1931 142 2
1647 142 2
1950 142 2
1991 142 2
1949 142 2
1590 142 1
2409 145 2
2964 150 2
2929 150 1
1097 153 2
1348 154 2
1946 156 1
2979 524 2
1493 527 1
1540 528 2
430 161 2
191 163 2
184 165 2
1547 167 1
1748 167 1
1774 167 2
823 167 2
1891 167 1
2929 167 1
1583 167 2
2792 167 1
1123 167 1
1024 167 1
915 167 1
1588 167 2
1098 167 1
639 167 1
1290 167 1
1030 167 1
2753 167 1
714 167 1
1175 167 1
1931 167 2
932 167 1
2616 167 1
797 167 2
1884 167 1
1771 167 2
2062 167 2
1156 167 2
331 167 1
2119 167 1
2861 167 1
2861 167 1
1991 167 1
925 167 1
124 167 2
3006 167 1
1372 531 1
2333 171 2
1172 171 1
1173 171 1
1884 171 1
925 171 2
2380 171 2
1188 171 1
1567 532 2
1891 532 2
2247 172 1
2284 172 2
2314 172 2
969 533 2
1537 534 2
1653 534 2
1397 534 1
2195 535 1
1245 173 2
816 173 2
2964 174 1
1913 539 2
1991 539 2
1891 539 1
1852 539 1
318 540 1
73 540 2
89 540 2
110 540 1
526 540 1
447 540 2
72 540 2
99 540 2
449 540 2
439 540 2
937 541 1
1729 541 2
797 541 1
1706 541 1
2443 541 1
998 541 1
2341 541 1
1965 541 2
937 543 2
966 543 2
1175 543 2
526 543 2
925 543 2
2431 544 2
3112 544 1
1647 544 2
3199 544 2
1537 544 2
1949 544 1
1371 544 2
3131 544 1
1069 544 1
2119 544 1
1243 175 2
1519 175 2
1540 175 2
1175 175 2
1498 175 2
814 175 2
818 175 2
1100 175 2
1150 175 2
1285 175 2
1287 175 2
1114 175 2
1024 175 2
1026 175 2
1103 175 2
1111 175 2
925 175 2
998 175 2
1290 175 2
1120 175 2
1144 175 1
969 175 2
1033 175 2
2277 176 2
2277 176 2
1730 176 2
1948 176 2
2195 176 2
2178 176 1
2247 176 2
2287 176 2
1939 176 2
2114 176 2
2032 176 2
2118 176 2
2174 176 1
1026 177 2
1348 177 2
1466 177 2
890 177 2
1262 177 2
1120 177 2
944 177 2
1262 548 2
1371 548 2
1144 548 2
2443 550 1
611 178 1
746 178 1
840 178 1
642 178 1
1150 178 1
61 178 1
520 178 1
68 178 1
1026 178 1
73 178 1
272 178 1
1280 178 1
639 178 1
132 178 1
105 178 1
1144 178 1
1246 178 1
51 178 1
135 178 1
55 178 1
570 178 1
715 178 1
715 178 1
797 178 1
526 178 1
1039 178 1
628 178 1
716 178 1
337 178 1
72 178 1
704 178 1
512 178 1
877 178 1
877 178 1
705 178 1
966 178 1
318 178 1
89 178 1
452 178 1
447 178 1
65 178 1
124 178 1
99 178 1
449 178 1
710 178 1
43 178 1
439 178 1
1173 178 1
1251 178 1
1251 178 1
938 178 1
711 178 1
1193 178 1
294 178 1
303 178 1
1188 178 1
515 178 1
656 178 1
696 178 1
1123 178 1
1024 178 1
532 178 1
915 178 1
1098 178 1
726 178 1
714 178 1
602 178 1
765 178 1
67 178 1
905 178 1
331 178 1
1069 178 1
574 178 1
74 178 1
1103 178 1
575 178 1
430 178 1
895 178 1
336 178 1
969 178 1
67 180 2
2556 182 2
2333 552 2
195 552 2
599 552 1
191 552 2
2384 552 2
1771 552 1
474 552 2
595 552 2
240 552 2
201 552 1
2500 553 2
2676 554 1
3114 554 1
3181 554 1
3181 554 1
3003 554 1
3264 554 1
2744 554 1
2744 554 1
2709 554 1
3200 554 1
3200 554 1
2938 554 1
3199 554 1
3102 554 1
2728 554 1
2723 554 1
2964 554 1
2964 554 1
2616 554 1
3116 554 1
3145 554 1
3186 554 1
3186 554 1
3131 554 1
3131 554 1
2568 554 1
2747 554 1
2957 554 1
2868 554 1
2699 554 1
2511 554 1
3263 554 1
2786 554 1
3176 554 1
3127 554 1
3127 554 1
2851 554 1
2821 554 1
3006 554 1
2707 554 1
2707 554 1
3101 554 1
3218 554 1
3196 554 1
3098 554 1
2934 554 1
3112 554 1
3112 554 1
2847 554 1
2847 554 1
2754 554 1
2753 554 1
3245 554 1
2979 554 1
2795 554 1
3008 554 1
3008 554 1
3178 554 1
2737 554 1
2737 554 1
3203 554 1
2836 554 1
3171 554 1
3171 554 1
2861 554 1
2861 554 1
2556 554 1
2618 554 1
476 555 2
705 555 2
599 556 2
476 556 1
2151 557 2
1506 557 1
67 187 2
110 187 1
303 187 2
642 187 2
448 187 2
512 187 2
656 187 2
74 187 2
68 187 2
272 187 2
89 187 1
710 187 2
105 187 1
43 187 2
1950 189 2
2178 189 1
1356 190 2
515 563 2
2051 564 2
2119 564 2
1172 565 1
1173 565 1
1552 565 2
1913 565 2
1945 565 2
814 565 2
1399 565 1
818 565 2
1188 565 2
457 193 2
263 193 2
184 193 2
362 193 1
474 193 2
393 193 1
240 193 1
1616 571 2
1913 571 2
1747 571 1
925 571 2
1946 571 2
1841 571 1
1819 571 2
1493 571 2
1144 198 2
1026 199 2
2615 200 2
2722 200 1
2938 200 1
2795 200 1
2795 200 1
2177 200 1
1808 572 1
2807 202 2
2722 575 2
3114 576 2
2722 576 2
1056 576 2
3181 576 2
3218 576 2
3003 576 2
1024 576 2
3112 576 2
3200 576 2
2847 576 2
3199 576 2
2754 576 2
2600 576 2
1175 576 2
3245 576 2
3144 576 2
3008 576 2
3145 576 2
2867 576 2
3186 576 2
3211 576 2
3131 576 2
2747 576 1
2737 576 2
3171 576 2
2511 576 1
3176 576 2
3127 576 2
895 576 2
3110 576 2
2097 203 1
2032 203 1
1039 578 1
2964 579 2
2979 579 2
2795 579 2
2744 579 2
2739 579 2
3112 579 2
2511 579 2
2938 579 2
3102 579 2
2807 579 2
2618 579 2
2754 579 2
2821 579 2
1540 204 2
2151 204 2
2152 204 2
2183 204 2
2380 204 1
2287 204 1
1698 204 1
2288 204 2
2409 204 1
2229 204 1
1782 204 2
1946 204 2
2276 204 2
1200 205 2
1991 581 2
1172 206 1
1348 206 1
1262 206 1
1819 206 2
1493 206 1
1520 206 2
2409 206 2
1647 206 2
1537 206 2
2014 206 2
1625 206 2
2114 206 2
2118 206 2
2277 207 2
65 207 1
2275 207 1
2852 209 1
2646 209 2
2500 209 2
2616 209 1
2979 209 1
2957 209 2
2868 209 2
2575 209 1
2786 209 1
2647 209 2
2851 209 1
2753 209 1
2600 209 1
2014 582 2
2177 582 2
570 583 2
393 583 2
1285 210 2
452 586 1
1552 587 2
1860 587 2
2151 587 2
2014 587 2
1599 587 2
2083 587 2
944 587 2
1290 211 2
1948 588 2
1860 588 2
2014 588 2
1771 588 2
1771 588 1
1949 588 2
1371 588 2
1962 588 2
1498 212 1
2795 590 1
2747 590 1
2737 590 1
937 592 2
611 592 2
905 592 2
711 592 1
860 592 2
860 592 2
512 592 1
1049 592 2
944 592 2
2119 592 2
915 592 2
2051 592 2
2097 592 2
1647 592 2
51 592 2
969 592 2
602 592 1
765 593 2
1965 214 2
55 215 2
73 215 1
2083 215 1
1947 215 2
1540 218 2
1748 218 2
1748 218 2
1730 218 2
1747 218 2
1747 218 2
2122 218 2
2152 218 2
2275 218 1
2178 218 1
2178 218 2
2287 218 2
2287 218 2
1939 218 1
1944 218 1
1729 218 2
2004 218 2
2051 218 2
1860 218 1
1950 218 2
1950 218 2
1280 218 2
1949 218 2
2083 218 2
1782 218 2
1688 218 2
2277 218 2
2277 218 2
1913 218 1
1931 218 2
2151 218 2
1771 218 2
1965 218 2
2062 218 2
2062 218 2
2115 218 1
2032 218 2
2174 218 2
1698 218 2
2288 218 2
2288 218 2
2409 218 2
2097 218 2
1706 218 2
2061 218 2
1947 218 2
2247 218 2
2247 218 2
1946 218 2
1030 595 1
1120 595 2
2938 597 2
2868 597 2
2569 597 2
1200 222 1
783 226 1
818 226 2
2754 602 1
2426 232 1
1752 235 1
2119 235 1
3144 238 2
3003 238 2
3131 238 2
3196 238 2
3098 238 1
2744 238 2
2747 238 1
2957 238 2
2737 238 2
2739 238 1
2836 238 2
3102 238 1
3127 238 2
1547 608 2
1588 608 2
1729 608 2
1706 608 2
1891 608 2
1290 608 2
1583 608 2
1287 608 1
1397 608 1
2061 610 2
1144 239 1
3245 612 2
3114 612 2
3181 612 2
3181 612 2
3008 612 2
3218 612 2
3186 612 2
3186 612 2
3178 612 2
3178 612 2
3264 612 2
3196 612 2
2568 612 2
3203 612 2
3112 612 2
3112 612 2
3263 612 2
3171 612 1
3200 612 2
2847 612 2
3102 612 2
3127 612 2
2821 612 2
2728 612 2
2723 612 2
2333 244 2
2277 244 2
2012 244 1
2500 244 2
2353 244 1
1771 244 1
2534 244 1
1965 244 2
2152 244 2
2287 244 2
2426 244 1
2174 244 1
2442 244 1
2431 244 2
2431 244 1
1944 244 2
2288 244 1
2288 244 2
2051 244 2
2097 244 1
1991 244 2
1950 244 2
2173 244 2
2083 244 2
1625 244 2
2276 244 2
192 245 2
1540 615 2
1537 615 2
1537 615 2
1519 618 1
1855 619 2
2289 619 1
195 253 1
711 253 2
110 253 2
447 253 2
263 253 2
99 253 2
1945 255 2
2314 255 2
2174 255 1
2122 621 2
2062 621 2
2118 621 2
2699 259 1
2575 259 2
2707 259 2
2616 259 2
2979 259 2
2861 259 1
2795 259 1
3062 259 1
2847 259 2
2754 259 1
2753 259 1
2569 259 1
1949 626 1
2500 627 2
2556 627 2
2426 627 1
814 262 2
818 262 2
1860 266 1
2615 270 2
2442 270 1
2616 270 2
55 629 1
74 629 2
89 629 2
704 629 2
56 629 2
56 629 2
696 629 1
135 629 1
1243 630 2
1251 630 2
746 630 2
1193 630 2
1466 630 2
1150 630 2
656 630 2
1114 630 2
1114 630 2
783 630 2
1477 630 2
915 630 2
1026 630 2
1007 630 2
726 630 2
1371 630 2
816 630 2
1030 630 2
1120 630 2
1175 630 2
932 630 2
954 630 2
905 630 2
715 630 2
797 630 2
797 630 2
1100 630 2
1287 630 2
1287 630 2
877 630 2
1493 630 2
944 630 2
1245 630 2
1032 630 2
925 630 2
969 630 2
1547 631 1
1588 631 2
1891 631 2
1583 631 2
1172 271 1
595 632 2
2676 633 2
2861 633 1
2277 634 2
2409 634 2
2444 634 2
2229 634 2
2195 634 2
2591 634 2
2441 634 2
2114 634 1
2444 635 2
2152 635 2
2441 635 1
1547 637 2
1547 637 2
1616 637 2
1729 637 2
1498 637 2
1945 637 2
1647 637 2
1537 637 2
1891 637 2
1590 637 2
1246 637 2
1688 637 1
944 637 2
3178 638 2
1498 276 1
840 276 2
814 276 2
716 276 2
818 276 2
1069 276 2
2032 276 1
2119 276 1
1552 276 2
915 276 2
1537 276 2
2061 276 1
1007 276 1
816 276 2
2247 276 2
2118 276 2
3116 639 1
2384 279 1
2152 279 2
2964 641 2
2852 641 2
3116 641 2
3101 641 2
2792 641 2
2568 641 2
2868 641 2
2709 641 2
2934 641 2
2786 641 2
2647 641 2
3062 641 2
2871 641 2
2807 641 1
2618 641 2
2754 641 2
2753 641 2
2728 641 2
2723 641 2
2792 642 2
783 643 1
1945 643 2
1949 643 2
2062 643 1
1962 643 2
1653 643 2
1771 281 1
1616 282 1
1748 282 1
1175 282 1
1747 282 1
1884 282 1
1399 282 1
1841 282 1
1587 282 2
1477 282 2
1944 282 2
1860 282 1
1776 282 2
1371 282 1
2938 647 1
937 283 2
1172 283 2
1173 283 2
1251 283 2
746 283 2
905 283 2
1372 283 2
1150 283 2
1200 283 2
1200 283 2
1287 283 2
1265 283 2
1188 283 2
1040 283 2
944 283 2
1024 283 2
915 283 2
1098 283 2
1144 283 2
890 648 2
1032 651 2
860 651 2
1945 652 1
2676 288 1
2979 288 1
3062 288 1
2847 288 2
2929 288 1
3003 288 1
2618 288 1
2821 288 2
2753 288 1
2747 288 1
2738 288 1
2737 288 1
1540 653 1
1627 653 1
1498 653 1
1747 653 2
1891 653 1
1583 653 2
1819 653 1
877 653 2
1477 653 2
1729 653 1
1706 653 1
1782 653 2
1808 653 1
1688 653 1
2739 654 2
2744 654 2
2600 654 1
2277 289 2
2707 289 2
3176 289 2
2795 289 2
3008 289 2
2867 289 2
3102 289 2
2618 289 2
2754 289 2
2792 289 2
3110 289 2
2737 289 2
895 291 1
2556 658 2
1547 296 2
2276 660 1
2707 300 2
2852 300 1
2821 300 2
2738 300 1
574 301 2
656 301 1
2871 302 2
2744 302 2
1913 303 1
73 303 2
2500 303 2
1860 303 2
2173 303 2
337 303 2
1947 303 2
1891 303 2
1946 303 2
2426 303 2
696 303 1
336 303 1
1243 665 1
1520 666 2
1397 666 1
2964 667 1
2575 667 2
2288 667 2
2061 667 2
2061 667 2
2754 667 1
2287 667 2
2426 667 1
2744 667 2
2600 667 1
2651 669 2
1097 669 1
2012 311 1
1730 311 2
303 311 2
2500 312 2
2786 312 1
2229 312 2
2195 312 2
2744 312 2
2723 312 2
2284 312 2
2957 312 2
1688 312 2
2964 672 1
1627 672 2
3114 672 1
2795 672 1
448 672 2
877 672 2
2738 672 2
2709 672 2
1944 672 2
3200 672 2
3199 672 2
2847 672 1
553 672 1
2618 672 1
2821 672 2
2753 672 1
2723 672 1
1688 672 1
2852 674 2
2647 674 2
3006 674 1
2747 674 2
2569 674 2
2737 674 2
2934 675 1
2716 675 2
2716 675 2
1913 313 2
611 313 1
1540 313 2
1627 313 1
746 313 2
570 313 2
840 313 2
905 313 2
303 313 2
642 313 1
2122 313 2
860 313 1
818 313 2
1049 313 1
1114 313 2
944 313 1
1477 313 1
2288 313 2
2195 313 2
65 313 1
1371 313 2
1562 313 2
2326 314 2
195 679 2
362 679 2
823 315 2
818 315 2
1049 315 2
1884 681 2
1007 681 2
1287 681 2
1356 683 2
1150 683 2
1114 683 2
2380 684 2
2709 686 2
3263 686 1
2122 686 2
2651 686 2
2275 686 1
1506 686 2
1653 686 2
3131 321 1
2118 322 2
574 325 2
1173 325 1
331 325 1
2707 326 2
3181 326 2
3218 326 2
2929 326 1
3098 326 1
2709 326 2
3112 326 1
3200 326 2
3062 326 1
2847 326 2
2847 326 2
2938 326 1
2753 326 1
2728 326 1
2500 326 2
2979 326 2
3144 326 2
3008 326 2
3186 326 2
3211 326 2
3178 326 2
2568 326 2
2737 326 2
2699 326 2
2836 326 2
2836 326 2
3171 326 2
2861 326 1
2861 326 1
2556 326 2
3127 326 2
2618 326 2
2851 326 1
2821 326 2
2821 326 2
1931 689 2
2062 689 2
746 327 2
1774 327 2
1599 327 1
2032 330 1
520 692 2
2938 692 2
2651 692 2
2568 693 2
2012 331 1
1602 335 2
3144 700 2
2618 700 2
1506 701 2
599 339 2
1477 340 1
1616 340 1
1748 340 2
1698 340 2
2384 340 2
2380 340 2
2289 340 2
1688 340 2
1024 708 2
68 708 2
272 708 2
840 708 1
110 708 2
905 708 2
430 708 2
72 708 2
56 708 2
602 708 2
3245 342 2
3181 342 2
3264 342 1
3211 342 2
3178 342 2
3196 342 2
3203 342 1
3112 342 1
3176 342 2
2847 342 2
3127 342 2
2754 342 1
2753 342 1
2723 342 2
2122 710 2
1965 710 2
1285 711 2
1477 348 2
191 713 2
476 713 2
499 713 1
2934 714 1
2676 714 2
2979 714 1
3199 714 2
2795 714 1
3008 714 2
3131 714 2
2851 714 1
1547 350 1
1627 350 1
1730 350 2
1771 350 2
1965 350 2
1156 350 2
1265 350 1
1819 350 2
1752 350 1
1587 350 2
2119 350 1
1698 350 2
1729 350 2
2014 350 2
1991 350 2
1599 352 1
954 354 2
937 718 1
2061 718 2
1939 718 1
2747 718 1
195 356 2
599 356 1
263 356 1
234 356 1
184 356 2
393 356 1
192 356 2
201 356 1
191 356 1
476 356 1
457 356 2
499 356 1
362 356 1
474 356 2
595 356 2
240 356 1
1627 357 2
1841 357 2
1752 357 2