1454 1
1453 1
1452 2
1451 2
1450 1
1449 1
1448 1
1457 1
1456 2
1455 2
1470 1
1466 2
1 2
1465 1
1112 2
1464 2
1463 2
2223 2
1462 1
2610 2
1461 1
2721 2
2832 2
1460 2
1459 1
2943 2
3054 2
3165 2
1468 2
1467 1
1482 1
4 2
1481 2
1478 2
1477 2
1476 2
1475 2
1474 2
1473 2
1472 2
1471 1
1479 1
16 2
1494 1
1493 1
15 1
1492 1
12 2
1490 2
11 2
1489 2
10 1
1488 2
9 1
1487 2
1486 2
8 1
7 1
1485 2
6 1
1484 2
1483 2
5 1
13 1
28 1
1506 2
27 1
1505 2
1504 2
26 2
1503 2
24 1
23 1
1501 1
22 1
1500 1
1499 2
21 2
20 1
1498 2
1497 1
19 1
18 1
1496 1
17 2
1495 1
40 1
1518 1
39 1
1517 2
1516 2
38 1
37 1
1515 1
1514 2
35 1
1512 2
34 2
33 1
1511 1
32 1
1510 2
1509 2
31 1
30 1
1508 2
29 1
1507 2
1530 1
52 1
1529 2
51 1
1528 2
50 1
1527 1
49 1
48 1
1526 1
1525 1
46 1
1523 1
45 2
44 2
1522 1
43 1
1521 1
1520 1
42 1
41 2
1519 1
1542 1
64 1
63 2
1541 1
62 1
1540 1
61 1
1539 1
60 1
1538 1
59 1
1537 1
1536 2
57 1
56 1
1534 2
1533 2
55 2
54 1
1532 1
53 1
1531 1
1554 2
76 2
1553 2
75 1
74 1
1552 2
1551 2
73 1
1550 2
72 1
1549 2
71 1
1548 2
70 2
1547 2
68 2
1545 2
67 1
1544 2
66 1
1543 1
65 1
88 1
87 2
86 1
85 2
84 1
83 2
82 1
81 1
79 1
78 1
1556 1
77 1
1555 1
92 1
100 1
99 1
98 1
97 1
96 1
95 1
94 2
93 1
90 1
89 1
104 1
103 2
112 1
111 1
110 1
109 1
108 1
107 2
106 2
105 2
101 2
1114 2
1125 2
1136 2
1147 2
1158 2
1169 2
1180 2
1191 2
1202 2
1213 2
1225 2
1236 2
1247 2
1258 2
1269 2
1280 2
1291 2
1302 2
1313 2
1324 2
1336 2
1347 2
1358 2
1369 2
1380 2
1391 2
1402 2
1413 2
1424 2
1435 2
1447 2
1458 2
1469 2
1480 2
1491 2
1502 2
1513 2
1524 2
1535 2
1546 2
1012 1
1011 2
1558 2
1569 2
1580 2
1591 2
1602 2
1613 2
1624 2
1635 2
1646 2
1657 2
1010 2
1009 2
1008 1
1007 2
1006 1
1005 1
1004 2
1003 2
1023 1
1669 2
1680 2
1691 2
1014 2
1702 2
1713 2
1724 2
1735 2
1746 2
1757 2
1768 2
1022 1
1021 1
1020 1
1019 1
1018 2
1017 2
1016 2
1015 2
1780 2
1791 2
1802 2
1813 2
1026 1
1824 2
1835 2
1025 2
1846 2
1857 2
1868 2
1879 2
1034 1
1033 1
1032 1
1031 1
1030 1
1029 1
1028 2
1027 1
1891 2
1902 2
1913 1
1924 2
1935 2
1946 1
1038 1
1957 2
1037 2
1036 1
1968 1
1979 2
1990 2
1045 1
1044 2
1043 1
1042 1
1041 1
1040 2
1039 1
2002 1
2013 2
2024 1
2035 2
2046 2
2057 1
1050 2
2068 1
2079 2
1049 2
2090 2
1048 2
2101 2
1047 1
1056 2
1055 2
1054 2
1053 2
1052 2
1051 2
2113 2
2124 2
2135 2
2146 2
2157 2
2168 2
2179 2
2190 2
1062 1
2201 2
1061 2
1060 1
2212 2
1059 2
1058 2
1067 2
1066 2
1065 2
1064 2
1063 1
1074 2
1073 2
1072 1
1071 1
1070 1
1069 2
1078 1
1077 2
1076 1
1075 1
1086 2
1085 2
1084 1
1083 1
1082 1
1081 1
1080 2
1089 2
1088 2
1087 1
1102 2
1098 1
1097 1
1096 1
1095 1
1094 1
1093 1
1092 1
1091 1
1100 1
1099 2
1110 2
1109 2
1108 2
1107 1
1106 2
1105 1
1104 1
1103 1
1111 2
1564 1
1563 1
1562 1
1561 1
1560 1
1559 2
1568 2
1567 1
1566 2
1565 1
1576 2
1575 2
1574 2
1573 2
1572 2
1571 2
1570 2
1579 2
1578 1
1577 1
1592 1
1588 1
1587 1
1586 2
1585 1
1584 1
1583 1
1582 2
1581 1
1590 1
1589 1
1604 1
126 1
1603 2
1600 1
122 1
121 1
1599 1
1598 1
120 1
1597 2
119 1
118 1
1596 1
1595 1
117 1
116 1
1594 1
115 1
1593 1
124 2
123 1
1601 2
1616 2
138 2
137 2
1615 2
1614 2
134 1
1612 2
1611 2
133 2
1610 2
132 1
1609 1
131 2
130 2
1608 1
129 2
1607 1
128 2
1606 1
1605 1
127 2
135 1
1628 1
150 2
1627 2
149 2
1626 1
148 2
1625 1
146 1
145 2
1623 2
1622 1
144 1
1621 1
143 2
142 1
1620 1
141 2
1619 2
140 1
1618 2
139 1
1617 2
1640 1
162 2
1639 1
161 1
1638 1
160 1
1637 1
159 2
1636 2
157 2
1634 1
156 1
1633 2
155 1
1632 1
154 2
153 1
1631 2
152 2
1630 2
1629 1
151 2
174 2
1652 2
1651 2
173 2
1650 2
172 1
171 1
1649 1
1648 1
170 2
1647 2
168 1
1645 2
167 1
1644 1
166 2
165 1
1643 1
164 1
1642 1
163 1
1641 1
186 2
1664 1
185 2
1663 1
184 2
1662 2
183 1
1661 1
182 1
1660 2
181 1
1659 2
1658 1
179 1
178 1
1656 1
177 1
1655 1
176 1
1654 2
175 1
1653 1
198 1
197 1
196 1
195 1
194 1
193 2
192 1
190 1
1667 1
189 1
1666 2
188 1
187 1
1665 2
210 1
209 2
208 1
207 1
206 1
205 2
204 2
203 2
201 2
200 2
199 2
214 2
222 1
221 2
220 2
219 1
218 1
217 1
216 2
215 1
212 2
211 2
223 2
2225 2
2236 2
2247 2
2258 2
2269 2
2280 2
2291 2
2302 2
2313 2
2324 2
2336 2
2347 2
2358 2
2369 2
2380 2
2391 2
2402 2
2413 2
2424 2
2435 2
2447 2
2458 2
2469 2
2480 2
2491 2
2502 2
2513 2
2524 2
2531 2
2532 2
2534 2
2535 2
2536 1
2537 2
2538 1
2539 1
2540 1
2541 1
2542 1
2543 1
2545 1
2546 1
2547 2
2548 2
2549 1
2550 2
2551 2
2552 2
2553 2
2554 2
2556 2
2557 2
2558 2
2559 2
2560 2
2561 2
2562 2
2563 2
2564 2
2565 2
2 2
113 2
224 2
335 2
446 2
557 2
668 2
779 2
890 2
1001 2
2567 2
2568 2
2569 2
2570 2
2571 2
2572 2
2573 2
2574 2
2575 2
2576 2
1113 2
1224 2
1335 2
1446 2
1557 2
1668 2
1779 2
1890 2
2001 2
2112 2
2578 2
2579 2
2580 2
2581 2
2582 2
2583 2
2584 2
2585 2
2586 2
2587 2
2224 2
2335 1
2446 2
2533 1
2544 1
2555 2
2566 2
2577 2
2588 1
2599 2
2589 2
2590 2
2591 2
2592 2
2593 2
2594 2
2595 2
2596 2
2597 2
2598 2
2611 2
2622 2
2633 2
2644 1
2655 1
2666 1
2677 1
2688 2
2699 2
2710 2
2600 2
2601 2
2602 2
2603 2
2604 2
2605 2
2606 2
2607 2
2608 2
2609 2
2722 2
2733 2
2744 2
2755 2
2766 2
2777 2
2788 2
2799 2
2810 2
2821 2
2833 2
2844 2
2855 2
2866 2
2877 1
2888 1
2899 2
2910 2
2921 1
2932 1
2944 2
2955 1
2966 2
2977 2
2988 2
2999 2
3010 1
3021 2
3032 1
3043 1
3055 1
3066 2
3077 2
3088 1
3099 1
3110 1
3121 2
3132 1
3143 2
3154 2
3166 1
3177 2
3188 2
3199 2
3210 2
3221 2
3232 2
3243 2
3254 2
3265 2
1674 2
1673 1
1672 2
1671 1
1670 2
1679 1
1678 2
1677 1
1676 2
1675 1
1686 2
1685 1
1684 2
1683 1
1682 1
1681 1
1690 1
1689 2
1688 2
1687 2
1698 2
1697 2
1696 2
1695 1
1694 1
1693 2
1692 1
1701 2
1700 2
1699 2
1714 1
232 2
1710 1
1709 2
231 2
230 1
1708 1
1707 1
229 1
1706 2
228 1
227 2
1705 1
1704 1
226 2
1703 2
235 2
1712 2
234 1
233 2
1711 1
248 2
1726 2
1725 2
244 1
1722 2
1721 1
243 1
242 1
1720 2
241 2
1719 1
240 1
1718 1
239 2
1717 1
1716 1
238 2
1715 1
237 2
246 1
1723 2
245 2
1738 1
260 1
259 1
1737 2
1736 2
256 1
1734 1
255 1
1733 2
254 1
1732 2
1731 2
253 2
252 2
1730 2
251 2
1729 2
1728 2
250 1
1727 2
249 1
257 2
272 2
1750 2
1749 1
271 1
1748 2
270 1
1747 1
268 1
1745 1
267 1
266 1
1744 2
265 1
1743 1
1742 2
264 1
263 1
1741 1
262 1
1740 2
1739 2
261 1
1762 1
284 2
1761 2
283 2
1760 2
282 2
1759 2
281 2
1758 1
279 1
278 2
1756 2
277 2
1755 1
1754 2
276 2
1753 1
275 2
1752 2
274 2
273 1
1751 1
1774 1
296 1
295 1
1773 2
294 2
1772 1
1771 1
293 2
1770 1
292 2
1769 1
290 1
289 2
1767 1
288 2
1766 1
287 1
1765 1
1764 2
286 2
1763 1
285 2
308 1
307 1
306 1
305 1
304 1
303 2
301 2
300 1
1778 1
1777 2
299 2
1776 1
298 2
297 1
1775 1
320 1
319 2
318 1
317 1
316 2
315 2
314 1
312 1
311 1
310 1
309 1
332 1
331 1
330 1
329 2
328 2
327 1
326 2
325 1
323 1
322 1
321 1
2228 1
2227 1
2226 2
334 2
333 2
2240 1
2239 2
2238 2
2237 2
2235 2
2234 1
2233 2
2612 2
2232 1
2613 2
2231 1
2230 1
2614 2
2615 2
2229 1
2616 2
2617 2
2618 2
2619 2
2620 2
2621 2
2252 2
2251 2
2250 2
2249 1
2248 2
2246 2
2623 2
2245 1
2624 2
2244 1
2243 1
2625 2
2242 1
2626 2
2241 2
2627 2
2628 2
2629 2
2630 2
2631 2
2632 2
2264 1
2263 1
2262 2
2261 1
2260 2
2259 2
2634 2
2635 2
2257 2
2256 2
2636 2
2637 2
2255 2
2638 2
2254 2
2253 2
2639 1
2640 1
2641 1
2642 2
2643 2
2276 2
2275 1
2274 1
2273 1
2272 1
2271 2
2270 1
2645 2
2646 2
2647 2
2268 2
2648 1
2267 2
2649 2
2266 2
2650 2
2265 1
2651 2
2652 1
2653 2
2654 1
2288 2
2287 2
2286 2
2285 2
2284 1
2283 2
2282 2
2281 1
2656 1
2657 1
2658 2
2659 2
2660 1
2661 1
2279 1
2278 1
2662 2
2277 1
2663 2
2664 2
2665 1
2292 1
2300 2
2299 2
2298 1
2297 1
2296 1
2295 1
2294 1
2293 1
2667 1
2668 2
2669 2
2670 2
2671 2
2672 2
2673 2
2674 2
2290 1
2675 2
2289 1
2676 2
2304 1
2303 1
2312 2
2311 1
2310 2
2309 2
2308 2
2307 1
2306 1
2678 2
2679 2
2305 1
2680 2
2681 2
2682 2
2683 2
2684 2
2685 2
2686 2
2687 2
2301 1
2316 1
2315 2
2314 2
2323 1
2322 2
2321 1
2320 2
2689 2
2319 1
2690 2
2318 2
2691 2
2317 2
2692 2
2693 2
2694 2
2695 2
2696 2
2697 2
2698 2
2328 2
2327 1
2326 2
2325 2
2334 1
2333 1
2700 2
2332 2
2331 1
2701 2
2702 2
2330 2
2329 1
2703 2
2704 2
2705 2
2706 2
2707 2
2708 2
2709 2
2711 2
2712 2
2713 2
2714 2
2715 2
2716 2
2717 2
2718 2
2719 2
2720 2
1784 2
1783 2
1782 2
1781 1
1790 2
1789 1
1788 1
1787 2
1786 2
1785 2
1796 1
1795 1
1794 1
1793 1
1792 1
1801 1
1800 1
1799 1
1798 1
1797 2
1808 2
1807 2
1806 1
1805 1
1804 1
1803 1
1812 1
1811 2
1810 1
1809 1
342 2
1820 1
1819 1
341 2
340 2
1818 2
339 2
1817 1
338 2
1816 2
1815 1
337 2
1814 1
346 1
345 1
1823 2
1822 1
344 1
343 1
1821 1
1836 2
354 1
1832 2
353 1
1831 2
352 1
1830 2
1829 1
351 1
1828 2
350 1
349 1
1827 1
348 1
1826 2
1825 2
357 1
1834 1
356 1
355 2
1833 1
370 1
1848 1
1847 2
1844 2
366 1
1843 1
365 1
1842 1
364 1
1841 1
363 1
362 2
1840 1
1839 1
361 1
360 1
1838 1
1837 2
359 2
368 1
1845 1
367 2
1860 2
382 2
1859 2
381 2
1858 1
378 2
1856 2
377 2
1855 1
1854 1
376 1
375 1
1853 2
374 1
1852 1
373 1
1851 2
372 1
1850 1
1849 1
371 1
379 2
1872 1
394 1
393 1
1871 1
1870 1
392 1
1869 1
390 1
389 1
1867 1
388 1
1866 1
387 2
1865 1
1864 1
386 1
385 2
1863 1
384 2
1862 2
1861 2
383 2
1884 1
406 1
405 1
1883 2
404 1
1882 1
403 2
1881 1
1880 1
401 1
1878 1
400 2
1877 1
399 2
1876 1
398 2
397 1
1875 1
396 2
1874 1
1873 1
395 1
418 1
417 1
416 1
415 2
414 2
412 1
411 1
1889 1
1888 1
410 1
409 1
1887 1
408 1
1886 1
1885 1
407 2
430 2
429 1
428 2
427 1
426 2
425 2
423 1
422 1
421 2
420 1
419 1
442 2
441 2
440 1
439 1
438 2
437 2
436 1
434 2
433 1
432 1
431 1
2338 1
2337 1
445 2
444 1
443 1
2350 1
2349 1
2348 1
2346 1
2345 1
2344 1
2343 1
2342 1
2341 2
2723 2
2724 2
2340 2
2725 2
2339 1
2726 1
2727 2
2728 2
2729 1
2730 1
2731 1
2732 2
2362 1
2361 2
2360 2
2359 2
2357 1
2356 1
2355 1
2354 1
2734 1
2353 2
2735 2
2736 2
2352 1
2737 2
2351 1
2738 1
2739 2
2740 1
2741 2
2742 2
2743 2
2374 2
2373 2
2372 2
2371 1
2370 1
2368 1
2745 2
2367 1
2746 2
2366 1
2365 1
2747 2
2748 2
2364 2
2363 1
2749 2
2750 2
2751 2
2752 1
2753 2
2754 2
2386 1
2385 2
2384 1
2383 2
2382 2
2381 2
2756 2
2757 2
2379 1
2378 1
2758 2
2377 1
2759 2
2376 1
2760 2
2761 2
2375 1
2762 2
2763 2
2764 2
2765 2
2398 1
2397 1
2396 1
2395 2
2394 2
2393 2
2392 1
2767 2
2768 2
2769 2
2770 2
2390 1
2771 2
2389 1
2772 2
2388 1
2387 2
2773 2
2774 2
2775 2
2776 2
2410 2
2409 2
2408 1
2407 2
2406 1
2405 1
2404 1
2403 1
2778 1
2779 1
2780 1
2781 1
2782 2
2783 1
2401 1
2784 2
2400 2
2399 2
2785 2
2786 2
2787 2
2414 1
2422 2
2421 2
2420 2
2419 1
2418 1
2417 2
2416 1
2415 1
2789 2
2790 2
2791 2
2792 1
2793 2
2794 2
2795 2
2796 2
2412 1
2797 2
2411 1
2798 2
2426 1
2425 1
2434 1
2433 1
2432 1
2431 2
2430 1
2429 1
2428 2
2800 2
2801 2
2427 2
2802 2
2803 2
2804 2
2805 2
2806 2
2807 2
2808 2
2423 1
2809 2
2438 1
2437 1
2436 2
2445 1
2444 2
2443 2
2442 2
2811 2
2441 2
2440 2
2812 2
2439 1
2813 2
2814 2
2815 2
2816 2
2817 2
2818 2
2819 2
2820 2
2822 2
2823 2
2824 2
2825 2
2826 2
2827 2
2828 2
2829 2
2830 2
2831 2
1894 1
1893 1
1892 1
1901 2
1900 1
1899 1
1898 1
1897 1
1896 1
1895 1
1906 2
1905 1
1904 1
1903 1
1912 2
1911 2
1910 1
1909 1
1908 1
1907 1
1918 2
1917 2
1916 1
1915 2
1914 2
1923 1
1922 1
1921 1
1920 2
1919 2
452 1
1930 1
451 1
1929 2
450 1
1928 1
1927 1
449 2